Address 02 30 01 40 42 44 46 48 10 11 12 20 21 22 Time
B0 0000 0000 0316 0000 0740 0700 0700 0700 221.00 0.000 6.000 0.000 0.000 0.000 20170414130624
B0 0000 0000 0316 0000 0740 0700 0700 0700 221.00 0.000 6.000 0.000 0.000 0.000 20170414130628
B0 0000 0000 0306 0000 0740 0700 0700 0700 221.00 0.000 6.000 0.000 0.000 0.000 20170414130628
B0 0000 0000 0306 0000 0740 0700 0700 0700 221.00 0.000 6.000 0.000 0.000 0.000 20170414130629
B0 0000 0000 0306 0000 0740 0700 0700 0700 221.00 0.000 6.000 0.000 0.000 0.000 20170414130629
B0 0000 0000 0306 0000 0740 0700 0700 0700 221.00 0.000 6.000 0.000 0.000 0.000 20170414130632
B0 0000 0000 0316 0000 0740 0700 0700 0700 221.00 0.000 6.000 0.000 0.000 0.000 20170414130633
B0 0000 0000 0316 0000 0740 0700 0700 0700 221.00 0.000 6.000 0.000 0.000 0.000 20170414130636
B0 0000 0000 0306 0000 0740 0700 0700 0700 221.00 0.000 6.000 0.000 0.000 0.000 20170414130636
B0 0000 0000 0306 0000 0740 0700 0700 0700 221.00 0.000 6.000 0.000 0.000 0.000 20170414130637
B0 0000 0000 0306 0000 0740 0700 0700 0700 221.00 0.000 