Address 02 30 01 40 42 44 46 48 10 11 12 20 21 22 Time
B0 0000 0000 0316 0000 06C0 06C0 06C0 0700 222.00 0.000 6.000 0.000 0.000 0.000 20170415113941
B0 0000 0000 0316 0000 06C0 06C0 06C0 0700 222.00 0.000 6.000 0.000 0.000 0.000 20170415113941
B0 0000 0000 0316 0000 06C0 06C0 06C0 0700 222.00 0.000 6.000 0.000 0.000 0.000 20170415113941
B0 0000 0000 0316 0000 06C0 06C0 06C0 0700 222.00 0.000 6.000 0.000 0.000 0.000 20170415113941
B0 0000 0000 0316 0000 06C0 06C0 06C0 0700 222.00 0.000 6.000 0.000 0.000 0.000 20170415113941
B0 0000 0000 0316 0000 06C0 06C0 06C0 0700 222.00 0.000 6.000 0.000 0.000 0.000 20170415113942
B0 0000 0000 0316 0000 06C0 06C0 06C0 0700 222.00 0.000 6.000 0.000 0.000 0.000 20170415113942
B0 0000 0000 0316 0000 06C0 06C0 06C0 0700 222.00 0.000 6.000 0.000 0.000 0.000 20170415113942
B0 0000 0000 0316 0000 06C0 06C0 06C0 0700 222.00 0.000 6.000 0.000 0.000 0.000 20170415113942
B0 0000 0000 0316 0000 06C0 06C0 06C0 0700 222.00 0.000 6.000 0.000 0.000 0.000 20170415113942
B0 0000 0000 0316 0000 06C0 06C0 06C0 0700 222.00 0.000 6.000 0.000 0.000 0.000 20170415113942
B0 0000 0000 0316 0000 06C0 06C0 06C0 0700 222.00 0.000 6.000 0.000 0.000 0.000 20170415113943
B0 0000 0000 0316 0000 06C0 06C0 06C0 0700 222.00 0.000 6.000 0.000 0.000 0.000 20170415113943
B0 0000 0000 0316 0000 06C0 06C0 06C0 0700 222.00 0.000 6.000 0.000 0.000 0.000 20170415113943
B0 0000 0000 0316 0000 06C0 06C0 06C0 0700 222.00 0.000 6.000 0.000 0.000 0.000 20170415113943
B0 0000 0000 0316 0000 06C0 06C0 06C0 0700 222.00 0.000 6.000 0.000 0.000 0.000 20170415113943
B0 0000 0000 0316 0000 06C0 06C0 06C0 0700 222.00 0.000 6.000 0.000 0.000 0.000 20170415113943
B0 0000 0000 0316 0000 06C0 06C0 06C0 0700 222.00 0.000 6.000 0.000 0.000 0.000 20170415113943
B0 0000 0000 0316 0000 06C0 06C0 06C0 0700 222.00 0.000 6.000 0.000 0.000 0.000 20170415113944
B0 0000 0000 0316 0000 06C0 06C0 06C0 0700 222.00 0.000 6.000 0.000 0.000 0.000 20170415113944
B0 0000 0000 0316 0000 06C0 06C0 06C0 0700 222.00 0.000 6.000 0.000 0.000 0.000 20170415113944
B0 0000 0000 0316 0000 06C0 06C0 06C0 0700 222.00 0.000 6.000 0.000 0.000 0.000 20170415113944
B0 0000 0000 0316 0000 06C0 06C0 06C0 0700 222.00 0.000 6.000 0.000 0.000 0.000 20170415113944
B0 0000 0000 0316 0000 06C0 06C0 06C0 0700 222.00 0.000 6.000 0.000 0.000 0.000 20170415113944
B0 0000 0000 0316 0000 06C0 06C0 06C0 0700 222.00 0.000 6.000 0.000 0.000 0.000 20170415113944
B0 0000 0000 0316 0000 06C0 06C0 06C0 0700 222.00 0.000 6.000 0.000 0.000 0.000 20170415113945
B0 0000 0000 0316 0000 06C0 06C0 06C0 0700 222.00 0.000 6.000 0.000 0.000 0.000 20170415113945
B0 0000 0000 0316 0000 06C0 06C0 06C0 0700 222.00 0.000 6.000 0.000 0.000 0.000 20170415113945
B0 0000 0000 0316 0000 06C0 06C0 06C0 0700 222.00 0.000 6.000 0.000 0.000 0.000 20170415113945
B0 0000 0000 0316 0000 06C0 06C0 06C0 0700 222.00 0.000 6.000 0.000 0.000 0.000 20170415113945
B0 0000 0000 0316 0000 06C0 06C0 06C0 0700 222.00 0.000 6.000 0.000 0.000 0.000 20170415113945
B0 0000 0000 0316 0000 06C0 06C0 06C0 0700 222.00 0.000 6.000 0.000 0.000 0.000 20170415113945
B0 0000 0000 0316 0000 06C0 06C0 06C0 0700 222.00 0.000 6.000 0.000 0.000 0.000 20170415113946
B0 0000 0000 0316 0000 06C0 06C0 06C0 0700 222.00 0.000 6.000 0.000 0.000 0.000 20170415113946
B0 0000 0000 0316 0000 06C0 06C0 06C0 0700 222.00 0.000 6.000 0.000 0.000 0.000 20170415113946
B0 0000 0000 0316 0000 06C0 06C0 06C0 0700 222.00 0.000 6.000 0.000 0.000 0.000 20170415113946
B0 0000 0000 0316 0000 06C0 06C0 06C0 0700 222.00 0.000 6.000 0.000 0.000 0.000 20170415113946
B0 0000 0000 0316 0000 06C0 06C0 06C0 0700 222.00 0.000 6.000 0.000 0.000 0.000 20170415113946
B0 0000 0000 0316 0000 06C0 06C0 06C0 0700 222.00 0.000 6.000 0.000 0.000 0.000 20170415113947
B0 0000 0000 0316 0000 06C0 06C0 06C0 0700 222.00 0.000 6.000 0.000 0.000 0.000 20170415113947
B0 0000 0000 0316 0000 06C0 06C0 06C0 0700 222.00 0.000 6.000 0.000 0.000 0.000 20170415113947
B0 0000 0000 0316 0000 06C0 06C0 06C0 0700 222.00 0.000 6.000 0.000 0.000 0.000 20170415113947
B0 0000 0000 0316 0000 06C0 06C0 06C0 0700 222.00 0.000 6.000 0.000 0.000 0.000 20170415113947
B0 0000 0000 0316 0000 06C0 06C0 06C0 0700 222.00 0.000 6.000 0.000 0.000 0.000 20170415113947
B0 0000 0000 0316 0000 06C0 06C0 06C0 0700 222.00 0.000 6.000 0.000 0.000 0.000 20170415113947
B0 0000 0000 0316 0000 06C0 06C0 06C0 0700 222.00 0.000 6.000 0.000 0.000 0.000 20170415113948
B0 0000 0000 0316 0000 06C0 06C0 06C0 0700 222.00 0.000 6.000 0.000 0.000 0.000 20170415113948
B0 0000 0000 0316 0000 06C0 06C0 06C0 0700 222.00 0.000 6.000 0.000 0.000 0.000 20170415113948
B0 0000 0000 0316 0000 06C0 06C0 06C0 0700 222.00 0.000 6.000 0.000 0.000 0.000 20170415113948
B0 0000 0000 0316 0000 06C0 06C0 06C0 0700 222.00 0.000 6.000 0.000 0.000 0.000 20170415113948
B0 0000 0000 0316 0000 06C0 06C0 06C0 0700 222.00 0.000 6.000 0.000 0.000 0.000 20170415113948
B0 0000 0000 0316 0000 06C0 06C0 06C0 0700 222.00 0.000 6.000 0.000 0.000 0.000 20170415113948
B0 0000 0000 0316 0000 06C0 06C0 06C0 0700 222.00 0.000 6.000 0.000 0.000 0.000 20170415113949
B0 000B 0000 0014 0000 06C0 06C0 06C0 0700 314.00 0.000 6.000 0.000 0.000 0.000 20170415113949
B0 000B 0000 0010 0000 06C0 06C0 06C0 0700 259.00 0.000 6.000 0.000 0.000 0.000 20170415113949
B0 000B 0000 0010 0000 06C0 06C0 06C0 0700 0.00 0.000 0.000 0.000 0.000 0.000 20170415113949
B0 000B 0000 0010 0000 06C0 06C0 06C0 0700 0.00 0.000 0.000 0.000 0.000 0.000 20170415113949
B0 000B 0000 0010 0000 06C0 06C0 06C0 0700 0.00 0.000 0.000 0.000 0.000 0.000 20170415113949
B0 000B 0000 0010 0000 06C0 06C0 06C0 0700 0.00 0.000 0.000 0.000 0.000 0.000 20170415113949
B0 000B 0000 0010 0000 06C0 06C0 06C0 0700 0.00 0.000 0.000 0.000 0.000 0.000 20170415113950
B0 000B 0000 0010 0000 06C0 06C0 06C0 0700 0.00 0.000 0.000 0.000 0.000 0.000 20170415113950
B0 000B 0000 0010 0000 06C0 06C0 06C0 0700 0.00 0.000 0.000 0.000 0.000 0.000 20170415113950
B0 000B 0000 0010 0000 06C0 06C0 06C0 0700 0.00 0.000 0.000 0.000 0.000 0.000 20170415113950
B0 000B 0000 0010 0000 06C0 06C0 06C0 0700 0.00 0.000 0.000 0.000 0.000 0.000 20170415113950
B0 000B 0000 0010 0000 06C0 06C0 06C0 0700 0.00 0.000 0.000 0.000 0.000 0.000 20170415113950
B0 000B 0000 0010 0000 06C0 06C0 06C0 0700 0.00 0.000 0.000 0.000 0.000 0.000 20170415113951
B0 000B 0000 0010 0000 06C0 06C0 06C0 0700 0.00 0.000 0.000 0.000 0.000 0.000 20170415113951
B0 000B 0000 0010 0000 06C0 06C0 06C0 0700 0.00 0.000 0.000 0.000 0.000 0.000 20170415113951
B0 000B 0000 0010 0000 06C0 06C0 06C0 0700 0.00 0.000 0.000 0.000 0.000 0.000 20170415113951
B0 000B 0000 0010 0000 06C0 06C0 06C0 0700 0.00 0.000 0.000 0.000 0.000 0.000 20170415113951
B0 000B 0000 0010 0000 06C0 06C0 06C0 0700 0.00 0.000 0.000 0.000 0.000 0.000 20170415113951
B0 000B 0000 0010 0000 06C0 06C0 06C0 0700 0.00 0.000 0.000 0.000 0.000 0.000 20170415113951
B0 000B 0000 0010 0000 06C0 06C0 06C0 0700 0.00 0.000 0.000 0.000 0.000 0.000 20170415113952
B0 000B 0000 0010 0000 06C0 06C0 06C0 0700 0.00 0.000 0.000 0.000 0.000 0.000 20170415113952
B0 000B 0000 0010 0000 06C0 06C0 06C0 0700 0.00 0.000 0.000 0.000 0.000 0.000 20170415113952
B0 000B 0000 0010 0000 06C0 06C0 06C0 0700 0.00 0.000 0.000 0.000 0.000 0.000 20170415113952
B0 000B 0000 0010 0000 06C0 06C0 06C0 0700 0.00 0.000 0.000 0.000 0.000 0.000 20170415113952
B0 000B 0000 0010 0000 06C0 06C0 06C0 0700 0.00 0.000 0.000 0.000 0.000 0.000 20170415113952
B0 000B 0000 0010 0000 06C0 06C0 06C0 0700 0.00 0.000 0.000 0.000 0.000 0.000 20170415113952
B0 000B 0000 0010 0000 06C0 06C0 06C0 0700 0.00 0.000 0.000 0.000 0.000 0.000 20170415113953
B0 000B 0000 0010 0000 06C0 06C0 06C0 0700 0.00 0.000 0.000 0.000 0.000 0.000 20170415113953
B0 000B 0000 0010 0000 06C0 06C0 06C0 0700 0.00 0.000 0.000 0.000 0.000 0.000 20170415113953
B0 000B 0000 0010 0000 06C0 06C0 06C0 0700 0.00 0.000 0.000 0.000 0.000 0.000 20170415113953
B0 000B 0000 0010 0000 06C0 06C0 06C0 0700 0.00 0.000 0.000 0.000 0.000 0.000 20170415113953
B0 000B 0000 0010 0000 06C0 06C0 06C0 0700 0.00 0.000 0.000 0.000 0.000 0.000 20170415113953
B0 000B 0000 0010 0000 06C0 06C0 06C0 0700 0.00 0.000 0.000 0.000 0.000 0.000 20170415113953
B0 000B 0000 0010 0000 06C0 06C0 06C0 0700 0.00 0.000 0.000 0.000 0.000 0.000 20170415113954
B0 000B 0000 0010 0000 06C0 06C0 06C0 0700 0.00 0.000 0.000 0.000 0.000 0.000 20170415113954
B0 000B 0000 0010 0000 06C0 06C0 06C0 0700 0.00 0.000 0.000 0.000 0.000 0.000 20170415113954
B0 000B 0000 0010 0000 06C0 06C0 06C0 0700 0.00 0.000 0.000 0.000 0.000 0.000 20170415113954
B0 000B 0000 0010 0000 06C0 06C0 06C0 0700 0.00 0.000 0.000 0.000 0.000 0.000 20170415113954
B0 000B 0000 0010 0000 06C0 06C0 06C0 0700 0.00 0.000 0.000 0.000 0.000 0.000 20170415113954
B0 000B 0000 0010 0000 06C0 06C0 06C0 0700 0.00 0.000 0.000 0.000 0.000 0.000 20170415113954
B0 000B 0000 0010 0000 06C0 06C0 06C0 0700 0.00 0.000 0.000 0.000 0.000 0.000 20170415113955
B0 000B 0000 0010 0000 06C0 06C0 06C0 0700 0.00 0.000 0.000 0.000 0.000 0.000 20170415113955
B0 000B 0000 0010 0000 06C0 06C0 06C0 0700 0.00 0.000 0.000 0.000 0.000 0.000 20170415113955
B0 000B 0000 0010 0000 06C0 06C0 06C0 0700 0.00 0.000 0.000 0.000 0.000 0.000 20170415113955
B0 000B 0000 0010 0000 06C0 06C0 06C0 0700 0.00 0.000 0.000 0.000 0.000 0.000 20170415113955
B0 000B 0000 0010 0000 06C0 06C0 06C0 0700 0.00 0.000 0.000 0.000 0.000 0.000 20170415113955
B0 000B 0000 0010 0000 06C0 06C0 06C0 0700 0.00 0.000 0.000 0.000 0.000 0.000 20170415113955
B0 000B 0000 0010 0000 06C0 06C0 06C0 0700 0.00 0.000 0.000 0.000 0.000 0.000 20170415113956
B0 000B 0000 0010 0000 06C0 06C0 06C0 0700 0.00 0.000 0.000 0.000 0.000 0.000 20170415113956
B0 000B 0000 0010 0000 06C0 06C0 06C0 0700 0.00 0.000 0.000 0.000 0.000 0.000 20170415113956
B0 000B 0000 0010 0000 06C0 06C0 06C0 0700 0.00 0.000 0.000 0.000 0.000 0.000 20170415113956
B0 000B 0000 0010 0000 06C0 06C0 06C0 0700 0.00 0.000 0.000 0.000 0.000 0.000 20170415113956
B0 000B 0000 0010 0000 06C0 06C0 06C0 0700 0.00 0.000 0.000 0.000 0.000 0.000 20170415113956
B0 000B 0000 0010 0000 06C0 06C0 06C0 0700 0.00 0.000 0.000 0.000 0.000 0.000 20170415113956
B0 000B 0000 0010 0000 06C0 06C0 06C0 0700 0.00 0.000 0.000 0.000 0.000 0.000 20170415113957
B0 000B 0000 0010 0000 06C0 06C0 06C0 0700 0.00 0.000 0.000 0.000 0.000 0.000 20170415113957
B0 000B 0000 0010 0000 06C0 06C0 06C0 0700 0.00 0.000 0.000 0.000 0.000 0.000 20170415113957
B0 000B 0000 0010 0000 06C0 06C0 06C0 0700 0.00 0.000 0.000 0.000 0.000 0.000 20170415113957
B0 000B 0000 0010 0000 06C0 06C0 06C0 0700 0.00 0.000 0.000 0.000 0.000 0.000 20170415113957
B0 000B 0000 0010 0000 06C0 06C0 06C0 0700 0.00 0.000 0.000 0.000 0.000 0.000 20170415113957
B0 000B 0000 0010 0000 06C0 06C0 06C0 0700 0.00 0.000 0.000 0.000 0.000 0.000 20170415113957
B0 000B 0000 0010 0000 06C0 06C0 06C0 0700 0.00 0.000 0.000 0.000 0.000 0.000 20170415113958
B0 000B 0000 0010 0000 06C0 06C0 06C0 0700 0.00 0.000 0.000 0.000 0.000 0.000 20170415113958
B0 000B 0000 0010 0000 06C0 06C0 06C0 0700 0.00 0.000 0.000 0.000 0.000 0.000 20170415113958
B0 000B 0000 0010 0000 06C0 06C0 06C0 0700 0.00 0.000 0.000 0.000 0.000 0.000 20170415113958
B0 000B 0000 0010 0000 06C0 06C0 06C0 0700 0.00 0.000 0.000 0.000 0.000 0.000 20170415113958
B0 000B 0000 0010 0000 06C0 06C0 06C0 0700 0.00 0.000 0.000 0.000 0.000 0.000 20170415113958
B0 000B 0000 0010 0000 06C0 06C0 06C0 0700 0.00 0.000 0.000 0.000 0.000 0.000 20170415113958
B0 000B 0000 0010 0000 06C0 06C0 06C0 0700 0.00 0.000 0.000 0.000 0.000 0.000 20170415113959
B0 000B 0000 0010 0000 06C0 06C0 06C0 0700 0.00 0.000 0.000 0.000 0.000 0.000 20170415113959
B0 000B 0000 0010 0000 06C0 06C0 06C0 0700 0.00 0.000 0.000 0.000 0.000 0.000 20170415113959
B0 000B 0000 0010 0000 06C0 06C0 06C0 0700 0.00 0.000 0.000 0.000 0.000 0.000 20170415113959
B0 000B 0000 0010 0000 06C0 06C0 06C0 0700 0.00 0.000 0.000 0.000 0.000 0.000 20170415113959
B0 000B 0000 0010 0000 06C0 06C0 06C0 0700 0.00 0.000 0.000 0.000 0.000 0.000 20170415113959
B0 000B 0000 0010 0000 06C0 06C0 06C0 0700 0.00 0.000 0.000 0.000 0.000 0.000 20170415113959
B0 000B 0000 0010 0000 06C0 06C0 06C0 0700 0.00 0.000 0.000 0.000 0.000 0.000 20170415114000
B0 000B 0000 0010 0000 06C0 06C0 06C0 0700 0.00 0.000 0.000 0.000 0.000 0.000 20170415114000
B0 000B 0000 0010 0000 06C0 06C0 06C0 0700 0.00 0.000 0.000 0.000 0.000 0.000 20170415114000
B0 000B 0000 0010 0000 06C0 06C0 06C0 0700 0.00 0.000 0.000 0.000 0.000 0.000 20170415114000
B0 000B 0000 0010 0000 06C0 06C0 06C0 0700 0.00 0.000 0.000 0.000 0.000 0.000 20170415114000
B0 000B 0000 0010 0000 06C0 06C0 06C0 0700 0.00 0.000 0.000 0.000 0.000 0.000 20170415114000
B0 000B 0000 0010 0000 06C0 06C0 06C0 0700 0.00 0.000 0.000 0.000 0.000 0.000 20170415114001
B0 000B 0000 0010 0000 06C0 06C0 06C0 0700 0.00 0.000 0.000 0.000 0.000 0.000 20170415114001
B0 000B 0000 0010 0000 06C0 06C0 06C0 0700 0.00 0.000 0.000 0.000 0.000 0.000 20170415114001
B0 000B 0000 0010 0000 06C0 06C0 06C0 0700 0.00 0.000 0.000 0.000 0.000 0.000 20170415114001
B0 000B 0000 0010 0000 06C0 06C0 06C0 0700 0.00 0.000 0.000 0.000 0.000 0.000 20170415114001
B0 000B 0000 0010 0000 06C0 06C0 06C0 0700 0.00 0.000 0.000 0.000 0.000 0.000 20170415114001
B0 000B 0000 0010 0000 06C0 06C0 06C0 0700 0.00 0.000 0.000 0.000 0.000 0.000 20170415114001
B0 000B 0000 0010 0000 06C0 06C0 06C0 0700 0.00 0.000 0.000 0.000 0.000 0.000 20170415114002
B0 000B 0000 0010 0000 06C0 06C0 06C0 0700 0.00 0.000 0.000 0.000 0.000 0.000 20170415114002
B0 000B 0000 0010 0000 06C0 06C0 06C0 0700 0.00 0.000 0.000 0.000 0.000 0.000 20170415114002
B0 000B 0000 0010 0000 06C0 06C0 06C0 0700 0.00 0.000 0.000 0.000 0.000 0.000 20170415114002
B0 000B 0000 0010 0000 06C0 06C0 06C0 0700 0.00 0.000 0.000 0.000 0.000 0.000 20170415114002
B0 000B 0000 0010 0000 06C0 06C0 06C0 0700 0.00 0.000 0.000 0.000 0.000 0.000 20170415114002
B0 000B 0000 0010 0000 06C0 06C0 06C0 0700 0.00 0.000 0.000 0.000 0.000 0.000 20170415114002
B0 000B 0000 0010 0000 06C0 06C0 06C0 0700 0.00 0.000 0.000 0.000 0.000 0.000 20170415114003
B0 000B 0000 0010 0000 06C0 06C0 06C0 0700 0.00 0.000 0.000 0.000 0.000 0.000 20170415114003
B0 000B 0000 0010 0000 06C0 06C0 06C0 0700 0.00 0.000 0.000 0.000 0.000 0.000 20170415114003
B0 000B 0000 0010 0000 06C0 06C0 06C0 0700 0.00 0.000 0.000 0.000 0.000 0.000 20170415114003
B0 000B 0000 0010 0000 06C0 06C0 06C0 0700 0.00 0.000 0.000 0.000 0.000 0.000 20170415114003
B0 000B 0000 0010 0000 06C0 06C0 06C0 0700 0.00 0.000 0.000 0.000 0.000 0.000 20170415114003
B0 000B 0000 0010 0000 06C0 06C0 06C0 0700 0.00 0.000 0.000 0.000 0.000 0.000 20170415114003
B0 000B 0000 0010 0000 06C0 06C0 06C0 0700 0.00 0.000 0.000 0.000 0.000 0.000 20170415114004
B0 000B 0000 0010 0000 06C0 06C0 06C0 0700 0.00 0.000 0.000 0.000 0.000 0.000 20170415114004
B0 000B 0000 0010 0000 06C0 06C0 06C0 0700 0.00 0.000 0.000 0.000 0.000 0.000 20170415114004
B0 000B 0000 0010 0000 06C0 06C0 06C0 0700 0.00 0.000 0.000 0.000 0.000 0.000 20170415114004
B0 000B 0000 0010 0000 06C0 06C0 06C0 0700 0.00 0.000 0.000 0.000 0.000 0.000 20170415114004
B0 000B 0000 0010 0000 06C0 06C0 06C0 0700 0.00 0.000 0.000 0.000 0.000 0.000 20170415114004
B0 000B 0000 0010 0000 06C0 06C0 06C0 0700 0.00 0.000 0.000 0.000 0.000 0.000 20170415114004
B0 000B 0000 0010 0000 06C0 06C0 06C0 0700 0.00 0.000 0.000 0.000 0.000 0.000 20170415114005
B0 000B 0000 0010 0000 06C0 06C0 06C0 0700 0.00 0.000 0.000 0.000 0.000 0.000 20170415114005
B0 000B 0000 0010 0000 06C0 06C0 06C0 0700 0.00 0.000 0.000 0.000 0.000 0.000 20170415114005
B0 000B 0000 0010 0000 06C0 06C0 06C0 0700 0.00 0.000 0.000 0.000 0.000 0.000 20170415114005
B0 000B 0000 0010 0000 06C0 06C0 06C0 0700 0.00 0.000 0.000 0.000 0.000 0.000 20170415114005
B0 000B 0000 0010 0000 06C0 06C0 06C0 0700 0.00 0.000 0.000 0.000 0.000 0.000 20170415114005
B0 000B 0000 0010 0000 06C0 06C0 06C0 0700 0.00 0.000 0.000 0.000 0.000 0.000 20170415114006
B0 000B 0000 0010 0000 06C0 06C0 06C0 0700 0.00 0.000 0.000 0.000 0.000 0.000 20170415114006
B0 000B 0000 0010 0000 06C0 06C0 06C0 0700 0.00 0.000 0.000 0.000 0.000 0.000 20170415114006
B0 000B 0000 0010 0000 06C0 06C0 06C0 0700 0.00 0.000 0.000 0.000 0.000 0.000 20170415114006
B0 000B 0000 0010 0000 06C0 06C0 06C0 0700 0.00 0.000 0.000 0.000 0.000 0.000 20170415114006
B0 000B 0000 0010 0000 06C0 06C0 06C0 0700 0.00 0.000 0.000 0.000 0.000 0.000 20170415114006
B0 000B 0000 0010 0000 06C0 06C0 06C0 0700 0.00 0.000 0.000 0.000 0.000 0.000 20170415114006
B0 000B 0000 0010 0000 0700 06C0 06C0 0700 0.00 0.000 0.000 0.000 0.000 0.000 20170415114007
B0 000B 0000 0010 0000 06C0 06C0 06C0 0700 0.00 0.000 0.000 0.000 0.000 0.000 20170415114007
B0 000B 0000 0010 0000 0700 06C0 06C0 0700 0.00 0.000 0.000 0.000 0.000 0.000 20170415114007
B0 000B 0000 0010 0000 0700 06C0 06C0 0700 0.00 0.000 0.000 0.000 0.000 0.000 20170415114007
B0 000B 0000 0010 0000 0700 06C0 06C0 0700 0.00 0.000 0.000 0.000 0.000 0.000 20170415114007
B0 000B 0000 0010 0000 0700 06C0 06C0 0700 0.00 0.000 0.000 0.000 0.000 0.000 20170415114007
B0 000B 0000 0010 0000 0700 06C0 06C0 0700 0.00 0.000 0.000 0.000 0.000 0.000 20170415114007
B0 000B 0000 0010 0000 0700 06C0 06C0 0700 0.00 0.000 0.000 0.000 0.000 0.000 20170415114008
B0 000B 0000 0010 0000 0700 06C0 06C0 0700 0.00 0.000 0.000 0.000 0.000 0.000 20170415114008
B0 000B 0000 0010 0000 0700 06C0 06C0 0700 0.00 0.000 0.000 0.000 0.000 0.000 20170415114008
B0 000B 0000 0010 0000 0700 06C0 06C0 0700 0.00 0.000 0.000 0.000 0.000 0.000 20170415114008
B0 000B 0000 0010 0000 0700 06C0 06C0 0700 0.00 0.000 0.000 0.000 0.000 0.000 20170415114008
B0 000B 0000 0010 0000 0700 06C0 06C0 0700 0.00 0.000 0.000 0.000 0.000 0.000 20170415114008
B0 000B 0000 0010 0000 0700 06C0 06C0 0700 0.00 0.000 0.000 0.000 0.000 0.000 20170415114008
B0 000B 0000 0010 0000 0700 06C0 06C0 0700 0.00 0.000 0.000 0.000 0.000 0.000 20170415114009
B0 000B 0000 0010 0000 0700 06C0 06C0 0700 0.00 0.000 0.000 0.000 0.000 0.000 20170415114009
B0 000B 0000 0010 0000 0700 06C0 06C0 0700 0.00 0.000 0.000 0.000 0.000 0.000 20170415114009
B0 000B 0000 0010 0000 0700 06C0 06C0 0700 0.00 0.000 0.000 0.000 0.000 0.000 20170415114009
B0 000B 0000 0010 0000 0700 06C0 06C0 0700 0.00 0.000 0.000 0.000 0.000 0.000 20170415114009
B0 000B 0000 0010 0000 0700 06C0 06C0 0700 0.00 0.000 0.000 0.000 0.000 0.000 20170415114009
B0 000B 0000 0010 0000 0700 06C0 06C0 0700 0.00 0.000 0.000 0.000 0.000 0.000 20170415114010
B0 000B 0000 0010 0000 0700 06C0 06C0 0700 0.00 0.000 0.000 0.000 0.000 0.000 20170415114010
B0 000B 0000 0010 0000 0700 06C0 06C0 0700 0.00 0.000 0.000 0.000 0.000 0.000 20170415114010
B0 000B 0000 0010 0000 0700 06C0 06C0 0700 0.00 0.000 0.000 0.000 0.000 0.000 20170415114010
B0 000B 0000 0010 0000 0700 06C0 06C0 0700 0.00 0.000 0.000 0.000 0.000 0.000 20170415114010
B0 000B 0000 0010 0000 0700 06C0 06C0 0700 0.00 0.000 0.000 0.000 0.000 0.000 20170415114010
B0 0000 0000 0000 0000 0000 0000 0000 0000 0.00 0.000 0.000 0.000 0.000 0.000 20170415114010
B0 0000 0000 0000 0000 0000 0000 0000 0000 0.00 0.000 0.000 0.000 0.000 0.000 20170415114011
B0 0000 0000 0000 0000 0000 0000 0000 0000 0.00 0.000 0.000 0.000 0.000 0.000 20170415114011
B0 0000 0000 0000 0000 0000 0000 0000 0000 0.00 0.000 0.000 0.000 0.000 0.000 20170415114011
B0 0000 0000 0000 0000 0000 0000 0000 0000 0.00 0.000 0.000 0.000 0.000 0.000 20170415114011
B0 0000 0000 0000 0000 0000 0000 0000 0000 0.00 0.000 0.000 0.000 0.000 0.000 20170415114011
B0 0000 0000 0000 0000 0000 0000 0000 0000 0.00 0.000 0.000 0.000 0.000 0.000 20170415114011
B0 0000 0000 0000 00FF 0640 0000 0640 0640 0.00 0.000 0.000 0.000 0.000 0.000 20170415114011
B0 000B 0000 0010 0096 0640 0000 0640 0640 0.00 0.000 0.000 0.000 0.000 0.000 20170415114012
B0 000B 0000 0010 0000 0640 0000 0640 0640 0.00 0.000 0.000 0.000 0.000 0.000 20170415114012
B0 000B 0000 0010 0000 0640 0000 0640 0640 0.00 0.000 0.000 0.000 0.000 0.000 20170415114012
B0 000B 0000 0010 0000 0640 0000 0640 0640 0.00 0.000 0.000 0.000 0.000 0.000 20170415114012
B0 000B 0000 0010 0000 0640 0000 0640 0640 0.00 0.000 0.000 0.000 0.000 0.000 20170415114012
B0 000B 0000 0010 0000 0640 0000 0640 0640 0.00 0.000 0.000 0.000 0.000 0.000 20170415114012
B0 000B 0000 0014 0000 0640 06C0 0640 0700 223.00 0.000 6.000 0.000 0.000 0.000 20170415114013
B0 000B 0000 0316 0000 0640 06C0 0640 0700 223.00 0.000 6.000 0.000 0.000 0.000 20170415114013
B0 0000 0000 0316 0000 0640 06C0 0640 0700 223.00 0.000 6.000 0.000 0.000 0.000 20170415114013
B0 0000 0000 0316 0000 0640 06C0 0640 0700 223.00 0.000 6.000 0.000 0.000 0.000 20170415114013
B0 0000 0000 0316 0000 0640 0700 0640 0700 223.00 0.000 6.000 0.000 0.000 0.000 20170415114013
B0 0000 0000 0316 0000 0640 0700 0640 0700 223.00 0.000 6.000 0.000 0.000 0.000 20170415114013
B0 0000 0000 0316 0000 0640 0700 0640 0700 223.00 0.000 6.000 0.000 0.000 0.000 20170415114013
B0 0000 0000 0316 0000 0700 0700 0700 0700 223.00 0.000 6.000 0.000 0.000 0.000 20170415114014
B0 0000 0000 0316 0000 0700 0700 0700 0700 223.00 0.000 6.000 0.000 0.000 0.000 20170415114014
B0 0000 0000 0316 0000 0700 0700 0700 0700 223.00 0.000 6.000 0.000 0.000 0.000 20170415114014
B0 0000 0000 0316 0000 0700 0700 06C0 0700 223.00 0.000 6.000 0.000 0.000 0.000 20170415114014
B0 0000 0000 0316 0000 0700 0700 06C0 0700 223.00 0.000 6.000 0.000 0.000 0.000 20170415114014
B0 0000 0000 0316 0000 0700 06C0 06C0 0700 223.00 0.000 6.000 0.000 0.000 0.000 20170415114014
B0 0000 0000 0316 0000 0700 0700 0700 0700 223.00 0.000 6.000 0.000 0.000 0.000 20170415114014
B0 0000 0000 0316 0000 0700 0700 06C0 0700 223.00 0.000 6.000 0.000 0.000 0.000 20170415114015
B0 0000 0000 0316 0000 0700 0700 06C0 0700 223.00 0.000 6.000 0.000 0.000 0.000 20170415114015
B0 0000 0000 0316 0000 0700 0700 06C0 0700 223.00 0.000 6.000 0.000 0.000 0.000 20170415114015
B0 0000 0000 0316 0000 0700 0700 0700 0700 224.00 0.000 6.000 0.000 0.000 0.000 20170415114015
B0 0000 0000 0316 0000 0700 0700 0700 0700 224.00 0.000 6.000 0.000 0.000 0.000 20170415114015
B0 0000 0000 0316 0000 0700 0700 06C0 0700 223.00 0.000 6.000 0.000 0.000 0.000 20170415114015
B0 0000 0000 0316 0000 0700 0700 06C0 0700 224.00 0.000 6.000 0.000 0.000 0.000 20170415114015
B0 0000 0000 0316 0000 0700 0700 0700 0700 224.00 0.000 6.000 0.000 0.000 0.000 20170415114016
B0 0000 0000 0316 0000 0700 0700 0700 0700 224.00 0.000 6.000 0.000 0.000 0.000 20170415114016
B0 0000 0000 0316 0000 0700 0700 0700 0700 224.00 0.000 6.000 0.000 0.000 0.000 20170415114016
B0 0000 0000 0316 0000 0700 0700 0700 0700 223.00 0.000 6.000 0.000 0.000 0.000 20170415114016
B0 0000 0000 0316 0000 0700 0700 06C0 0700 223.00 0.000 6.000 0.000 0.000 0.000 20170415114016
B0 0000 0000 0316 0000 0700 0700 0700 0700 223.00 0.000 6.000 0.000 0.000 0.000 20170415114016
B0 0000 0000 0316 0000 0700 0700 0700 0700 223.00 0.000 6.000 0.000 0.000 0.000 20170415114016
B0 0000 0000 0316 0000 0700 0700 0700 0700 223.00 0.000 6.000 0.000 0.000 0.000 20170415114017
B0 0000 0000 0316 0000 0700 0700 0700 0700 223.00 0.000 6.000 0.000 0.000 0.000 20170415114017
B0 0000 0000 0316 0000 0700 0700 0700 0700 223.00 0.000 6.000 0.000 0.000 0.000 20170415114017
B0 0000 0000 0316 0000 0700 0700 06C0 0700 223.00 0.000 6.000 0.000 0.000 0.000 20170415114017
B0 0000 0000 0316 0000 0700 0700 06C0 0700 223.00 0.000 6.000 0.000 0.000 0.000 20170415114017
B0 0000 0000 0316 0000 0700 0700 0700 0700 223.00 0.000 6.000 0.000 0.000 0.000 20170415114017
B0 0000 0000 0316 0000 0700 0700 06C0 0700 223.00 0.000 6.000 0.000 0.000 0.000 20170415114017
B0 0000 0000 0316 0000 0700 0700 0700 0700 223.00 0.000 6.000 0.000 0.000 0.000 20170415114018
B0 0000 0000 0316 0000 0700 0700 06C0 0700 223.00 0.000 6.000 0.000 0.000 0.000 20170415114018
B0 0000 0000 0316 0000 0700 0700 0700 0700 223.00 0.000 6.000 0.000 0.000 0.000 20170415114018
B0 0000 0000 0316 0000 0700 0700 0700 0700 223.00 0.000 6.000 0.000 0.000 0.000 20170415114018
B0 0000 0000 0316 0000 0700 0700 06C0 0700 224.00 0.000 6.000 0.000 0.000 0.000 20170415114018
B0 0000 0000 0316 0000 0700 0700 06C0 0700 224.00 0.000 6.000 0.000 0.000 0.000 20170415114018
B0 0000 0000 0316 0000 0700 0700 0700 0700 224.00 0.000 6.000 0.000 0.000 0.000 20170415114018
B0 0000 0000 0316 0000 0700 0700 0700 0700 224.00 0.000 6.000 0.000 0.000 0.000 20170415114019
B0 0000 0000 0316 0000 0700 0700 0700 0700 224.00 0.000 6.000 0.000 0.000 0.000 20170415114019
B0 0000 0000 0316 0000 0700 0700 0700 0700 224.00 0.000 6.000 0.000 0.000 0.000 20170415114019
B0 0000 0000 0316 0000 0700 0700 0700 0700 224.00 0.000 6.000 0.000 0.000 0.000 20170415114019
B0 0000 0000 0316 0000 0700 0700 0700 0700 223.00 0.000 6.000 0.000 0.000 0.000 20170415114019
B0 0000 0000 0316 0000 0700 0700 0700 0700 223.00 0.000 6.000 0.000 0.000 0.000 20170415114019
B0 0000 0000 0316 0000 0700 0700 0700 0700 224.00 0.000 6.000 0.000 0.000 0.000 20170415114019
B0 0000 0000 0316 0000 0700 0700 0700 0700 224.00 0.000 6.000 0.000 0.000 0.000 20170415114020
B0 0000 0000 0316 0000 0700 0700 0700 0700 224.00 0.000 6.000 0.000 0.000 0.000 20170415114020
B0 0000 0000 0316 0000 0700 0700 0700 0700 223.00 0.000 6.000 0.000 0.000 0.000 20170415114020
B0 0000 0000 0316 0000 0700 0700 0700 0700 223.00 0.000 6.000 0.000 0.000 0.000 20170415114020
B0 0000 0000 0316 0000 0700 0700 0700 0700 223.00 0.000 6.000 0.000 0.000 0.000 20170415114020
B0 0000 0000 0316 0000 0700 0700 0700 0700 224.00 0.000 6.000 0.000 0.000 0.000 20170415114020
B0 0000 0000 0316 0000 0700 0700 0700 0700 223.00 0.000 6.000 0.000 0.000 0.000 20170415114020
B0 0000 0000 0316 0000 0700 0700 0700 0700 224.00 0.000 6.000 0.000 0.000 0.000 20170415114021
B0 0000 0000 0316 0000 0700 0700 0700 0700 224.00 0.000 6.000 0.000 0.000 0.000 20170415114021
B0 0000 0000 0316 0000 0700 0700 0700 0700 224.00 0.000 6.000 0.000 0.000 0.000 20170415114021
B0 0000 0000 0316 0000 0700 0700 0700 0700 223.00 0.000 6.000 0.000 0.000 0.000 20170415114021
B0 0000 0000 0316 0000 0700 0700 0700 0700 223.00 0.000 6.000 0.000 0.000 0.000 20170415114021
B0 0000 0000 0316 0000 0700 0700 0700 0700 223.00 0.000 6.000 0.000 0.000 0.000 20170415114021
B0 0000 0000 0316 0000 0700 0700 0700 0700 223.00 0.000 6.000 0.000 0.000 0.000 20170415114021
B0 0000 0000 0316 0000 0700 0700 0700 0700 223.00 0.000 6.000 0.000 0.000 0.000 20170415114022
B0 0000 0000 0316 0000 0700 0700 0700 0700 223.00 0.000 6.000 0.000 0.000 0.000 20170415114022
B0 0000 0000 0316 0000 0700 0700 0700 0700 224.00 0.000 6.000 0.000 0.000 0.000 20170415114022
B0 0000 0000 0316 0000 0700 0700 0700 0700 224.00 0.000 6.000 0.000 0.000 0.000 20170415114022
B0 0000 0000 0316 0000 0700 0700 0700 0700 224.00 0.000 6.000 0.000 0.000 0.000 20170415114022
B0 0000 0000 0316 0000 0700 0700 0700 0700 223.00 0.000 6.000 0.000 0.000 0.000 20170415114022
B0 0000 0000 0316 0000 0700 0700 0700 0700 223.00 0.000 6.000 0.000 0.000 0.000 20170415114022
B0 0000 0000 0316 0000 0700 0700 0700 0700 223.00 0.000 6.000 0.000 0.000 0.000 20170415114023
B0 0000 0000 0316 0000 0700 0700 0700 0700 224.00 0.000 6.000 0.000 0.000 0.000 20170415114023
B0 0000 0000 0316 0000 0700 0700 0700 0700 224.00 0.000 6.000 0.000 0.000 0.000 20170415114023
B0 0000 0000 0316 0000 0700 0700 0700 0700 224.00 0.000 6.000 0.000 0.000 0.000 20170415114023
B0 0000 0000 0316 0000 0700 0700 0700 0700 224.00 0.000 6.000 0.000 0.000 0.000 20170415114023
B0 0000 0000 0316 0000 0700 0700 0700 0700 224.00 0.000 6.000 0.000 0.000 0.000 20170415114023
B0 0000 0000 0316 0000 0700 0700 0700 0700 224.00 0.000 6.000 0.000 0.000 0.000 20170415114024
B0 0000 0000 0316 0000 0700 0700 0700 0700 224.00 0.000 6.000 0.000 0.000 0.000 20170415114024
B0 0000 0000 0316 0000 0700 0700 0700 0700 224.00 0.000 6.000 0.000 0.000 0.000 20170415114024
B0 0000 0000 0316 0000 0700 0700 0700 0700 224.00 0.000 6.000 0.000 0.000 0.000 20170415114024
B0 0000 0000 0316 0000 0700 0700 0700 0700 224.00 0.000 6.000 0.000 0.000 0.000 20170415114024
B0 0000 0000 0316 0000 0700 0700 0700 0700 224.00 0.000 6.000 0.000 0.000 0.000 20170415114024
B0 0000 0000 0316 0000 0700 0700 0700 0700 224.00 0.000 6.000 0.000 0.000 0.000 20170415114024
B0 0000 0000 0316 0000 0700 0700 0700 0700 224.00 0.000 6.000 0.000 0.000 0.000 20170415114025
B0 0000 0000 0316 0000 0700 0700 0700 0700 224.00 0.000 6.000 0.000 0.000 0.000 20170415114025
B0 0000 0000 0316 0000 0700 0700 0700 0700 224.00 0.000 6.000 0.000 0.000 0.000 20170415114025
B0 0000 0000 0316 0000 0700 0700 0700 0700 224.00 0.000 6.000 0.000 0.000 0.000 20170415114025
B0 0000 0000 0316 0000 0700 0700 0700 0700 224.00 0.000 6.000 0.000 0.000 0.000 20170415114025
B0 0000 0000 0316 0000 0700 0700 0700 0700 224.00 0.000 6.000 0.000 0.000 0.000 20170415114025
B0 0000 0000 0316 0000 0700 0700 0700 0700 224.00 0.000 6.000 0.000 0.000 0.000 20170415114025
B0 0000 0000 0316 0000 0700 0700 0700 0700 224.00 0.000 6.000 0.000 0.000 0.000 20170415114026
B0 0000 0000 0316 0000 0700 0700 0700 0700 224.00 0.000 6.000 0.000 0.000 0.000 20170415114026
B0 0000 0000 0316 0000 0700 0700 0700 0700 224.00 0.000 6.000 0.000 0.000 0.000 20170415114026
B0 0000 0000 0316 0000 0700 0700 0700 0700 224.00 0.000 6.000 0.000 0.000 0.000 20170415114026
B0 0000 0000 0316 0000 0700 0700 0700 0700 224.00 0.000 6.000 0.000 0.000 0.000 20170415114026
B0 0000 0000 0316 0000 0700 0700 0700 0700 224.00 0.000 6.000 0.000 0.000 0.000 20170415114026
B0 0000 0000 0316 0000 0700 0700 0700 0700 224.00 0.000 6.000 0.000 0.000 0.000 20170415114026
B0 0000 0000 0316 0000 0700 0700 0700 0700 224.00 0.000 6.000 0.000 0.000 0.000 20170415114027
B0 0000 0000 0316 0000 0700 0700 0700 0700 224.00 0.000 6.000 0.000 0.000 0.000 20170415114027
B0 0000 0000 0316 0000 0700 0700 0700 0700 224.00 0.000 6.000 0.000 0.000 0.000 20170415114027
B0 0000 0000 0316 0000 0700 0700 0700 0700 224.00 0.000 6.000 0.000 0.000 0.000 20170415114027
B0 0000 0000 0316 0000 0700 0700 0700 0700 224.00 0.000 6.000 0.000 0.000 0.000 20170415114027
B0 0000 0000 0316 0000 0700 0700 0700 0700 224.00 0.000 6.000 0.000 0.000 0.000 20170415114027
B0 0000 0000 0316 0000 0700 0700 0700 0700 224.00 0.000 6.000 0.000 0.000 0.000 20170415114028
B0 0000 0000 0316 0000 0700 0700 0700 0700 224.00 0.000 6.000 0.000 0.000 0.000 20170415114028
B0 0000 0000 0316 0000 0700 0700 0700 0700 224.00 0.000 6.000 0.000 0.000 0.000 20170415114028
B0 0000 0000 0316 0000 0700 0700 0700 0700 224.00 0.000 6.000 0.000 0.000 0.000 20170415114028
B0 0000 0000 0316 0000 0700 0700 0700 0700 224.00 0.000 6.000 0.000 0.000 0.000 20170415114028
B0 0000 0000 0316 0000 0700 0700 0700 0700 224.00 0.000 6.000 0.000 0.000 0.000 20170415114028
B0 0000 0000 0316 0000 0700 0700 0700 0700 224.00 0.000 6.000 0.000 0.000 0.000 20170415114028
B0 0000 0000 0316 0000 0700 0700 0700 0700 224.00 0.000 6.000 0.000 0.000 0.000 20170415114029
B0 0000 0000 0316 0000 0700 0700 0700 0700 224.00 0.000 6.000 0.000 0.000 0.000 20170415114029
B0 0000 0000 0316 0000 0700 0700 0700 0700 224.00 0.000 6.000 0.000 0.000 0.000 20170415114029
B0 0000 0000 0316 0000 0700 0700 0700 0700 224.00 0.000 6.000 0.000 0.000 0.000 20170415114029
B0 0000 0000 0316 0000 0700 0700 0700 0700 224.00 0.000 6.000 0.000 0.000 0.000 20170415114029
B0 0000 0000 0316 0000 0700 0700 0700 0700 224.00 0.000 6.000 0.000 0.000 0.000 20170415114029
B0 0000 0000 0316 0000 0700 0700 0700 0700 224.00 0.000 6.000 0.000 0.000 0.000 20170415114029
B0 0000 0000 0316 0000 0700 0700 0700 0700 223.00 0.000 6.000 0.000 0.000 0.000 20170415114030
B0 0000 0000 0316 0000 0700 0700 0700 0700 224.00 0.000 6.000 0.000 0.000 0.000 20170415114030
B0 0000 0000 0316 0000 0700 0700 0700 0700 224.00 0.000 6.000 0.000 0.000 0.000 20170415114030
B0 0000 0000 0316 0000 0700 0700 0700 0700 224.00 0.000 6.000 0.000 0.000 0.000 20170415114030
B0 0000 0000 0316 0000 0700 0700 0700 0700 224.00 0.000 6.000 0.000 0.000 0.000 20170415114030
B0 0000 0000 0316 0000 0700 0700 0700 0700 224.00 0.000 6.000 0.000 0.000 0.000 20170415114030
B0 0000 0000 0316 0000 0700 0700 0700 0700 224.00 0.000 6.000 0.000 0.000 0.000 20170415114031
B0 0000 0000 0316 0000 0700 0700 0700 0700 224.00 0.000 6.000 0.000 0.000 0.000 20170415114031
B0 0000 0000 0316 0000 0700 0700 0700 0700 224.00 0.000 6.000 0.000 0.000 0.000 20170415114031
B0 0000 0000 0316 0000 0700 0700 0700 0700 224.00 0.000 6.000 0.000 0.000 0.000 20170415114031
B0 0000 0000 0316 0000 0700 0700 0700 0700 224.00 0.000 6.000 0.000 0.000 0.000 20170415114031
B0 0000 0000 0316 0000 0700 0700 0700 0700 224.00 0.000 6.000 0.000 0.000 0.000 20170415114031
B0 0000 0000 0316 0000 0700 0700 0700 0700 224.00 0.000 6.000 0.000 0.000 0.000 20170415114031
B0 0000 0000 0316 0000 0700 0700 0700 0700 224.00 0.000 6.000 0.000 0.000 0.000 20170415114032
B0 0000 0000 0316 0000 0700 0700 0700 0700 224.00 0.000 6.000 0.000 0.000 0.000 20170415114032
B0 0000 0000 0316 0000 0700 0700 0700 0700 224.00 0.000 6.000 0.000 0.000 0.000 20170415114032
B0 0000 0000 0316 0000 0700 0700 0700 0700 224.00 0.000 6.000 0.000 0.000 0.000 20170415114032
B0 0000 0000 0316 0000 0700 0700 0700 0700 223.00 0.000 6.000 0.000 0.000 0.000 20170415114032
B0 0000 0000 0316 0000 0700 0700 0700 0700 224.00 0.000 6.000 0.000 0.000 0.000 20170415114032
B0 0000 0000 0316 0000 0700 0700 0700 0700 224.00 0.000 6.000 0.000 0.000 0.000 20170415114032
B0 0000 0000 0316 0000 0700 0700 0700 0700 224.00 0.000 6.000 0.000 0.000 0.000 20170415114033
B0 0000 0000 0316 0000 0700 0700 0700 0700 224.00 0.000 6.000 0.000 0.000 0.000 20170415114033
B0 0000 0000 0316 0000 0700 0700 0700 0700 224.00 0.000 6.000 0.000 0.000 0.000 20170415114033
B0 0000 0000 0316 0000 0700 0700 0700 0700 224.00 0.000 6.000 0.000 0.000 0.000 20170415114033
B0 0000 0000 0316 0000 0700 0700 0700 0700 224.00 0.000 6.000 0.000 0.000 0.000 20170415114033
B0 0000 0000 0316 0000 0700 0700 0700 0700 224.00 0.000 6.000 0.000 0.000 0.000 20170415114033
B0 0000 0000 0316 0000 0700 0700 0700 0700 224.00 0.000 6.000 0.000 0.000 0.000 20170415114033
B0 0000 0000 0316 0000 0700 0700 0700 0700 224.00 0.000 6.000 0.000 0.000 0.000 20170415114034
B0 0000 0000 0316 0000 0700 0700 0700 0700 224.00 0.000 6.000 0.000 0.000 0.000 20170415114034
B0 0000 0000 0316 0000 0700 0700 0700 0700 224.00 0.000 6.000 0.000 0.000 0.000 20170415114034
B0 0000 0000 0316 0000 0700 0700 0700 0700 223.00 0.000 6.000 0.000 0.000 0.000 20170415114034
B0 0000 0000 0316 0000 0700 0700 0700 0700 224.00 0.000 6.000 0.000 0.000 0.000 20170415114034
B0 0000 0000 0316 0000 0700 0700 0700 0700 224.00 0.000 6.000 0.000 0.000 0.000 20170415114034
B0 0000 0000 0316 0000 0700 0700 0700 0700 224.00 0.000 6.000 0.000 0.000 0.000 20170415114034
B0 0000 0000 0316 0000 0700 0700 0700 0700 224.00 0.000 6.000 0.000 0.000 0.000 20170415114035
B0 0000 0000 0316 0000 0700 0700 0700 0700 223.00 0.000 6.000 0.000 0.000 0.000 20170415114035
B0 0000 0000 0316 0000 0700 0700 0700 0700 224.00 0.000 6.000 0.000 0.000 0.000 20170415114035
B0 0000 0000 0316 0000 0700 0700 0700 0700 224.00 0.000 6.000 0.000 0.000 0.000 20170415114035
B0 0000 0000 0316 0000 0700 0700 0700 0700 224.00 0.000 6.000 0.000 0.000 0.000 20170415114035
B0 0000 0000 0316 0000 0700 0700 0700 0700 224.00 0.000 6.000 0.000 0.000 0.000 20170415114035
B0 0000 0000 0316 0000 0700 0700 0700 0700 224.00 0.000 6.000 0.000 0.000 0.000 20170415114036
B0 0000 0000 0316 0000 0700 0700 0700 0700 224.00 0.000 6.000 0.000 0.000 0.000 20170415114036
B0 0000 0000 0316 0000 0700 0700 0700 0700 224.00 0.000 6.000 0.000 0.000 0.000 20170415114036
B0 0000 0000 0316 0000 0700 0700 0700 0700 224.00 0.000 6.000 0.000 0.000 0.000 20170415114036
B0 0000 0000 0316 0000 0700 0700 0700 0700 223.00 0.000 6.000 0.000 0.000 0.000 20170415114036
B0 0000 0000 0316 0000 0700 0700 0700 0700 224.00 0.000 6.000 0.000 0.000 0.000 20170415114036
B0 0000 0000 0316 0000 0700 0700 0700 0700 224.00 0.000 6.000 0.000 0.000 0.000 20170415114036
B0 0000 0000 0316 0000 0700 0700 0700 0700 224.00 0.000 6.000 0.000 0.000 0.000 20170415114037
B0 0000 0000 0316 0000 0700 0700 0700 0700 224.00 0.000 6.000 0.000 0.000 0.000 20170415114037
B0 0000 0000 0316 0000 0700 0700 0700 0700 224.00 0.000 6.000 0.000 0.000 0.000 20170415114037
B0 0000 0000 0316 0000 0700 0700 0700 0700 224.00 0.000 6.000 0.000 0.000 0.000 20170415114037
B0 0000 0000 0316 0000 0700 0700 0700 0700 224.00 0.000 6.000 0.000 0.000 0.000 20170415114037
B0 0000 0000 0316 0000 0700 0700 0700 0700 223.00 0.000 6.000 0.000 0.000 0.000 20170415114037
B0 0000 0000 0316 0000 0700 0700 0700 0700 224.00 0.000 6.000 0.000 0.000 0.000 20170415114037
B0 0000 0000 0316 0000 0700 0700 0700 0700 224.00 0.000 6.000 0.000 0.000 0.000 20170415114038
B0 0000 0000 0316 0000 0700 0700 0700 0700 224.00 0.000 6.000 0.000 0.000 0.000 20170415114038
B0 0000 0000 0316 0000 0700 0700 0700 0700 224.00 0.000 6.000 0.000 0.000 0.000 20170415114038
B0 0000 0000 0316 0000 0700 0700 0700 0700 223.00 0.000 6.000 0.000 0.000 0.000 20170415114038
B0 0000 0000 0316 0000 0700 0700 0700 0700 224.00 0.000 6.000 0.000 0.000 0.000 20170415114038
B0 0000 0000 0316 0000 0700 0700 0700 0700 224.00 0.000 6.000 0.000 0.000 0.000 20170415114038
B0 0000 0000 0316 0000 0700 0700 0700 0700 224.00 0.000 6.000 0.000 0.000 0.000 20170415114038
B0 0000 0000 0316 0000 0700 0700 0700 0700 224.00 0.000 6.000 0.000 0.000 0.000 20170415114039
B0 0000 0000 0316 0000 0700 0700 0700 0700 224.00 0.000 6.000 0.000 0.000 0.000 20170415114039
B0 0000 0000 0316 0000 0700 0700 0700 0700 224.00 0.000 6.000 0.000 0.000 0.000 20170415114039
B0 0000 0000 0316 0000 0700 0700 0700 0700 223.00 0.000 6.000 0.000 0.000 0.000 20170415114039
B0 0000 0000 0316 0000 0700 0700 0700 0700 223.00 0.000 6.000 0.000 0.000 0.000 20170415114039
B0 0000 0000 0316 0000 0700 0700 0700 0700 223.00 0.000 6.000 0.000 0.000 0.000 20170415114039
B0 0000 0000 0316 0000 0700 0700 0700 0700 224.00 0.000 6.000 0.000 0.000 0.000 20170415114040
B0 0000 0000 0316 0000 0700 0700 0700 0700 224.00 0.000 6.000 0.000 0.000 0.000 20170415114040
B0 0000 0000 0316 0000 0700 0700 0700 0700 224.00 0.000 6.000 0.000 0.000 0.000 20170415114040
B0 0000 0000 0316 0000 0700 0700 0700 0700 223.00 0.000 6.000 0.000 0.000 0.000 20170415114040
B0 0000 0000 0316 0000 0700 0700 0700 0700 224.00 0.000 6.000 0.000 0.000 0.000 20170415114040
B0 0000 0000 0316 0000 0700 0700 0700 0700 224.00 0.000 6.000 0.000 0.000 0.000 20170415114040
B0 0000 0000 0316 0000 0700 0700 0700 0700 224.00 0.000 6.000 0.000 0.000 0.000 20170415114040
B0 0000 0000 0316 0000 0700 0700 0700 0700 224.00 0.000 6.000 0.000 0.000 0.000 20170415114041
B0 0000 0000 0316 0000 0700 0700 0700 0700 224.00 0.000 6.000 0.000 0.000 0.000 20170415114041
B0 0000 0000 0316 0000 0700 0700 0700 0700 224.00 0.000 6.000 0.000 0.000 0.000 20170415114041
B0 0000 0000 0316 0000 0700 0700 0700 0700 224.00 0.000 6.000 0.000 0.000 0.000 20170415114041
B0 0000 0000 0316 0000 0700 0700 0700 0700 224.00 0.000 6.000 0.000 0.000 0.000 20170415114041
B0 0000 0000 0316 0000 0700 0700 0700 0700 224.00 0.000 6.000 0.000 0.000 0.000 20170415114041
B0 0000 0000 0316 0000 0700 0700 0700 0700 224.00 0.000 6.000 0.000 0.000 0.000 20170415114041
B0 0000 0000 0316 0000 0700 0700 0700 0700 224.00 0.000 6.000 0.000 0.000 0.000 20170415114042
B0 0000 0000 0316 0000 0700 0700 0700 0700 224.00 0.000 6.000 0.000 0.000 0.000 20170415114042
B0 0000 0000 0316 0000 0700 0700 0700 0700 223.00 0.000 6.000 0.000 0.000 0.000 20170415114042
B0 0000 0000 0316 0000 0700 0700 0700 0700 223.00 0.000 6.000 0.000 0.000 0.000 20170415114042
B0 0000 0000 0316 0000 0700 0700 0700 0700 224.00 0.000 6.000 0.000 0.000 0.000 20170415114042
B0 0000 0000 0316 0000 0700 0700 0700 0700 224.00 0.000 6.000 0.000 0.000 0.000 20170415114042
B0 0000 0000 0316 0000 0700 0700 0700 0700 223.00 0.000 6.000 0.000 0.000 0.000 20170415114042
B0 0000 0000 0316 0000 0700 0700 0700 0700 223.00 0.000 6.000 0.000 0.000 0.000 20170415114043
B0 0000 0000 0316 0000 0700 0700 0700 0700 224.00 0.000 6.000 0.000 0.000 0.000 20170415114043
B0 0000 0000 0316 0000 0700 0700 0700 0700 224.00 0.000 6.000 0.000 0.000 0.000 20170415114043
B0 0000 0000 0316 0000 0700 0700 0700 0700 224.00 0.000 6.000 0.000 0.000 0.000 20170415114043
B0 0000 0000 0316 0000 0700 0700 0700 0700 224.00 0.000 6.000 0.000 0.000 0.000 20170415114043
B0 0000 0000 0316 0000 0700 0700 0700 0700 224.00 0.000 6.000 0.000 0.000 0.000 20170415114043
B0 0000 0000 0316 0000 0700 0700 0700 0700 224.00 0.000 6.000 0.000 0.000 0.000 20170415114044
B0 0000 0000 0316 0000 0700 0700 0700 0700 224.00 0.000 6.000 0.000 0.000 0.000 20170415114044
B0 0000 0000 0316 0000 0700 0700 0700 0700 224.00 0.000 6.000 0.000 0.000 0.000 20170415114044
B0 0000 0000 0316 0000 0700 0700 0700 0700 224.00 0.000 6.000 0.000 0.000 0.000 20170415114044
B0 0000 0000 0316 0000 0700 0700 0700 0700 224.00 0.000 6.000 0.000 0.000 0.000 20170415114044
B0 0000 0000 0316 0000 0700 0700 0700 0700 224.00 0.000 6.000 0.000 0.000 0.000 20170415114044
B0 0000 0000 0316 0000 0700 0700 0700 0700 223.00 0.000 6.000 0.000 0.000 0.000 20170415114044
B0 0000 0000 0316 0000 0700 0700 0700 0700 223.00 0.000 6.000 0.000 0.000 0.000 20170415114045
B0 0000 0000 0316 0000 0700 0700 0700 0700 224.00 0.000 6.000 0.000 0.000 0.000 20170415114045
B0 0000 0000 0316 0000 0700 0700 0700 0700 224.00 0.000 6.000 0.000 0.000 0.000 20170415114045
B0 0000 0000 0316 0000 0700 0700 0700 0700 224.00 0.000 6.000 0.000 0.000 0.000 20170415114045
B0 0000 0000 0316 0000 0700 0700 0700 0700 223.00 0.000 6.000 0.000 0.000 0.000 20170415114045
B0 0000 0000 0316 0000 0700 0700 0700 0700 224.00 0.000 6.000 0.000 0.000 0.000 20170415114045
B0 0000 0000 0316 0000 0700 0700 0700 0700 224.00 0.000 6.000 0.000 0.000 0.000 20170415114045
B0 0000 0000 0316 0000 0700 0700 0700 0700 223.00 0.000 6.000 0.000 0.000 0.000 20170415114046
B0 0000 0000 0316 0000 0700 0700 0700 0700 223.00 0.000 6.000 0.000 0.000 0.000 20170415114046
B0 0000 0000 0316 0000 0700 0700 0700 0700 223.00 0.000 6.000 0.000 0.000 0.000 20170415114046
B0 0000 0000 0316 0000 0700 0700 0700 0700 224.00 0.000 6.000 0.000 0.000 0.000 20170415114046
B0 0000 0000 0316 0000 0700 0700 0700 0700 223.00 0.000 6.000 0.000 0.000 0.000 20170415114046
B0 0000 0000 0316 0000 0700 0700 0700 0700 223.00 0.000 6.000 0.000 0.000 0.000 20170415114046
B0 0000 0000 0316 0000 0700 0700 0700 0700 223.00 0.000 6.000 0.000 0.000 0.000 20170415114046
B0 0000 0000 0316 0000 0700 0700 0700 0700 224.00 0.000 6.000 0.000 0.000 0.000 20170415114047
B0 0000 0000 0316 0000 0700 0700 0700 0700 224.00 0.000 6.000 0.000 0.000 0.000 20170415114047
B0 0000 0000 0316 0000 0700 0700 0700 0700 223.00 0.000 6.000 0.000 0.000 0.000 20170415114047
B0 0000 0000 0316 0000 0700 0700 0700 0700 223.00 0.000 6.000 0.000 0.000 0.000 20170415114047
B0 000B 0000 0014 0000 0700 0700 0700 0700 224.00 0.000 6.000 0.000 0.000 0.000 20170415114047
B0 000B 0000 0014 0000 0700 0700 0700 0740 251.00 0.000 6.000 0.000 0.000 0.000 20170415114047
B0 000B 0000 0010 0000 0700 0700 0700 0740 0.00 0.000 0.000 0.000 0.000 0.000 20170415114048
B0 000B 0000 0010 0000 0700 0700 0700 0740 0.00 0.000 0.000 0.000 0.000 0.000 20170415114048
B0 000B 0000 0010 0000 0700 0700 0700 0740 0.00 0.000 0.000 0.000 0.000 0.000 20170415114048
B0 000B 0000 0010 0000 0700 0700 0700 0740 0.00 0.000 0.000 0.000 0.000 0.000 20170415114048
B0 000B 0000 0010 0000 0700 0700 0700 0740 0.00 0.000 0.000 0.000 0.000 0.000 20170415114048
B0 000B 0000 0010 0000 0700 0700 0700 0740 0.00 0.000 0.000 0.000 0.000 0.000 20170415114048
B0 000B 0000 0010 0000 0700 0700 0700 0740 0.00 0.000 0.000 0.000 0.000 0.000 20170415114048
B0 000B 0000 0010 0000 0700 0700 0700 0740 0.00 0.000 0.000 0.000 0.000 0.000 20170415114049
B0 000B 0000 0010 0000 0700 0700 0700 0740 0.00 0.000 0.000 0.000 0.000 0.000 20170415114049
B0 000B 0000 0010 0000 0700 0700 0700 0740 0.00 0.000 0.000 0.000 0.000 0.000 20170415114049
B0 000B 0000 0010 0000 0700 0700 0700 0740 0.00 0.000 0.000 0.000 0.000 0.000 20170415114049
B0 000B 0000 0010 0000 0700 0700 0700 0740 0.00 0.000 0.000 0.000 0.000 0.000 20170415114049
B0 000B 0000 0010 0000 0700 0700 0700 0740 0.00 0.000 0.000 0.000 0.000 0.000 20170415114049
B0 000B 0000 0010 0000 0700 0700 0700 0740 0.00 0.000 0.000 0.000 0.000 0.000 20170415114049
B0 000B 0000 0010 0000 0700 0700 0700 0740 0.00 0.000 0.000 0.000 0.000 0.000 20170415114050
B0 000B 0000 0010 0000 0700 0700 0700 0740 0.00 0.000 0.000 0.000 0.000 0.000 20170415114050
B0 000B 0000 0010 0000 0700 0700 0700 0740 0.00 0.000 0.000 0.000 0.000 0.000 20170415114050
B0 000B 0000 0010 0000 0700 0700 0700 0740 0.00 0.000 0.000 0.000 0.000 0.000 20170415114050
B0 000B 0000 0010 0000 0700 0700 0700 0740 0.00 0.000 0.000 0.000 0.000 0.000 20170415114050
B0 000B 0000 0010 0000 0700 0700 0700 0740 0.00 0.000 0.000 0.000 0.000 0.000 20170415114050
B0 000B 0000 0010 0000 0700 0700 0700 0740 0.00 0.000 0.000 0.000 0.000 0.000 20170415114050
B0 000B 0000 0010 0000 0700 0700 0700 0740 0.00 0.000 0.000 0.000 0.000 0.000 20170415114051
B0 000B 0000 0010 0000 0700 0700 0700 0740 0.00 0.000 0.000 0.000 0.000 0.000 20170415114051
B0 000B 0000 0010 0000 0700 0700 0700 0740 0.00 0.000 0.000 0.000 0.000 0.000 20170415114051
B0 000B 0000 0010 0000 0700 0700 0700 0740 0.00 0.000 0.000 0.000 0.000 0.000 20170415114051
B0 000B 0000 0010 0000 0700 0700 0700 0740 0.00 0.000 0.000 0.000 0.000 0.000 20170415114051
B0 000B 0000 0010 0000 0700 0700 0700 0740 0.00 0.000 0.000 0.000 0.000 0.000 20170415114051
B0 000B 0000 0010 0000 0700 0700 0700 0740 0.00 0.000 0.000 0.000 0.000 0.000 20170415114051
B0 000B 0000 0010 0000 0700 0700 0700 0740 0.00 0.000 0.000 0.000 0.000 0.000 20170415114052
B0 000B 0000 0010 0000 0700 0700 0700 0740 0.00 0.000 0.000 0.000 0.000 0.000 20170415114052
B0 000B 0000 0010 0000 0700 0700 0700 0740 0.00 0.000 0.000 0.000 0.000 0.000 20170415114052
B0 000B 0000 0010 0000 0700 0700 0700 0740 0.00 0.000 0.000 0.000 0.000 0.000 20170415114052
B0 000B 0000 0010 0000 0700 0700 0700 0740 223.00 0.000 6.000 0.000 0.000 0.000 20170415114052
B0 000B 0000 0010 0000 0700 0700 0700 0740 224.00 0.000 6.000 0.000 0.000 0.000 20170415114052
B0 000B 0000 0010 0000 0700 0700 0700 0740 224.00 0.000 6.000 0.000 0.000 0.000 20170415114053
B0 000B 0000 0014 0000 0700 0700 0700 0740 224.00 0.000 6.000 0.000 0.000 0.000 20170415114053
B0 000B 0000 0014 0000 0700 0700 0700 0740 224.00 0.000 6.000 0.000 0.000 0.000 20170415114053
B0 0000 0000 0316 0000 0700 0700 0700 0740 224.00 0.000 6.000 0.000 0.000 0.000 20170415114053
B0 0000 0000 0316 0000 0700 0700 0700 0740 224.00 0.000 6.000 0.000 0.000 0.000 20170415114053
B0 0000 0000 0316 0000 0700 0700 0700 0740 224.00 0.000 6.000 0.000 0.000 0.000 20170415114053
B0 0000 0000 0316 0000 0700 0700 0700 0740 224.00 0.000 6.000 0.000 0.000 0.000 20170415114053
B0 0000 0000 0316 0000 0700 0700 0700 0740 224.00 0.000 6.000 0.000 0.000 0.000 20170415114054
B0 0000 0000 0316 0000 0700 0700 0700 0740 224.00 0.000 6.000 0.000 0.000 0.000 20170415114054
B0 0000 0000 0316 0000 0700 0700 0700 0740 224.00 0.000 6.000 0.000 0.000 0.000 20170415114054
B0 0000 0000 0316 0000 0700 0700 0700 0740 224.00 0.000 6.000 0.000 0.000 0.000 20170415114054
B0 0000 0000 0316 0000 0700 0700 0700 0740 224.00 0.000 6.000 0.000 0.000 0.000 20170415114054
B0 0000 0000 0316 0000 0700 0700 0700 0740 224.00 0.000 6.000 0.000 0.000 0.000 20170415114054
B0 0000 0000 0316 0000 0700 0700 0700 0740 224.00 0.000 6.000 0.000 0.000 0.000 20170415114054
B0 0000 0000 0316 0000 0700 0700 0700 0740 224.00 0.000 6.000 0.000 0.000 0.000 20170415114055
B0 0000 0000 0316 0000 0700 0700 0700 0740 224.00 0.000 6.000 0.000 0.000 0.000 20170415114055
B0 0000 0000 0316 0000 0700 0700 0700 0740 224.00 0.000 6.000 0.000 0.000 0.000 20170415114055
B0 0000 0000 0316 0000 0700 0700 0700 0740 224.00 0.000 6.000 0.000 0.000 0.000 20170415114055
B0 0000 0000 0316 0000 0700 0700 0700 0740 224.00 0.000 6.000 0.000 0.000 0.000 20170415114055
B0 0000 0000 0316 0000 0700 0700 0700 0740 224.00 0.000 6.000 0.000 0.000 0.000 20170415114055
B0 0000 0000 0316 0000 0700 0700 0700 0740 224.00 0.000 6.000 0.000 0.000 0.000 20170415114056
B0 0000 0000 0316 0000 0700 0700 0700 0740 224.00 0.000 6.000 0.000 0.000 0.000 20170415114056
B0 0000 0000 0316 0000 0700 0700 0700 0740 224.00 0.000 6.000 0.000 0.000 0.000 20170415114056
B0 0000 0000 0316 0000 0700 0700 0700 0740 224.00 0.000 6.000 0.000 0.000 0.000 20170415114056
B0 0000 0000 0316 0000 0700 0700 0700 0740 224.00 0.000 6.000 0.000 0.000 0.000 20170415114056
B0 0000 0000 0316 0000 0700 0700 0700 0740 224.00 0.000 6.000 0.000 0.000 0.000 20170415114056
B0 0000 0000 0316 0000 0700 0700 0700 0740 224.00 0.000 6.000 0.000 0.000 0.000 20170415114056
B0 0000 0000 0316 0000 0700 0700 0700 0740 224.00 0.000 6.000 0.000 0.000 0.000 20170415114057
B0 0000 0000 0316 0000 0700 0700 0700 0740 224.00 0.000 6.000 0.000 0.000 0.000 20170415114057
B0 0000 0000 0316 0000 0700 0700 0700 0740 224.00 0.000 6.000 0.000 0.000 0.000 20170415114057
B0 0000 0000 0316 0000 0700 0700 0700 0740 224.00 0.000 6.000 0.000 0.000 0.000 20170415114057
B0 0000 0000 0316 0000 0700 0700 0700 0740 224.00 0.000 6.000 0.000 0.000 0.000 20170415114057
B0 0000 0000 0316 0000 0700 0700 0700 0740 224.00 0.000 6.000 0.000 0.000 0.000 20170415114057
B0 0000 0000 0316 0000 0700 0700 0700 0740 224.00 0.000 6.000 0.000 0.000 0.000 20170415114057
B0 0000 0000 0316 0000 0700 0700 0700 0740 224.00 0.000 6.000 0.000 0.000 0.000 20170415114058
B0 0000 0000 0316 0000 0700 0700 0700 0740 224.00 0.000 6.000 0.000 0.000 0.000 20170415114058
B0 0000 0000 0316 0000 0700 0700 0700 0740 224.00 0.000 6.000 0.000 0.000 0.000 20170415114058
B0 0000 0000 0316 0000 0700 0700 0700 0740 224.00 0.000 6.000 0.000 0.000 0.000 20170415114058
B0 0000 0000 0316 0000 0700 0700 0700 0740 224.00 0.000 6.000 0.000 0.000 0.000 20170415114058
B0 0000 0000 0316 0000 0700 0700 0700 0740 224.00 0.000 6.000 0.000 0.000 0.000 20170415114058
B0 0000 0000 0316 0000 0700 0700 0700 0740 224.00 0.000 6.000 0.000 0.000 0.000 20170415114059
B0 0000 0000 0316 0000 0700 0700 0700 0740 224.00 0.000 6.000 0.000 0.000 0.000 20170415114059
B0 0000 0000 0316 0000 0700 0700 0700 0740 224.00 0.000 6.000 0.000 0.000 0.000 20170415114059
B0 0000 0000 0316 0000 0700 0700 0700 0740 224.00 0.000 6.000 0.000 0.000 0.000 20170415114059
B0 0000 0000 0316 0000 0700 0700 0700 0740 224.00 0.000 6.000 0.000 0.000 0.000 20170415114059
B0 0000 0000 0316 0000 0700 0700 0700 0740 224.00 0.000 6.000 0.000 0.000 0.000 20170415114059
B0 0000 0000 0316 0000 0700 0700 0700 0740 224.00 0.000 6.000 0.000 0.000 0.000 20170415114059
