Address 79 7A 7B 7C 7D 7E 7F 80 81 82 8D 8E 8F 90 88 89 97 8B 8C 96   Time
B0 0000 00 00 00 00 00 00 00 00 00 0.000 0.000 0.000 0 0.000 0.000 0.000 0.000 0.000 0.000 ??? ??? 20171117142248231
B0 0000 00 00 00 00 00 00 00 00 00 0.000 0.000 0.000 0 0.000 0.000 0.000 0.000 0.000 0.000 ??? ??? 20171117142248445
B0 0000 00 00 00 00 00 00 00 00 00 0.000 0.000 0.000 0 0.000 0.000 0.000 0.000 0.000 0.000 ??? ??? 20171117142248668
B0 0000 00 00 00 00 00 00 00 00 00 0.000 0.000 0.000 0 0.000 0.000 0.000 0.000 0.000 0.000 ??? ??? 20171117142248874
B0 0000 00 00 00 00 00 00 00 00 00 0.000 0.000 0.000 0 0.000 0.000 0.000 0.000 0.000 0.000 ??? ??? 20171117142249090
B0 0000 00 00 00 00 00 00 00 00 00 0.000 0.000 0.000 0 0.000 0.000 0.000 0.000 0.000 0.000 ??? ??? 20171117142249295
B0 0000 00 00 00 00 00 00 00 00 00 0.000 0.000 0.000 0 0.000 0.000 0.000 0.000 0.000 0.000 ??? ??? 20171117142249520
B0 0000 00 00 00 00 00 00 00 00 00 0.000 0.000 0.000 0 0.000 0.000 0.000 0.000 0.000 0.000 ??? ??? 20171117142249729
B0 0000 00 00 00 00 00 00 00 00 00 0.000 0.000 0.000 0 0.000 0.000 0.000 0.000 0.000 0.000 ??? ??? 20171117142249937
B0 0000 00 00 00 00 00 00 00 00 00 0.000 0.000 0.000 0 0.000 0.000 0.000 0.000 0.000 0.000 ??? ??? 20171117142250153
B0 0000 00 00 00 00 00 00 00 00 00 0.000 0.000 0.000 0 0.000 0.000 0.000 0.000 0.000 0.000 ??? ??? 20171117142250356
B0 0000 00 00 00 00 00 00 00 00 00 0.000 0.000 0.000 0 0.000 0.000 0.000 0.000 0.000 0.000 ??? ??? 20171117142250560
B0 0000 00 00 00 00 00 00 00 00 00 0.000 0.000 0.000 0 0.000 0.000 0.000 0.000 0.000 0.000 ??? ??? 20171117142250781
B0 0000 00 00 00 00 00 00 00 00 00 0.000 0.000 0.000 0 0.000 0.000 0.000 0.000 0.000 0.000 ??? ??? 20171117142251004
B0 0000 00 00 00 00 00 00 00 00 00 0.000 0.000 0.000 0 0.000 0.000 0.000 0.000 0.000 0.000 ??? ??? 20171117142251197
B0 0000 00 00 00 00 00 00 00 00 00 0.000 0.000 0.000 0 0.000 0.000 0.000 0.000 0.000 0.000 ??? ??? 20171117142251363
B0 0000 00 00 00 00 00 00 00 00 00 0.000 0.000 0.000 0 0.000 0.000 0.000 0.000 0.000 0.000 ??? ??? 20171117142251581
B0 0000 00 00 00 00 00 00 00 00 00 0.000 0.000 0.000 0 0.000 0.000 0.000 0.000 0.000 0.000 ??? ??? 20171117142251800
B0 0000 00 00 00 00 00 00 00 00 00 0.000 0.000 0.000 0 0.000 0.000 0.000 0.000 0.000 0.000 ??? ??? 20171117142252003
B0 0000 00 00 00 00 00 00 00 00 00 0.000 0.000 0.000 0 0.000 0.000 0.000 0.000 0.000 0.000 ??? ??? 20171117142252218
B0 0000 00 00 00 00 00 00 00 00 00 0.000 0.000 0.000 0 0.000 0.000 0.000 0.000 0.000 0.000 ??? ??? 20171117142252739
B0 0000 00 00 00 00 00 00 00 00 00 0.000 0.000 0.000 0 0.000 0.000 0.000 0.000 0.000 0.000 ??? ??? 20171117142252947
B0 0000 00 00 00 00 00 00 00 00 00 0.000 0.000 0.000 0 0.000 0.000 0.000 0.000 0.000 0.000 ??? ??? 20171117142253172
B0 0000 00 00 00 00 00 00 00 00 00 0.000 0.000 0.000 0 0.000 0.000 0.000 0.000 0.000 0.000 ??? ??? 20171117142253384
B0 0000 00 00 00 00 00 00 00 00 00 0.000 0.000 0.000 0 0.000 0.000 0.000 0.000 0.000 0.000 ??? ??? 20171117142253602
B0 0000 00 00 00 00 00 00 00 00 00 0.000 0.000 0.000 0 0.000 0.000 0.000 0.000 0.000 0.000 ??? ??? 20171117142253828
B0 0000 00 00 00 00 00 00 00 00 00 0.000 0.000 0.000 0 0.000 0.000 0.000 0.000 0.000 0.000 ??? ??? 20171117142254023
B0 0000 00 00 00 00 00 00 00 00 00 0.000 0.000 0.000 0 0.000 0.000 0.000 0.000 0.000 0.000 ??? ??? 20171117142254209
B0 0000 00 00 00 00 00 00 00 00 00 0.000 0.000 0.000 0 0.000 0.000 0.000 0.000 0.000 0.000 ??? ??? 20171117142254407
B0 0000 00 00 00 00 00 00 00 00 00 0.000 0.000 0.000 0 0.000 0.000 0.000 0.000 0.000 0.000 ??? ??? 20171117142254594
B0 0000 00 00 00 00 00 00 00 00 00 0.000 0.000 0.000 0 0.000 0.000 0.000 0.000 0.000 0.000 ??? ??? 20171117142254780
B0 0000 00 00 00 00 00 00 00 00 00 0.000 0.000 0.000 0 0.000 0.000 0.000 0.000 0.000 0.000 ??? ??? 20171117142254957
B0 0000 00 00 00 00 00 00 00 00 00 0.000 0.000 0.000 0 0.000 0.000 0.000 0.000 0.000 0.000 ??? ??? 20171117142255155
B0 0000 00 00 00 00 00 00 00 00 00 0.000 0.000 0.000 0 0.000 0.000 0.000 0.000 0.000 0.000 ??? ??? 20171117142255356
B0 0000 00 00 00 00 00 00 00 00 00 0.000 0.000 0.000 0 0.000 0.000 0.000 0.000 0.000 0.000 ??? ??? 20171117142255557
B0 0000 00 00 00 00 00 00 00 00 00 0.000 0.000 0.000 0 0.000 0.000 0.000 0.000 0.000 0.000 ??? ??? 20171117142255761
B0 0000 00 00 00 00 00 00 00 00 00 0.000 0.000 0.000 0 0.000 0.000 0.000 0.000 0.000 0.000 ??? ??? 20171117142255975
B0 0000 00 00 00 00 00 00 00 00 00 0.000 0.000 0.000 0 0.000 0.000 0.000 0.000 0.000 0.000 ??? ??? 20171117142256171
B0 0000 00 00 00 00 00 00 00 00 00 0.000 0.000 0.000 0 0.000 0.000 0.000 0.000 0.000 0.000 ??? ??? 20171117142256362
B0 0000 00 00 00 00 00 00 00 00 00 0.000 0.000 0.000 0 0.000 0.000 0.000 0.000 0.000 0.000 ??? ??? 20171117142256557
B0 0000 00 00 00 00 00 00 00 00 00 0.000 0.000 0.000 0 0.000 0.000 0.000 0.000 0.000 0.000 ??? ??? 20171117142256755
B0 0000 00 00 00 00 00 00 00 00 00 0.000 0.000 0.000 0 0.000 0.000 0.000 0.000 0.000 0.000 ??? ??? 20171117142256948
B0 0000 00 00 00 00 00 00 00 00 00 0.000 0.000 0.000 0 0.000 0.000 0.000 0.000 0.000 0.000 ??? ??? 20171117142257147
B0 0000 00 00 00 00 00 00 00 00 00 0.000 0.000 0.000 0 0.000 0.000 0.000 0.000 0.000 0.000 ??? ??? 20171117142257347
B0 0000 00 00 00 00 00 00 00 00 00 0.000 0.000 0.000 0 0.000 0.000 0.000 0.000 0.000 0.000 ??? ??? 20171117142257539
B0 0000 00 00 00 00 00 00 00 00 00 0.000 0.000 0.000 0 0.000 0.000 0.000 0.000 0.000 0.000 ??? ??? 20171117142257740
B0 0000 00 00 00 00 00 00 00 00 00 0.000 0.000 0.000 0 0.000 0.000 0.000 0.000 0.000 0.000 ??? ??? 20171117142257938
B0 0000 00 00 00 00 00 00 00 00 00 0.000 0.000 0.000 0 0.000 0.000 0.000 0.000 0.000 0.000 ??? ??? 20171117142258139
B0 0000 00 00 00 00 00 00 00 00 00 0.000 0.000 0.000 0 0.000 0.000 0.000 0.000 0.000 0.000 ??? ??? 20171117142258337
B0 0000 00 00 00 00 00 00 00 00 00 0.000 0.000 0.000 0 0.000 0.000 0.000 0.000 0.000 0.000 ??? ??? 20171117142258539
B0 0000 00 00 00 00 00 00 00 00 00 0.000 0.000 0.000 0 0.000 0.000 0.000 0.000 0.000 0.000 ??? ??? 20171117142258738
B0 0000 00 00 00 00 00 00 00 00 00 0.000 0.000 0.000 0 0.000 0.000 0.000 0.000 0.000 0.000 ??? ??? 20171117142258936
B0 0000 00 00 00 00 00 00 00 00 00 0.000 0.000 0.000 0 0.000 0.000 0.000 0.000 0.000 0.000 ??? ??? 20171117142259133
B0 0000 00 00 00 00 00 00 00 00 00 0.000 0.000 0.000 0 0.000 0.000 0.000 0.000 0.000 0.000 ??? ??? 20171117142259339
B0 0000 00 00 00 00 00 00 00 00 00 0.000 0.000 0.000 0 0.000 0.000 0.000 0.000 0.000 0.000 ??? ??? 20171117142259537
B0 0000 00 00 00 00 00 00 00 00 00 0.000 0.000 0.000 0 0.000 0.000 0.000 0.000 0.000 0.000 ??? ??? 20171117142259739
B0 0000 00 00 00 00 00 00 00 00 00 0.000 0.000 0.000 0 0.000 0.000 0.000 0.000 0.000 0.000 ??? ??? 20171117142259934
B0 0000 00 00 00 00 00 00 00 00 00 0.000 0.000 0.000 0 0.000 0.000 0.000 0.000 0.000 0.000 ??? ??? 20171117142300126
B0 0000 00 00 00 00 00 00 00 00 00 0.000 0.000 0.000 0 0.000 0.000 0.000 0.000 0.000 0.000 ??? ??? 20171117142300315
B0 0000 00 00 00 00 00 00 00 00 00 0.000 0.000 0.000 0 0.000 0.000 0.000 0.000 0.000 0.000 ??? ??? 20171117142300510
B0 0000 00 00 00 00 00 00 00 00 00 0.000 0.000 0.000 0 0.000 0.000 0.000 0.000 0.000 0.000 ??? ??? 20171117142300745
B0 0000 00 00 00 00 00 00 00 00 00 0.000 0.000 0.000 0 0.000 0.000 0.000 0.000 0.000 0.000 ??? ??? 20171117142300930
B0 0000 00 00 00 00 00 00 00 00 00 0.000 0.000 0.000 0 0.000 0.000 0.000 0.000 0.000 0.000 ??? ??? 20171117142301114
B0 0000 00 00 00 00 00 00 00 00 00 0.000 0.000 0.000 0 0.000 0.000 0.000 0.000 0.000 0.000 ??? ??? 20171117142301297
B0 0000 00 00 00 00 00 00 00 00 00 0.000 0.000 0.000 0 0.000 0.000 0.000 0.000 0.000 0.000 ??? ??? 20171117142301477
B0 0000 00 00 00 00 00 00 00 00 00 0.000 0.000 0.000 0 0.000 0.000 0.000 0.000 0.000 0.000 ??? ??? 20171117142301671
B0 0000 00 00 00 00 00 00 00 00 00 0.000 0.000 0.000 0 0.000 0.000 0.000 0.000 0.000 0.000 ??? ??? 20171117142301845
B0 0000 00 00 00 00 00 00 00 00 00 0.000 0.000 0.000 0 0.000 0.000 0.000 0.000 0.000 0.000 ??? ??? 20171117142302019
B0 0000 00 00 00 00 00 00 00 00 00 0.000 0.000 0.000 0 0.000 0.000 0.000 0.000 0.000 0.000 ??? ??? 20171117142302196
B0 0000 00 00 00 00 00 00 00 00 00 0.000 0.000 0.000 0 0.000 0.000 0.000 0.000 0.000 0.000 ??? ??? 20171117142302373
B0 0000 00 00 00 00 00 00 00 00 00 0.000 0.000 0.000 0 0.000 0.000 0.000 0.000 0.000 0.000 ??? ??? 20171117142302552
B0 0000 00 00 00 00 00 00 00 00 00 0.000 0.000 0.000 0 0.000 0.000 0.000 0.000 0.000 0.000 ??? ??? 20171117142302729
B0 0000 00 00 00 00 00 00 00 00 00 0.000 0.000 0.000 0 0.000 0.000 0.000 0.000 0.000 0.000 ??? ??? 20171117142302910
B0 0000 00 00 00 00 00 00 00 00 00 0.000 0.000 0.000 0 0.000 0.000 0.000 0.000 0.000 0.000 ??? ??? 20171117142303081
B0 0000 00 00 00 00 00 00 00 00 00 0.000 0.000 0.000 0 0.000 0.000 0.000 0.000 0.000 0.000 ??? ??? 20171117142303256
B0 0000 00 00 00 00 00 00 00 00 00 0.000 0.000 0.000 0 0.000 0.000 0.000 0.000 0.000 0.000 ??? ??? 20171117142303427
B0 0000 00 00 00 00 00 00 00 00 00 0.000 0.000 0.000 0 0.000 0.000 0.000 0.000 0.000 0.000 ??? ??? 20171117142303602
B0 0000 00 00 00 00 00 00 00 00 00 0.000 0.000 0.000 0 0.000 0.000 0.000 0.000 0.000 0.000 ??? ??? 20171117142303778
B0 0000 00 00 00 00 00 00 00 00 00 0.000 0.000 0.000 0 0.000 0.000 0.000 0.000 0.000 0.000 ??? ??? 20171117142303961
B0 0000 00 00 00 00 00 00 00 00 00 0.000 0.000 0.000 0 0.000 0.000 0.000 0.000 0.000 0.000 ??? ??? 20171117142304157
B0 0000 00 00 00 00 00 00 00 00 00 0.000 0.000 0.000 0 0.000 0.000 0.000 0.000 0.000 0.000 ??? ??? 20171117142304334
B0 0000 00 00 00 00 00 00 00 00 00 0.000 0.000 0.000 0 0.000 0.000 0.000 0.000 0.000 0.000 ??? ??? 20171117142304517
B0 0000 00 00 00 00 00 00 00 00 00 0.000 0.000 0.000 0 0.000 0.000 0.000 0.000 0.000 0.000 ??? ??? 20171117142304690
B0 0000 00 00 00 00 00 00 00 00 00 0.000 0.000 0.000 0 0.000 0.000 0.000 0.000 0.000 0.000 ??? ??? 20171117142304865
B0 0000 00 00 00 00 00 00 00 00 00 0.000 0.000 0.000 0 0.000 0.000 0.000 0.000 0.000 0.000 ??? ??? 20171117142305047
B0 0000 00 00 00 00 00 00 00 00 00 0.000 0.000 0.000 0 0.000 0.000 0.000 0.000 0.000 0.000 ??? ??? 20171117142305222
B0 0000 00 00 00 00 00 00 00 00 00 0.000 0.000 0.000 0 0.000 0.000 0.000 0.000 0.000 0.000 ??? ??? 20171117142305401
B0 0000 00 00 00 00 00 00 00 00 00 0.000 0.000 0.000 0 0.000 0.000 0.000 0.000 0.000 0.000 ??? ??? 20171117142305584
B0 0000 00 00 00 00 00 00 00 00 00 0.000 0.000 0.000 0 0.000 0.000 0.000 0.000 0.000 0.000 ??? ??? 20171117142305758
B0 0000 00 00 00 00 00 00 00 00 00 0.000 0.000 0.000 0 0.000 0.000 0.000 0.000 0.000 0.000 ??? ??? 20171117142305923
B0 0000 00 00 00 00 00 00 00 00 00 0.000 0.000 0.000 0 0.000 0.000 0.000 0.000 0.000 0.000 ??? ??? 20171117142306102
B0 0000 00 00 00 00 00 00 00 00 00 0.000 0.000 0.000 0 0.000 0.000 0.000 0.000 0.000 0.000 ??? ??? 20171117142306290
B0 0000 00 00 00 00 00 00 00 00 00 0.000 0.000 0.000 0 0.000 0.000 0.000 0.000 0.000 0.000 ??? ??? 20171117142306458
B0 0000 00 00 00 00 00 00 00 00 00 0.000 0.000 0.000 0 0.000 0.000 0.000 0.000 0.000 0.000 ??? ??? 20171117142306644
