Address 79 7A 7B 7C 7D 7E 7F 80 81 82 8D 8E 8F 90 88 89 97 8B 8C 96   Time
B0 0000 00 00 00 00 00 00 00 00 00 0.000 0.000 0.000 0 0.000 0.000 0.000 0.000 0.000 0.000   20171117131528199
B0 0000 00 00 00 00 00 00 00 00 00 0.000 0.000 0.000 0 0.000 0.000 0.000 0.000 0.000 0.000   20171117131528391
B0 0000 00 00 00 00 00 00 00 00 00 0.000 0.000 0.000 0 0.000 0.000 0.000 0.000 0.000 0.000   20171117131528599
B0 0000 00 00 00 00 00 00 00 00 00 0.000 0.000 0.000 0 0.000 0.000 0.000 0.000 0.000 0.000   20171117131528819
B0 0000 00 00 00 00 00 00 00 00 00 0.000 0.000 0.000 0 0.000 0.000 0.000 0.000 0.000 0.000   20171117131529033
B0 0000 00 00 00 00 00 00 00 00 00 0.000 0.000 0.000 0 0.000 0.000 0.000 0.000 0.000 0.000   20171117131529214
B0 0000 00 00 00 00 00 00 00 00 00 0.000 0.000 0.000 0 0.000 0.000 0.000 0.000 0.000 0.000   20171117131529402
B0 0000 00 00 00 00 00 00 00 00 00 0.000 0.000 0.000 0 0.000 0.000 0.000 0.000 0.000 0.000   20171117131529579
B0 0000 00 00 00 00 00 00 00 00 00 0.000 0.000 0.000 0 0.000 0.000 0.000 0.000 0.000 0.000   20171117131529774
B0 0000 00 00 00 00 00 00 00 00 00 0.000 0.000 0.000 0 0.000 0.000 0.000 0.000 0.000 0.000   20171117131530018
B0 0000 00 00 00 00 00 00 00 00 00 0.000 0.000 0.000 0 0.000 0.000 0.000 0.000 0.000 0.000   20171117131530202
B0 0000 00 00 00 00 00 00 00 00 00 0.000 0.000 0.000 0 0.000 0.000 0.000 0.000 0.000 0.000   20171117131530404
B0 0000 00 00 00 00 00 00 00 00 00 0.000 0.000 0.000 0 0.000 0.000 0.000 0.000 0.000 0.000   20171117131530574
B0 0000 00 00 00 00 00 00 00 00 00 0.000 0.000 0.000 0 0.000 0.000 0.000 0.000 0.000 0.000   20171117131530736
B0 0000 00 00 00 00 00 00 00 00 00 0.000 0.000 0.000 0 0.000 0.000 0.000 0.000 0.000 0.000   20171117131530900
B0 0000 00 00 00 00 00 00 00 00 00 0.000 0.000 0.000 0 0.000 0.000 0.000 0.000 0.000 0.000   20171117131531105
B0 0000 00 00 00 00 00 00 00 00 00 0.000 0.000 0.000 0 0.000 0.000 0.000 0.000 0.000 0.000   20171117131531308
B0 0000 00 00 00 00 00 00 00 00 00 0.000 0.000 0.000 0 0.000 0.000 0.000 0.000 0.000 0.000   20171117131531500
B0 0000 00 00 00 00 00 00 00 00 00 0.000 0.000 0.000 0 0.000 0.000 0.000 0.000 0.000 0.000   20171117131531698
B0 0000 00 00 00 00 00 00 00 00 00 0.000 0.000 0.000 0 0.000 0.000 0.000 0.000 0.000 0.000   20171117131531891
B0 0000 00 00 00 00 00 00 00 00 00 0.000 0.000 0.000 0 0.000 0.000 0.000 0.000 0.000 0.000   20171117131532091
B0 0000 00 00 00 00 00 00 00 00 00 0.000 0.000 0.000 0 0.000 0.000 0.000 0.000 0.000 0.000   20171117131532290
B0 0000 00 00 00 00 00 00 00 00 00 0.000 0.000 0.000 0 0.000 0.000 0.000 0.000 0.000 0.000   20171117131532489
B0 0000 00 00 00 00 00 00 00 00 00 0.000 0.000 0.000 0 0.000 0.000 0.000 0.000 0.000 0.000   20171117131532679
B0 0000 00 00 00 00 00 00 00 00 00 0.000 0.000 0.000 0 0.000 0.000 0.000 0.000 0.000 0.000   20171117131532878
B0 0000 00 00 00 00 00 00 00 00 00 0.000 0.000 0.000 0 0.000 0.000 0.000 0.000 0.000 0.000   20171117131533043
B0 0000 00 00 00 00 00 00 00 00 00 0.000 0.000 0.000 0 0.000 0.000 0.000 0.000 0.000 0.000   20171117131533209
B0 0000 00 00 00 00 00 00 00 00 00 0.000 0.000 0.000 0 0.000 0.000 0.000 0.000 0.000 0.000   20171117131533402
B0 0000 00 00 00 00 00 00 00 00 00 0.000 0.000 0.000 0 0.000 0.000 0.000 0.000 0.000 0.000   20171117131533659
B0 0000 00 00 00 00 00 00 00 00 00 0.000 0.000 0.000 0 0.000 0.000 0.000 0.000 0.000 0.000   20171117131533857
B0 0000 00 00 00 00 00 00 00 00 00 0.000 0.000 0.000 0 0.000 0.000 0.000 0.000 0.000 0.000   20171117131534068
B0 0000 00 00 00 00 00 00 00 00 00 0.000 0.000 0.000 0 0.000 0.000 0.000 0.000 0.000 0.000   20171117131534260
B0 0000 00 00 00 00 00 00 00 00 00 0.000 0.000 0.000 0 0.000 0.000 0.000 0.000 0.000 0.000   20171117131534459
B0 0000 00 00 00 00 00 00 00 00 00 0.000 0.000 0.000 0 0.000 0.000 0.000 0.000 0.000 0.000   20171117131534656
B0 0000 00 00 00 00 00 00 00 00 00 0.000 0.000 0.000 0 0.000 0.000 0.000 0.000 0.000 0.000   20171117131534846
B0 0000 00 00 00 00 00 00 00 00 00 0.000 0.000 0.000 0 0.000 0.000 0.000 0.000 0.000 0.000   20171117131535054
B0 0000 00 00 00 00 00 00 00 00 00 0.000 0.000 0.000 0 0.000 0.000 0.000 0.000 0.000 0.000   20171117131535262
B0 0000 00 00 00 00 00 00 00 00 00 0.000 0.000 0.000 0 0.000 0.000 0.000 0.000 0.000 0.000   20171117131535460
B0 0000 00 00 00 00 00 00 00 00 00 0.000 0.000 0.000 0 0.000 0.000 0.000 0.000 0.000 0.000   20171117131535652
B0 0000 00 00 00 00 00 00 00 00 00 0.000 0.000 0.000 0 0.000 0.000 0.000 0.000 0.000 0.000   20171117131535840
B0 0000 00 00 00 00 00 00 00 00 00 0.000 0.000 0.000 0 0.000 0.000 0.000 0.000 0.000 0.000   20171117131536037
B0 0000 00 00 00 00 00 00 00 00 00 0.000 0.000 0.000 0 0.000 0.000 0.000 0.000 0.000 0.000   20171117131536230
B0 0000 00 00 00 00 00 00 00 00 00 0.000 0.000 0.000 0 0.000 0.000 0.000 0.000 0.000 0.000   20171117131536441
B0 0000 00 00 00 00 00 00 00 00 00 0.000 0.000 0.000 0 0.000 0.000 0.000 0.000 0.000 0.000   20171117131536646
B0 0000 00 00 00 00 00 00 00 00 00 0.000 0.000 0.000 0 0.000 0.000 0.000 0.000 0.000 0.000   20171117131536836
B0 0000 00 00 00 00 00 00 00 00 00 0.000 0.000 0.000 0 0.000 0.000 0.000 0.000 0.000 0.000   20171117131537039
B0 0000 00 00 00 00 00 00 00 00 00 0.000 0.000 0.000 0 0.000 0.000 0.000 0.000 0.000 0.000   20171117131537220
B0 0000 00 00 00 00 00 00 00 00 00 0.000 0.000 0.000 0 0.000 0.000 0.000 0.000 0.000 0.000   20171117131537391
B0 0000 00 00 00 00 00 00 00 00 00 0.000 0.000 0.000 0 0.000 0.000 0.000 0.000 0.000 0.000   20171117131537562
B0 0000 00 00 00 00 00 00 00 00 00 0.000 0.000 0.000 0 0.000 0.000 0.000 0.000 0.000 0.000   20171117131537737
B0 0000 00 00 00 00 00 00 00 00 00 0.000 0.000 0.000 0 0.000 0.000 0.000 0.000 0.000 0.000   20171117131537906
B0 0000 00 00 00 00 00 00 00 00 00 0.000 0.000 0.000 0 0.000 0.000 0.000 0.000 0.000 0.000   20171117131538085
B0 0000 00 00 00 00 00 00 00 00 00 0.000 0.000 0.000 0 0.000 0.000 0.000 0.000 0.000 0.000   20171117131538263
B0 0000 00 00 00 00 00 00 00 00 00 0.000 0.000 0.000 0 0.000 0.000 0.000 0.000 0.000 0.000   20171117131538437
B0 0000 00 00 00 00 00 00 00 00 00 0.000 0.000 0.000 0 0.000 0.000 0.000 0.000 0.000 0.000   20171117131538616
B0 0000 00 00 00 00 00 00 00 00 00 0.000 0.000 0.000 0 0.000 0.000 0.000 0.000 0.000 0.000   20171117131538796
B0 0000 00 00 00 00 00 00 00 00 00 0.000 0.000 0.000 0 0.000 0.000 0.000 0.000 0.000 0.000   20171117131538975
B0 0000 00 00 00 00 00 00 00 00 00 0.000 0.000 0.000 0 0.000 0.000 0.000 0.000 0.000 0.000   20171117131539156
B0 0000 00 00 00 00 00 00 00 00 00 0.000 0.000 0.000 0 0.000 0.000 0.000 0.000 0.000 0.000   20171117131539329
B0 0000 00 00 00 00 00 00 00 00 00 0.000 0.000 0.000 0 0.000 0.000 0.000 0.000 0.000 0.000   20171117131539535
B0 0000 00 00 00 00 00 00 00 00 00 0.000 0.000 0.000 0 0.000 0.000 0.000 0.000 0.000 0.000   20171117131539788
B0 0000 00 00 00 00 00 00 00 00 00 0.000 0.000 0.000 0 0.000 0.000 0.000 0.000 0.000 0.000   20171117131540013
B0 0000 00 00 00 00 00 00 00 00 00 0.000 0.000 0.000 0 0.000 0.000 0.000 0.000 0.000 0.000   20171117131540230
B0 0000 00 00 00 00 00 00 00 00 00 0.000 0.000 0.000 0 0.000 0.000 0.000 0.000 0.000 0.000   20171117131540455
B0 0000 00 00 00 00 00 00 00 00 00 0.000 0.000 0.000 0 0.000 0.000 0.000 0.000 0.000 0.000   20171117131540685
B0 0000 00 00 00 00 00 00 00 00 00 0.000 0.000 0.000 0 0.000 0.000 0.000 0.000 0.000 0.000   20171117131540916
B0 0000 00 00 00 00 00 00 00 00 00 0.000 0.000 0.000 0 0.000 0.000 0.000 0.000 0.000 0.000   20171117131541108
B0 0000 00 00 00 00 00 00 00 00 00 0.000 0.000 0.000 0 0.000 0.000 0.000 0.000 0.000 0.000   20171117131541322
B0 0000 00 00 00 00 00 00 00 00 00 0.000 0.000 0.000 0 0.000 0.000 0.000 0.000 0.000 0.000   20171117131541487
B0 0000 00 00 00 00 00 00 00 00 00 0.000 0.000 0.000 0 0.000 0.000 0.000 0.000 0.000 0.000   20171117131541747
B0 0000 00 00 00 00 00 00 00 00 00 0.000 0.000 0.000 0 0.000 0.000 0.000 0.000 0.000 0.000   20171117131541980
B0 0000 00 00 00 00 00 00 00 00 00 0.000 0.000 0.000 0 0.000 0.000 0.000 0.000 0.000 0.000   20171117131542202
B0 0000 00 00 00 00 00 00 00 00 00 0.000 0.000 0.000 0 0.000 0.000 0.000 0.000 0.000 0.000   20171117131542441
B0 0000 00 00 00 00 00 00 00 00 00 0.000 0.000 0.000 0 0.000 0.000 0.000 0.000 0.000 0.000   20171117131542693
B0 0000 00 00 00 00 00 00 00 00 00 0.000 0.000 0.000 0 0.000 0.000 0.000 0.000 0.000 0.000   20171117131542914
B0 0000 00 00 00 00 00 00 00 00 00 0.000 0.000 0.000 0 0.000 0.000 0.000 0.000 0.000 0.000   20171117131543150
B0 0000 00 00 00 00 00 00 00 00 00 0.000 0.000 0.000 0 0.000 0.000 0.000 0.000 0.000 0.000   20171117131543409
B0 0000 00 00 00 00 00 00 00 00 00 0.000 0.000 0.000 0 0.000 0.000 0.000 0.000 0.000 0.000   20171117131543615
B0 0000 00 00 00 00 00 00 00 00 00 0.000 0.000 0.000 0 0.000 0.000 0.000 0.000 0.000 0.000   20171117131543816
B0 0000 00 00 00 00 00 00 00 00 00 0.000 0.000 0.000 0 0.000 0.000 0.000 0.000 0.000 0.000   20171117131544017
B0 0000 00 00 00 00 00 00 00 00 00 0.000 0.000 0.000 0 0.000 0.000 0.000 0.000 0.000 0.000   20171117131544225
B0 0000 00 00 00 00 00 00 00 00 00 0.000 0.000 0.000 0 0.000 0.000 0.000 0.000 0.000 0.000   20171117131544441
B0 0000 00 00 00 00 00 00 00 00 00 0.000 0.000 0.000 0 0.000 0.000 0.000 0.000 0.000 0.000   20171117131544654
B0 0000 00 00 00 00 00 00 00 00 00 0.000 0.000 0.000 0 0.000 0.000 0.000 0.000 0.000 0.000   20171117131544858
B0 0000 00 00 00 00 00 00 00 00 00 0.000 0.000 0.000 0 0.000 0.000 0.000 0.000 0.000 0.000   20171117131545077
B0 0000 00 00 00 00 00 00 00 00 00 0.000 0.000 0.000 0 0.000 0.000 0.000 0.000 0.000 0.000   20171117131545297
B0 0000 00 00 00 00 00 00 00 00 00 0.000 0.000 0.000 0 0.000 0.000 0.000 0.000 0.000 0.000   20171117131545499
B0 0000 00 00 00 00 00 00 00 00 00 0.000 0.000 0.000 0 0.000 0.000 0.000 0.000 0.000 0.000   20171117131545705
B0 0000 00 00 00 00 00 00 00 00 00 0.000 0.000 0.000 0 0.000 0.000 0.000 0.000 0.000 0.000   20171117131545919
B0 0000 00 00 00 00 00 00 00 00 00 0.000 0.000 0.000 0 0.000 0.000 0.000 0.000 0.000 0.000   20171117131546139
B0 0000 00 00 00 00 00 00 00 00 00 0.000 0.000 0.000 0 0.000 0.000 0.000 0.000 0.000 0.000   20171117131546359
B0 0000 00 00 00 00 00 00 00 00 00 0.000 0.000 0.000 0 0.000 0.000 0.000 0.000 0.000 0.000   20171117131546561
B0 0000 00 00 00 00 00 00 00 00 00 0.000 0.000 0.000 0 0.000 0.000 0.000 0.000 0.000 0.000   20171117131546762
B0 0000 00 00 00 00 00 00 00 00 00 0.000 0.000 0.000 0 0.000 0.000 0.000 0.000 0.000 0.000   20171117131546969
B0 0000 00 00 00 00 00 00 00 00 00 0.000 0.000 0.000 0 0.000 0.000 0.000 0.000 0.000 0.000   20171117131547183
B0 0000 00 00 00 00 00 00 00 00 00 0.000 0.000 0.000 0 0.000 0.000 0.000 0.000 0.000 0.000   20171117131547408
B0 0000 00 00 00 00 00 00 00 00 00 0.000 0.000 0.000 0 0.000 0.000 0.000 0.000 0.000 0.000   20171117131547625
B0 0000 00 00 00 00 00 00 00 00 00 0.000 0.000 0.000 0 0.000 0.000 0.000 0.000 0.000 0.000   20171117131547838
B0 0000 00 00 00 00 00 00 00 00 00 0.000 0.000 0.000 0 0.000 0.000 0.000 0.000 0.000 0.000   20171117131548038
B0 0000 00 00 00 00 00 00 00 00 00 0.000 0.000 0.000 0 0.000 0.000 0.000 0.000 0.000 0.000   20171117131548279
B0 0000 00 00 00 00 00 00 00 00 00 0.000 0.000 0.000 0 0.000 0.000 0.000 0.000 0.000 0.000   20171117131548506
B0 0000 00 00 00 00 00 00 00 00 00 0.000 0.000 0.000 0 0.000 0.000 0.000 0.000 0.000 0.000   20171117131548711
B0 0000 00 00 00 00 00 00 00 00 00 0.000 0.000 0.000 0 0.000 0.000 0.000 0.000 0.000 0.000   20171117131548949
B0 0000 00 00 00 00 00 00 00 00 00 0.000 0.000 0.000 0 0.000 0.000 0.000 0.000 0.000 0.000   20171117131549165
B0 0000 00 00 00 00 00 00 00 00 00 0.000 0.000 0.000 0 0.000 0.000 0.000 0.000 0.000 0.000   20171117131549385
B0 0000 00 00 00 00 00 00 00 00 00 0.000 0.000 0.000 0 0.000 0.000 0.000 0.000 0.000 0.000   20171117131549634
B0 0000 00 00 00 00 00 00 00 00 00 0.000 0.000 0.000 0 0.000 0.000 0.000 0.000 0.000 0.000   20171117131549853
B0 0000 00 00 00 00 00 00 00 00 00 0.000 0.000 0.000 0 0.000 0.000 0.000 0.000 0.000 0.000   20171117131550054
B0 0000 00 00 00 00 00 00 00 00 00 0.000 0.000 0.000 0 0.000 0.000 0.000 0.000 0.000 0.000   20171117131550232
B0 0000 00 00 00 00 00 00 00 00 00 0.000 0.000 0.000 0 0.000 0.000 0.000 0.000 0.000 0.000   20171117131550404
B0 0000 00 00 00 00 00 00 00 00 00 0.000 0.000 0.000 0 0.000 0.000 0.000 0.000 0.000 0.000   20171117131550586
B0 0000 00 00 00 00 00 00 00 00 00 0.000 0.000 0.000 0 0.000 0.000 0.000 0.000 0.000 0.000   20171117131550805
B0 0000 00 00 00 00 00 00 00 00 00 0.000 0.000 0.000 0 0.000 0.000 0.000 0.000 0.000 0.000   20171117131551035
B0 0000 00 00 00 00 00 00 00 00 00 0.000 0.000 0.000 0 0.000 0.000 0.000 0.000 0.000 0.000   20171117131551239
B0 0000 00 00 00 00 00 00 00 00 00 0.000 0.000 0.000 0 0.000 0.000 0.000 0.000 0.000 0.000   20171117131551463
B0 0000 00 00 00 00 00 00 00 00 00 0.000 0.000 0.000 0 0.000 0.000 0.000 0.000 0.000 0.000   20171117131551680
B0 0000 00 00 00 00 00 00 00 00 00 0.000 0.000 0.000 0 0.000 0.000 0.000 0.000 0.000 0.000   20171117131551915
B0 0000 00 00 00 00 00 00 00 00 00 0.000 0.000 0.000 0 0.000 0.000 0.000 0.000 0.000 0.000   20171117131552125
B0 0000 00 00 00 00 00 00 00 00 00 0.000 0.000 0.000 0 0.000 0.000 0.000 0.000 0.000 0.000   20171117131552382
B0 0000 00 00 00 00 00 00 00 00 00 0.000 0.000 0.000 0 0.000 0.000 0.000 0.000 0.000 0.000   20171117131552610
B0 0000 00 00 00 00 00 00 00 00 00 0.000 0.000 0.000 0 0.000 0.000 0.000 0.000 0.000 0.000   20171117131552884
B0 0000 00 00 00 00 00 00 00 00 00 0.000 0.000 0.000 0 0.000 0.000 0.000 0.000 0.000 0.000   20171117131553102
B0 0000 00 00 00 00 00 00 00 00 00 0.000 0.000 0.000 0 0.000 0.000 0.000 0.000 0.000 0.000   20171117131553306
B0 0000 00 00 00 00 00 00 00 00 00 0.000 0.000 0.000 0 0.000 0.000 0.000 0.000 0.000 0.000   20171117131553520
B0 0000 00 00 00 00 00 00 00 00 00 0.000 0.000 0.000 0 0.000 0.000 0.000 0.000 0.000 0.000   20171117131553730
B0 0000 00 00 00 00 00 00 00 00 00 0.000 0.000 0.000 0 0.000 0.000 0.000 0.000 0.000 0.000   20171117131553958
B0 0000 00 00 00 00 00 00 00 00 00 0.000 0.000 0.000 0 0.000 0.000 0.000 0.000 0.000 0.000   20171117131554170
B0 0000 00 00 00 00 00 00 00 00 00 0.000 0.000 0.000 0 0.000 0.000 0.000 0.000 0.000 0.000   20171117131554399
B0 0000 00 00 00 00 00 00 00 00 00 0.000 0.000 0.000 0 0.000 0.000 0.000 0.000 0.000 0.000   20171117131554629
B0 0000 00 00 00 00 00 00 00 00 00 0.000 0.000 0.000 0 0.000 0.000 0.000 0.000 0.000 0.000   20171117131554868
B0 0000 00 00 00 00 00 00 00 00 00 0.000 0.000 0.000 0 0.000 0.000 0.000 0.000 0.000 0.000   20171117131555089
B0 0000 00 00 00 00 00 00 00 00 00 0.000 0.000 0.000 0 0.000 0.000 0.000 0.000 0.000 0.000   20171117131555297
B0 0000 00 00 00 00 00 00 00 00 00 0.000 0.000 0.000 0 0.000 0.000 0.000 0.000 0.000 0.000   20171117131555539
B0 0000 00 00 00 00 00 00 00 00 00 0.000 0.000 0.000 0 0.000 0.000 0.000 0.000 0.000 0.000   20171117131555714
B0 0000 00 00 00 00 00 00 00 00 00 0.000 0.000 0.000 0 0.000 0.000 0.000 0.000 0.000 0.000   20171117131555890
B0 0000 00 00 00 00 00 00 00 00 00 0.000 0.000 0.000 0 0.000 0.000 0.000 0.000 0.000 0.000   20171117131556073
B0 0000 00 00 00 00 00 00 00 00 00 0.000 0.000 0.000 0 0.000 0.000 0.000 0.000 0.000 0.000   20171117131556247
B0 0000 00 00 00 00 00 00 00 00 00 0.000 0.000 0.000 0 0.000 0.000 0.000 0.000 0.000 0.000   20171117131556422
B0 0000 00 00 00 00 00 00 00 00 00 0.000 0.000 0.000 0 0.000 0.000 0.000 0.000 0.000 0.000   20171117131556605
B0 0000 00 00 00 00 00 00 00 00 00 0.000 0.000 0.000 0 0.000 0.000 0.000 0.000 0.000 0.000   20171117131556781
B0 0000 00 00 00 00 00 00 00 00 00 0.000 0.000 0.000 0 0.000 0.000 0.000 0.000 0.000 0.000   20171117131556957
B0 0000 00 00 00 00 00 00 00 00 00 0.000 0.000 0.000 0 0.000 0.000 0.000 0.000 0.000 0.000   20171117131557121
B0 0000 00 00 00 00 00 00 00 00 00 0.000 0.000 0.000 0 0.000 0.000 0.000 0.000 0.000 0.000   20171117131557296
B0 0000 00 00 00 00 00 00 00 00 00 0.000 0.000 0.000 0 0.000 0.000 0.000 0.000 0.000 0.000   20171117131557465
B0 0000 00 00 00 00 00 00 00 00 00 0.000 0.000 0.000 0 0.000 0.000 0.000 0.000 0.000 0.000   20171117131557634
B0 0000 00 00 00 00 00 00 00 00 00 0.000 0.000 0.000 0 0.000 0.000 0.000 0.000 0.000 0.000   20171117131557818
B0 0000 00 00 00 00 00 00 00 00 00 0.000 0.000 0.000 0 0.000 0.000 0.000 0.000 0.000 0.000   20171117131557993
B0 0000 00 00 00 00 00 00 00 00 00 0.000 0.000 0.000 0 0.000 0.000 0.000 0.000 0.000 0.000   20171117131558165
B0 0000 00 00 00 00 00 00 00 00 00 0.000 0.000 0.000 0 0.000 0.000 0.000 0.000 0.000 0.000   20171117131558342
B0 0000 00 00 00 00 00 00 00 00 00 0.000 0.000 0.000 0 0.000 0.000 0.000 0.000 0.000 0.000   20171117131558523
B0 0000 00 00 00 00 00 00 00 00 00 0.000 0.000 0.000 0 0.000 0.000 0.000 0.000 0.000 0.000   20171117131558705
B0 0000 00 00 00 00 00 00 00 00 00 0.000 0.000 0.000 0 0.000 0.000 0.000 0.000 0.000 0.000   20171117131558899
B0 0000 00 00 00 00 00 00 00 00 00 0.000 0.000 0.000 0 0.000 0.000 0.000 0.000 0.000 0.000   20171117131559109
B0 0000 00 00 00 00 00 00 00 00 00 0.000 0.000 0.000 0 0.000 0.000 0.000 0.000 0.000 0.000   20171117131559351
B0 0000 00 00 00 00 00 00 00 00 00 0.000 0.000 0.000 0 0.000 0.000 0.000 0.000 0.000 0.000   20171117131559560
B0 0000 00 00 00 00 00 00 00 00 00 0.000 0.000 0.000 0 0.000 0.000 0.000 0.000 0.000 0.000   20171117131559772
B0 0000 00 00 00 00 00 00 00 00 00 0.000 0.000 0.000 0 0.000 0.000 0.000 0.000 0.000 0.000   20171117131559984
B0 0000 00 00 00 00 00 00 00 00 00 0.000 0.000 0.000 0 0.000 0.000 0.000 0.000 0.000 0.000   20171117131600185
B0 0000 00 00 00 00 00 00 00 00 00 0.000 0.000 0.000 0 0.000 0.000 0.000 0.000 0.000 0.000   20171117131600395
B0 0000 00 00 00 00 00 00 00 00 00 0.000 0.000 0.000 0 0.000 0.000 0.000 0.000 0.000 0.000   20171117131600664
B0 0000 00 00 00 00 00 00 00 00 00 0.000 0.000 0.000 0 0.000 0.000 0.000 0.000 0.000 0.000   20171117131600884
B0 0000 00 00 00 00 00 00 00 00 00 0.000 0.000 0.000 0 0.000 0.000 0.000 0.000 0.000 0.000   20171117131601106
B0 0000 00 00 00 00 00 00 00 00 00 0.000 0.000 0.000 0 0.000 0.000 0.000 0.000 0.000 0.000   20171117131601344
B0 0000 00 00 00 00 00 00 00 00 00 0.000 0.000 0.000 0 0.000 0.000 0.000 0.000 0.000 0.000   20171117131601584
B0 0000 00 00 00 00 00 00 00 00 00 0.000 0.000 0.000 0 0.000 0.000 0.000 0.000 0.000 0.000   20171117131601819
B0 0000 00 00 00 00 00 00 00 00 00 0.000 0.000 0.000 0 0.000 0.000 0.000 0.000 0.000 0.000   20171117131602040
B0 0000 00 00 00 00 00 00 00 00 00 0.000 0.000 0.000 0 0.000 0.000 0.000 0.000 0.000 0.000   20171117131602290
B0 0000 00 00 00 00 00 00 00 00 00 0.000 0.000 0.000 0 0.000 0.000 0.000 0.000 0.000 0.000   20171117131602526
B0 0000 00 00 00 00 00 00 00 00 00 0.000 0.000 0.000 0 0.000 0.000 0.000 0.000 0.000 0.000   20171117131602767
B0 0000 00 00 00 00 00 00 00 00 00 0.000 0.000 0.000 0 0.000 0.000 0.000 0.000 0.000 0.000   20171117131602989
B0 0000 00 00 00 00 00 00 00 00 00 0.000 0.000 0.000 0 0.000 0.000 0.000 0.000 0.000 0.000   20171117131603215
B0 0000 00 00 00 00 00 00 00 00 00 0.000 0.000 0.000 0 0.000 0.000 0.000 0.000 0.000 0.000   20171117131603446
B0 0000 00 00 00 00 00 00 00 00 00 0.000 0.000 0.000 0 0.000 0.000 0.000 0.000 0.000 0.000   20171117131603658
B0 0000 00 00 00 00 00 00 00 00 00 0.000 0.000 0.000 0 0.000 0.000 0.000 0.000 0.000 0.000   20171117131603893
B0 0000 00 00 00 00 00 00 00 00 00 0.000 0.000 0.000 0 0.000 0.000 0.000 0.000 0.000 0.000   20171117131604165
B0 0000 00 00 00 00 00 00 00 00 00 0.000 0.000 0.000 0 0.000 0.000 0.000 0.000 0.000 0.000   20171117131604380
B0 0000 00 00 00 00 00 00 00 00 00 0.000 0.000 0.000 0 0.000 0.000 0.000 0.000 0.000 0.000   20171117131604597
B0 0000 00 00 00 00 00 00 00 00 00 0.000 0.000 0.000 0 0.000 0.000 0.000 0.000 0.000 0.000   20171117131604831
B0 0000 00 00 00 00 00 00 00 00 00 0.000 0.000 0.000 0 0.000 0.000 0.000 0.000 0.000 0.000   20171117131605071
B0 0000 00 00 00 00 00 00 00 00 00 0.000 0.000 0.000 0 0.000 0.000 0.000 0.000 0.000 0.000   20171117131605251
B0 0000 00 00 00 00 00 00 00 00 00 0.000 0.000 0.000 0 0.000 0.000 0.000 0.000 0.000 0.000   20171117131605444
B0 0000 00 00 00 00 00 00 00 00 00 0.000 0.000 0.000 0 0.000 0.000 0.000 0.000 0.000 0.000   20171117131605644
B0 0000 00 00 00 00 00 00 00 00 00 0.000 0.000 0.000 0 0.000 0.000 0.000 0.000 0.000 0.000   20171117131605835
B0 0000 00 00 00 00 00 00 00 00 00 0.000 0.000 0.000 0 0.000 0.000 0.000 0.000 0.000 0.000   20171117131606051
B0 0000 00 00 00 00 00 00 00 00 00 0.000 0.000 0.000 0 0.000 0.000 0.000 0.000 0.000 0.000   20171117131606273
B0 0000 00 00 00 00 00 00 00 00 00 0.000 0.000 0.000 0 0.000 0.000 0.000 0.000 0.000 0.000   20171117131606476
B0 0000 00 00 00 00 00 00 00 00 00 0.000 0.000 0.000 0 0.000 0.000 0.000 0.000 0.000 0.000   20171117131606674
B0 0000 00 00 00 00 00 00 00 00 00 0.000 0.000 0.000 0 0.000 0.000 0.000 0.000 0.000 0.000   20171117131606904
B0 0000 00 00 00 00 00 00 00 00 00 0.000 0.000 0.000 0 0.000 0.000 0.000 0.000 0.000 0.000   20171117131607175
B0 0000 00 00 00 00 00 00 00 00 00 0.000 0.000 0.000 0 0.000 0.000 0.000 0.000 0.000 0.000   20171117131607398
B0 0000 00 00 00 00 00 00 00 00 00 0.000 0.000 0.000 0 0.000 0.000 0.000 0.000 0.000 0.000   20171117131607604
B0 0000 00 00 00 00 00 00 00 00 00 0.000 0.000 0.000 0 0.000 0.000 0.000 0.000 0.000 0.000   20171117131607793
B0 0000 00 00 00 00 00 00 00 00 00 0.000 0.000 0.000 0 0.000 0.000 0.000 0.000 0.000 0.000   20171117131607990
B0 0000 00 00 00 00 00 00 00 00 00 0.000 0.000 0.000 0 0.000 0.000 0.000 0.000 0.000 0.000   20171117131608170
B0 0000 00 00 00 00 00 00 00 00 00 0.000 0.000 0.000 0 0.000 0.000 0.000 0.000 0.000 0.000   20171117131608337
B0 0000 00 00 00 00 00 00 00 00 00 0.000 0.000 0.000 0 0.000 0.000 0.000 0.000 0.000 0.000   20171117131608511
B0 0000 00 00 00 00 00 00 00 00 00 0.000 0.000 0.000 0 0.000 0.000 0.000 0.000 0.000 0.000   20171117131608693
B0 0000 00 00 00 00 00 00 00 00 00 0.000 0.000 0.000 0 0.000 0.000 0.000 0.000 0.000 0.000   20171117131608875
B0 0000 00 00 00 00 00 00 00 00 00 0.000 0.000 0.000 0 0.000 0.000 0.000 0.000 0.000 0.000   20171117131609064
B0 0000 00 00 00 00 00 00 00 00 00 0.000 0.000 0.000 0 0.000 0.000 0.000 0.000 0.000 0.000   20171117131609243
B0 0000 00 00 00 00 00 00 00 00 00 0.000 0.000 0.000 0 0.000 0.000 0.000 0.000 0.000 0.000   20171117131609410
B0 0000 00 00 00 00 00 00 00 00 00 0.000 0.000 0.000 0 0.000 0.000 0.000 0.000 0.000 0.000   20171117131609680
B0 0000 00 00 00 00 00 00 00 00 00 0.000 0.000 0.000 0 0.000 0.000 0.000 0.000 0.000 0.000   20171117131609995
B0 0000 00 00 00 00 00 00 00 00 00 0.000 0.000 0.000 0 0.000 0.000 0.000 0.000 0.000 0.000   20171117131610204
B0 0000 00 00 00 00 00 00 00 00 00 0.000 0.000 0.000 0 0.000 0.000 0.000 0.000 0.000 0.000   20171117131610374
B0 0000 00 00 00 00 00 00 00 00 00 0.000 0.000 0.000 0 0.000 0.000 0.000 0.000 0.000 0.000   20171117131610579
B0 0000 00 00 00 00 00 00 00 00 00 0.000 0.000 0.000 0 0.000 0.000 0.000 0.000 0.000 0.000   20171117131611175
B0 0000 00 00 00 00 00 00 00 00 00 0.000 0.000 0.000 0 0.000 0.000 0.000 0.000 0.000 0.000   20171117131611397
B0 0000 00 00 00 00 00 00 00 00 00 0.000 0.000 0.000 0 0.000 0.000 0.000 0.000 0.000 0.000   20171117131611601
B0 0000 00 00 00 00 00 00 00 00 00 0.000 0.000 0.000 0 0.000 0.000 0.000 0.000 0.000 0.000   20171117131611840
B0 0000 00 00 00 00 00 00 00 00 00 0.000 0.000 0.000 0 0.000 0.000 0.000 0.000 0.000 0.000   20171117131612056
B0 0000 00 00 00 00 00 00 00 00 00 0.000 0.000 0.000 0 0.000 0.000 0.000 0.000 0.000 0.000   20171117131612277
B0 0000 00 00 00 00 00 00 00 00 00 0.000 0.000 0.000 0 0.000 0.000 0.000 0.000 0.000 0.000   20171117131612504
B0 0000 00 00 00 00 00 00 00 00 00 0.000 0.000 0.000 0 0.000 0.000 0.000 0.000 0.000 0.000   20171117131612749
B0 0000 00 00 00 00 00 00 00 00 00 0.000 0.000 0.000 0 0.000 0.000 0.000 0.000 0.000 0.000   20171117131612948
B0 0000 00 00 00 00 00 00 00 00 00 0.000 0.000 0.000 0 0.000 0.000 0.000 0.000 0.000 0.000   20171117131613154
B0 0000 00 00 00 00 00 00 00 00 00 0.000 0.000 0.000 0 0.000 0.000 0.000 0.000 0.000 0.000   20171117131613343
B0 0000 00 00 00 00 00 00 00 00 00 0.000 0.000 0.000 0 0.000 0.000 0.000 0.000 0.000 0.000   20171117131613526
B0 0000 00 00 00 00 00 00 00 00 00 0.000 0.000 0.000 0 0.000 0.000 0.000 0.000 0.000 0.000   20171117131613728
B0 0000 00 00 00 00 00 00 00 00 00 0.000 0.000 0.000 0 0.000 0.000 0.000 0.000 0.000 0.000   20171117131613901
B0 0000 00 00 00 00 00 00 00 00 00 0.000 0.000 0.000 0 0.000 0.000 0.000 0.000 0.000 0.000   20171117131614080
B0 0000 00 00 00 00 00 00 00 00 00 0.000 0.000 0.000 0 0.000 0.000 0.000 0.000 0.000 0.000   20171117131614259
B0 0000 00 00 00 00 00 00 00 00 00 0.000 0.000 0.000 0 0.000 0.000 0.000 0.000 0.000 0.000   20171117131614460
B0 0000 00 00 00 00 00 00 00 00 00 0.000 0.000 0.000 0 0.000 0.000 0.000 0.000 0.000 0.000   20171117131614658
B0 0000 00 00 00 00 00 00 00 00 00 0.000 0.000 0.000 0 0.000 0.000 0.000 0.000 0.000 0.000   20171117131614845
B0 0000 00 00 00 00 00 00 00 00 00 0.000 0.000 0.000 0 0.000 0.000 0.000 0.000 0.000 0.000   20171117131615018
B0 0000 00 00 00 00 00 00 00 00 00 0.000 0.000 0.000 0 0.000 0.000 0.000 0.000 0.000 0.000   20171117131615210
B0 0000 00 00 00 00 00 00 00 00 00 0.000 0.000 0.000 0 0.000 0.000 0.000 0.000 0.000 0.000   20171117131615390
B0 0000 00 00 00 00 00 00 00 00 00 0.000 0.000 0.000 0 0.000 0.000 0.000 0.000 0.000 0.000   20171117131615578
B0 0000 00 00 00 00 00 00 00 00 00 0.000 0.000 0.000 0 0.000 0.000 0.000 0.000 0.000 0.000   20171117131615775
B0 0000 00 00 00 00 00 00 00 00 00 0.000 0.000 0.000 0 0.000 0.000 0.000 0.000 0.000 0.000   20171117131615965
B0 0000 00 00 00 00 00 00 00 00 00 0.000 0.000 0.000 0 0.000 0.000 0.000 0.000 0.000 0.000   20171117131616166
B0 0000 00 00 00 00 00 00 00 00 00 0.000 0.000 0.000 0 0.000 0.000 0.000 0.000 0.000 0.000   20171117131616353
B0 0000 00 00 00 00 00 00 00 00 00 0.000 0.000 0.000 0 0.000 0.000 0.000 0.000 0.000 0.000   20171117131616527
B0 0000 00 00 00 00 00 00 00 00 00 0.000 0.000 0.000 0 0.000 0.000 0.000 0.000 0.000 0.000   20171117131616724
B0 0000 00 00 00 00 00 00 00 00 00 0.000 0.000 0.000 0 0.000 0.000 0.000 0.000 0.000 0.000   20171117131616909
B0 0000 00 00 00 00 00 00 00 00 00 0.000 0.000 0.000 0 0.000 0.000 0.000 0.000 0.000 0.000   20171117131617087
B0 0000 00 00 00 00 00 00 00 00 00 0.000 0.000 0.000 0 0.000 0.000 0.000 0.000 0.000 0.000   20171117131617297
B0 0000 00 00 00 00 00 00 00 00 00 0.000 0.000 0.000 0 0.000 0.000 0.000 0.000 0.000 0.000   20171117131617520
B0 0000 00 00 00 00 00 00 00 00 00 0.000 0.000 0.000 0 0.000 0.000 0.000 0.000 0.000 0.000   20171117131617728
B0 0000 00 00 00 00 00 00 00 00 00 0.000 0.000 0.000 0 0.000 0.000 0.000 0.000 0.000 0.000   20171117131617942
B0 0000 00 00 00 00 00 00 00 00 00 0.000 0.000 0.000 0 0.000 0.000 0.000 0.000 0.000 0.000   20171117131618163
B0 0000 00 00 00 00 00 00 00 00 00 0.000 0.000 0.000 0 0.000 0.000 0.000 0.000 0.000 0.000   20171117131618369
B0 0000 00 00 00 00 00 00 00 00 00 0.000 0.000 0.000 0 0.000 0.000 0.000 0.000 0.000 0.000   20171117131618564
B0 0000 00 00 00 00 00 00 00 00 00 0.000 0.000 0.000 0 0.000 0.000 0.000 0.000 0.000 0.000   20171117131618784
B0 0000 00 00 00 00 00 00 00 00 00 0.000 0.000 0.000 0 0.000 0.000 0.000 0.000 0.000 0.000   20171117131618995
B0 0000 00 00 00 00 00 00 00 00 00 0.000 0.000 0.000 0 0.000 0.000 0.000 0.000 0.000 0.000   20171117131619219
B0 0000 00 00 00 00 00 00 00 00 00 0.000 0.000 0.000 0 0.000 0.000 0.000 0.000 0.000 0.000   20171117131619424
B0 0000 00 00 00 00 00 00 00 00 00 0.000 0.000 0.000 0 0.000 0.000 0.000 0.000 0.000 0.000   20171117131619641
B0 0000 00 00 00 00 00 00 00 00 00 0.000 0.000 0.000 0 0.000 0.000 0.000 0.000 0.000 0.000   20171117131619870
B0 0000 00 00 00 00 00 00 00 00 00 0.000 0.000 0.000 0 0.000 0.000 0.000 0.000 0.000 0.000   20171117131620092
B0 0000 00 00 00 00 00 00 00 00 00 0.000 0.000 0.000 0 0.000 0.000 0.000 0.000 0.000 0.000   20171117131620306
B0 0000 00 00 00 00 00 00 00 00 00 0.000 0.000 0.000 0 0.000 0.000 0.000 0.000 0.000 0.000   20171117131620516
B0 0000 00 00 00 00 00 00 00 00 00 0.000 0.000 0.000 0 0.000 0.000 0.000 0.000 0.000 0.000   20171117131620743
B0 0000 00 00 00 00 00 00 00 00 00 0.000 0.000 0.000 0 0.000 0.000 0.000 0.000 0.000 0.000   20171117131620971
B0 0000 00 00 00 00 00 00 00 00 00 0.000 0.000 0.000 0 0.000 0.000 0.000 0.000 0.000 0.000   20171117131621175
B0 0000 00 00 00 00 00 00 00 00 00 0.000 0.000 0.000 0 0.000 0.000 0.000 0.000 0.000 0.000   20171117131621397
B0 0000 00 00 00 00 00 00 00 00 00 0.000 0.000 0.000 0 0.000 0.000 0.000 0.000 0.000 0.000   20171117131621613
B0 0000 00 00 00 00 00 00 00 00 00 0.000 0.000 0.000 0 0.000 0.000 0.000 0.000 0.000 0.000   20171117131621844
B0 0000 00 00 00 00 00 00 00 00 00 0.000 0.000 0.000 0 0.000 0.000 0.000 0.000 0.000 0.000   20171117131622060
B0 0000 00 00 00 00 00 00 00 00 00 0.000 0.000 0.000 0 0.000 0.000 0.000 0.000 0.000 0.000   20171117131622257
B0 0000 00 00 00 00 00 00 00 00 00 0.000 0.000 0.000 0 0.000 0.000 0.000 0.000 0.000 0.000   20171117131622449
B0 0000 00 00 00 00 00 00 00 00 00 0.000 0.000 0.000 0 0.000 0.000 0.000 0.000 0.000 0.000   20171117131622666
B0 0000 00 00 00 00 00 00 00 00 00 0.000 0.000 0.000 0 0.000 0.000 0.000 0.000 0.000 0.000   20171117131622879
B0 0000 00 00 00 00 00 00 00 00 00 0.000 0.000 0.000 0 0.000 0.000 0.000 0.000 0.000 0.000   20171117131623106
B0 0000 00 00 00 00 00 00 00 00 00 0.000 0.000 0.000 0 0.000 0.000 0.000 0.000 0.000 0.000   20171117131623335
B0 0000 00 00 00 00 00 00 00 00 00 0.000 0.000 0.000 0 0.000 0.000 0.000 0.000 0.000 0.000   20171117131623557
B0 0000 00 00 00 00 00 00 00 00 00 0.000 0.000 0.000 0 0.000 0.000 0.000 0.000 0.000 0.000   20171117131623775
B0 0000 00 00 00 00 00 00 00 00 00 0.000 0.000 0.000 0 0.000 0.000 0.000 0.000 0.000 0.000   20171117131624006
B0 0000 00 00 00 00 00 00 00 00 00 0.000 0.000 0.000 0 0.000 0.000 0.000 0.000 0.000 0.000   20171117131624210
B0 0000 00 00 00 00 00 00 00 00 00 0.000 0.000 0.000 0 0.000 0.000 0.000 0.000 0.000 0.000   20171117131624428
B0 0000 00 00 00 00 00 00 00 00 