Address 79 7A 7B 7C 7D 7E 7F 80 81 82 8D 8E 8F 90 88 89 97 8B 8C 96   Time
B0 0000 00 00 00 00 00 00 00 00 00 0.000 0.000 0.000 0 0.000 0.000 0.000 0.000 0.000 0.000   20171115125640860
B0 0000 00 00 00 00 00 00 00 00 00 0.000 0.000 0.000 0 0.000 0.000 0.000 0.000 0.000 0.000   20171115125641064
B0 0000 00 00 00 00 00 00 00 00 00 0.000 0.000 0.000 0 0.000 0.000 0.000 0.000 0.000 0.000   20171115125641278
B0 0000 00 00 00 00 00 00 00 00 00 0.000 0.000 0.000 0 0.000 0.000 0.000 0.000 0.000 0.000   20171115125641485
B0 0000 00 00 00 00 00 00 00 00 00 0.000 0.000 0.000 0 0.000 0.000 0.000 0.000 0.000 0.000   20171115125641688
B0 0000 00 00 00 00 00 00 00 00 00 0.000 0.000 0.000 0 0.000 0.000 0.000 0.000 0.000 0.000   20171115125641883
B0 0000 00 00 00 00 00 00 00 00 00 0.000 0.000 0.000 0 0.000 0.000 0.000 0.000 0.000 0.000   20171115125642089
B0 0000 00 00 00 00 00 00 00 00 00 0.000 0.000 0.000 0 0.000 0.000 0.000 0.000 0.000 0.000   20171115125642277
B0 0000 00 00 00 00 00 00 00 00 00 0.000 0.000 0.000 0 0.000 0.000 0.000 0.000 0.000 0.000   20171115125642485
B0 0000 00 00 00 00 00 00 00 00 00 0.000 0.000 0.000 0 0.000 0.000 0.000 0.000 0.000 0.000   20171115125642693
B0 0000 00 00 00 00 00 00 00 00 00 0.000 0.000 0.000 0 0.000 0.000 0.000 0.000 0.000 0.000   20171115125642889
B0 0000 00 00 00 00 00 00 00 00 00 0.000 0.000 0.000 0 0.000 0.000 0.000 0.000 0.000 0.000   20171115125643100
B0 0000 00 00 00 00 00 00 00 00 00 0.000 0.000 0.000 0 0.000 0.000 0.000 0.000 0.000 0.000   20171115125643299
B0 0000 00 00 00 00 00 00 00 00 00 0.000 0.000 0.000 0 0.000 0.000 0.000 0.000 0.000 0.000   20171115125643504
B0 0000 00 00 00 00 00 00 00 00 00 0.000 0.000 0.000 0 0.000 0.000 0.000 0.000 0.000 0.000   20171115125643960
B0 0000 00 00 00 00 00 00 00 00 00 0.000 0.000 0.000 0 0.000 0.000 0.000 0.000 0.000 0.000   20171115125644163
B0 0000 00 00 00 00 00 00 00 00 00 0.000 0.000 0.000 0 0.000 0.000 0.000 0.000 0.000 0.000   20171115125644372
B0 0000 00 00 00 00 00 00 00 00 00 0.000 0.000 0.000 0 0.000 0.000 0.000 0.000 0.000 0.000   20171115125644594
B0 0000 00 00 00 00 00 00 00 00 00 0.000 0.000 0.000 0 0.000 0.000 0.000 0.000 0.000 0.000   20171115125644799
B0 0000 00 00 00 00 00 00 00 00 00 0.000 0.000 0.000 0 0.000 0.000 0.000 0.000 0.000 0.000   20171115125645005
B0 0000 00 00 00 00 00 00 00 00 00 0.000 0.000 0.000 0 0.000 0.000 0.000 0.000 0.000 0.000   20171115125645209
B0 0000 00 00 00 00 00 00 00 00 00 0.000 0.000 0.000 0 0.000 0.000 0.000 0.000 0.000 0.000   20171115125645410
B0 0000 00 00 00 00 00 00 00 00 00 0.000 0.000 0.000 0 0.000 0.000 0.000 0.000 0.000 0.000   20171115125645618
B0 0000 00 00 00 00 00 00 00 00 00 0.000 0.000 0.000 0 0.000 0.000 0.000 0.000 0.000 0.000   20171115125645810
B0 0000 00 00 00 00 00 00 00 00 00 0.000 0.000 0.000 0 0.000 0.000 0.000 0.000 0.000 0.000   20171115125646015
B0 0000 00 00 00 00 00 00 00 00 00 0.000 0.000 0.000 0 0.000 0.000 0.000 0.000 0.000 0.000   20171115125646214
B0 0000 00 00 00 00 00 00 00 00 00 0.000 0.000 0.000 0 0.000 0.000 0.000 0.000 0.000 0.000   20171115125646424
B0 0000 00 00 00 00 00 00 00 00 00 0.000 0.000 0.000 0 0.000 0.000 0.000 0.000 0.000 0.000   20171115125646627
B0 0000 00 00 00 00 00 00 00 00 00 0.000 0.000 0.000 0 0.000 0.000 0.000 0.000 0.000 0.000   20171115125646833
B0 0000 00 00 00 00 00 00 00 00 00 0.000 0.000 0.000 0 0.000 0.000 0.000 0.000 0.000 0.000   20171115125647030
B0 0000 00 00 00 00 00 00 00 00 00 0.000 0.000 0.000 0 0.000 0.000 0.000 0.000 0.000 0.000   20171115125647226
B0 0000 00 00 00 00 00 00 00 00 00 0.000 0.000 0.000 0 0.000 0.000 0.000 0.000 0.000 0.000   20171115125647420
B0 0000 00 00 00 00 00 00 00 00 00 0.000 0.000 0.000 0 0.000 0.000 0.000 0.000 0.000 0.000   20171115125647620
B0 0000 00 00 00 00 00 00 00 00 00 0.000 0.000 0.000 0 0.000 0.000 0.000 0.000 0.000 0.000   20171115125647814
B0 0000 00 00 00 00 00 00 00 00 00 0.000 0.000 0.000 0 0.000 0.000 0.000 0.000 0.000 0.000   20171115125648103
B0 0000 00 00 00 00 00 00 00 00 00 0.000 0.000 0.000 0 0.000 0.000 0.000 0.000 0.000 0.000   20171115125648295
B0 0000 00 00 00 00 00 00 00 00 00 0.000 0.000 0.000 0 0.000 0.000 0.000 0.000 0.000 0.000   20171115125648498
B0 0000 00 00 00 00 00 00 00 00 00 0.000 0.000 0.000 0 0.000 0.000 0.000 0.000 0.000 0.000   20171115125648701
B0 0000 00 00 00 00 00 00 00 00 00 0.000 0.000 0.000 0 0.000 0.000 0.000 0.000 0.000 0.000   20171115125648899
B0 0000 00 00 00 00 00 00 00 00 00 0.000 0.000 0.000 0 0.000 0.000 0.000 0.000 0.000 0.000   20171115125649090
B0 0000 00 00 00 00 00 00 00 00 00 0.000 0.000 0.000 0 0.000 0.000 0.000 0.000 0.000 0.000   20171115125649291
B0 0000 00 00 00 00 00 00 00 00 00 0.000 0.000 0.000 0 0.000 0.000 0.000 0.000 0.000 0.000   20171115125649486
B0 0000 00 00 00 00 00 00 00 00 00 0.000 0.000 0.000 0 0.000 0.000 0.000 0.000 0.000 0.000   20171115125649678
B0 0000 00 00 00 00 00 00 00 00 00 0.000 0.000 0.000 0 0.000 0.000 0.000 0.000 0.000 0.000   20171115125649877
B0 0000 00 00 00 00 00 00 00 00 00 0.000 0.000 0.000 0 0.000 0.000 0.000 0.000 0.000 0.000   20171115125650065
B0 0000 00 00 00 00 00 00 00 00 00 0.000 0.000 0.000 0 0.000 0.000 0.000 0.000 0.000 0.000   20171115125650249
B0 0000 00 00 00 00 00 00 00 00 00 0.000 0.000 0.000 0 0.000 0.000 0.000 0.000 0.000 0.000   20171115125650416
B0 0000 00 00 00 00 00 00 00 00 00 0.000 0.000 0.000 0 0.000 0.000 0.000 0.000 0.000 0.000   20171115125650600
B0 0000 00 00 00 00 00 00 00 00 00 0.000 0.000 0.000 0 0.000 0.000 0.000 0.000 0.000 0.000   20171115125650805
B0 0000 00 00 00 00 00 00 00 00 00 0.000 0.000 0.000 0 0.000 0.000 0.000 0.000 0.000 0.000   20171115125650986
B0 0000 00 00 00 00 00 00 00 00 00 0.000 0.000 0.000 0 0.000 0.000 0.000 0.000 0.000 0.000   20171115125651190
B0 0000 00 00 00 00 00 00 00 00 00 0.000 0.000 0.000 0 0.000 0.000 0.000 0.000 0.000 0.000   20171115125651384
B0 0000 00 00 00 00 00 00 00 00 00 0.000 0.000 0.000 0 0.000 0.000 0.000 0.000 0.000 0.000   20171115125651549
B0 0000 00 00 00 00 00 00 00 00 00 0.000 0.000 0.000 0 0.000 0.000 0.000 0.000 0.000 0.000   20171115125651710
B0 0000 00 00 00 00 00 00 00 00 00 0.000 0.000 0.000 0 0.000 0.000 0.000 0.000 0.000 0.000   20171115125651897
B0 0000 00 00 00 00 00 00 00 00 00 0.000 0.000 0.000 0 0.000 0.000 0.000 0.000 0.000 0.000   20171115125652089
B0 0000 00 00 00 00 00 00 00 00 00 0.000 0.000 0.000 0 0.000 0.000 0.000 0.000 0.000 0.000   20171115125652295
B0 0000 00 00 00 00 00 00 00 00 00 0.000 0.000 0.000 0 0.000 0.000 0.000 0.000 0.000 0.000   20171115125652503
B0 0000 00 00 00 00 00 00 00 00 00 0.000 0.000 0.000 0 0.000 0.000 0.000 0.000 0.000 0.000   20171115125652718
B0 0000 00 00 00 00 00 00 00 00 00 0.000 0.000 0.000 0 0.000 0.000 0.000 0.000 0.000 0.000   20171115125652923
B0 0000 00 00 00 00 00 00 00 00 00 0.000 0.000 0.000 0 0.000 0.000 0.000 0.000 0.000 0.000   20171115125653126
B0 0000 00 00 00 00 00 00 00 00 00 0.000 0.000 0.000 0 0.000 0.000 0.000 0.000 0.000 0.000   20171115125653321
B0 0000 00 00 00 00 00 00 00 00 00 0.000 0.000 0.000 0 0.000 0.000 0.000 0.000 0.000 0.000   20171115125653525
B0 0000 00 00 00 00 00 00 00 00 00 0.000 0.000 0.000 0 0.000 0.000 0.000 0.000 0.000 0.000   20171115125653724
B0 0000 00 00 00 00 00 00 00 00 00 0.000 0.000 0.000 0 0.000 0.000 0.000 0.000 0.000 0.000   20171115125653906
B0 0000 00 00 00 00 00 00 00 00 00 0.000 0.000 0.000 0 0.000 0.000 0.000 0.000 0.000 0.000   20171115125654109
B0 0000 00 00 00 00 00 00 00 00 00 0.000 0.000 0.000 0 0.000 0.000 0.000 0.000 0.000 0.000   20171115125654304
B0 0000 00 00 00 00 00 00 00 00 00 0.000 0.000 0.000 0 0.000 0.000 0.000 0.000 0.000 0.000   20171115125654504
B0 0000 00 00 00 00 00 00 00 00 00 0.000 0.000 0.000 0 0.000 0.000 0.000 0.000 0.000 0.000   20171115125654692
B0 0000 00 00 00 00 00 00 00 00 00 0.000 0.000 0.000 0 0.000 0.000 0.000 0.000 0.000 0.000   20171115125654895
B0 0000 00 00 00 00 00 00 00 00 00 0.000 0.000 0.000 0 0.000 0.000 0.000 0.000 0.000 0.000   20171115125655113
B0 0000 00 00 00 00 00 00 00 00 00 0.000 0.000 0.000 0 0.000 0.000 0.000 0.000 0.000 0.000   20171115125655316
B0 0000 00 00 00 00 00 00 00 00 00 0.000 0.000 0.000 0 0.000 0.000 0.000 0.000 0.000 0.000   20171115125655519
B0 0000 00 00 00 00 00 00 00 00 00 0.000 0.000 0.000 0 0.000 0.000 0.000 0.000 0.000 0.000   20171115125655710
B0 0000 00 00 00 00 00 00 00 00 00 0.000 0.000 0.000 0 0.000 0.000 0.000 0.000 0.000 0.000   20171115125655901
B0 0000 00 00 00 00 00 00 00 00 00 0.000 0.000 0.000 0 0.000 0.000 0.000 0.000 0.000 0.000   20171115125656106
B0 0000 00 00 00 00 00 00 00 00 00 0.000 0.000 0.000 0 0.000 0.000 0.000 0.000 0.000 0.000   20171115125656290
B0 0000 00 00 00 00 00 00 00 00 00 0.000 0.000 0.000 0 0.000 0.000 0.000 0.000 0.000 0.000   20171115125656478
B0 0000 00 00 00 00 00 00 00 00 00 0.000 0.000 0.000 0 0.000 0.000 0.000 0.000 0.000 0.000   20171115125656678
B0 0000 00 00 00 00 00 00 00 00 00 0.000 0.000 0.000 0 0.000 0.000 0.000 0.000 0.000 0.000   20171115125656879
B0 0000 00 00 00 00 00 00 00 00 00 0.000 0.000 0.000 0 0.000 0.000 0.000 0.000 0.000 0.000   20171115125657082
B0 0000 00 00 00 00 00 00 00 00 00 0.000 0.000 0.000 0 0.000 0.000 0.000 0.000 0.000 0.000   20171115125657272
B0 0000 00 00 00 00 00 00 00 00 00 0.000 0.000 0.000 0 0.000 0.000 0.000 0.000 0.000 0.000   20171115125657468
B0 0000 00 00 00 00 00 00 00 00 00 0.000 0.000 0.000 0 0.000 0.000 0.000 0.000 0.000 0.000   20171115125657665
B0 0000 00 00 00 00 00 00 00 00 00 0.000 0.000 0.000 0 0.000 0.000 0.000 0.000 0.000 0.000   20171115125657861
B0 0000 00 00 00 00 00 00 00 00 00 0.000 0.000 0.000 0 0.000 0.000 0.000 0.000 0.000 0.000   20171115125658057
B0 0000 00 00 00 00 00 00 00 00 00 0.000 0.000 0.000 0 0.000 0.000 0.000 0.000 0.000 0.000   20171115125658238
B0 0000 00 00 00 00 00 00 00 00 00 0.000 0.000 0.000 0 0.000 0.000 0.000 0.000 0.000 0.000   20171115125658444
B0 0000 00 00 00 00 00 00 00 00 00 0.000 0.000 0.000 0 0.000 0.000 0.000 0.000 0.000 0.000   20171115125658629
B0 0000 00 00 00 00 00 00 00 00 00 0.000 0.000 0.000 0 0.000 0.000 0.000 0.000 0.000 0.000   20171115125658803
B0 0000 00 00 00 00 00 00 00 00 00 0.000 0.000 0.000 0 0.000 0.000 0.000 0.000 0.000 0.000   20171115125658999
B0 0000 00 00 00 00 00 00 00 00 00 0.000 0.000 0.000 0 0.000 0.000 0.000 0.000 0.000 0.000   20171115125659194
B0 0000 00 00 00 00 00 00 00 00 00 0.000 0.000 0.000 0 0.000 0.000 0.000 0.000 0.000 0.000   20171115125659398
B0 0000 00 00 00 00 00 00 00 00 00 0.000 0.000 0.000 0 0.000 0.000 0.000 0.000 0.000 0.000   20171115125659598
B0 0000 00 00 00 00 00 00 00 00 00 0.000 0.000 0.000 0 0.000 0.000 0.000 0.000 0.000 0.000   20171115125659788
B0 0000 00 00 00 00 00 00 00 00 00 0.000 0.000 0.000 0 0.000 0.000 0.000 0.000 0.000 0.000   20171115125700005
B0 0000 00 00 00 00 00 00 00 00 00 0.000 0.000 0.000 0 0.000 0.000 0.000 0.000 0.000 0.000   20171115125700209
B0 0000 00 00 00 00 00 00 00 00 00 0.000 0.000 0.000 0 0.000 0.000 0.000 0.000 0.000 0.000   20171115125700389
B0 0000 00 00 00 00 00 00 00 00 00 0.000 0.000 0.000 0 0.000 0.000 0.000 0.000 0.000 0.000   20171115125700573
B0 0000 00 00 00 00 00 00 00 00 00 0.000 0.000 0.000 0 0.000 0.000 0.000 0.000 0.000 0.000   20171115125700735
B0 0000 00 00 00 00 00 00 00 00 00 0.000 0.000 0.000 0 0.000 0.000 0.000 0.000 0.000 0.000   20171115125700947
B0 0000 00 00 00 00 00 00 00 00 00 0.000 0.000 0.000 0 0.000 0.000 0.000 0.000 0.000 0.000   20171115125701156
B0 0000 00 00 00 00 00 00 00 00 00 0.000 0.000 0.000 0 0.000 0.000 0.000 0.000 0.000 0.000   20171115125701362
B0 0000 00 00 00 00 00 00 00 00 00 0.000 0.000 0.000 0 0.000 0.000 0.000 0.000 0.000 0.000   20171115125701580
B0 0000 00 00 00 00 00 00 00 00 00 0.000 0.000 0.000 0 0.000 0.000 0.000 0.000 0.000 0.000   20171115125701765
B0 0000 00 00 00 00 00 00 00 00 00 0.000 0.000 0.000 0 0.000 0.000 0.000 0.000 0.000 0.000   20171115125701941
B0 0000 00 00 00 00 00 00 00 00 00 0.000 0.000 0.000 0 0.000 0.000 0.000 0.000 0.000 0.000   20171115125702154
