Address 02 30 01 40 42 44 46 48 10 11 12 20 21 22 Time
B0 0000 0000 0316 0000 0780 07C0 0780 07C0 223.00 0.000 6.000 0.000 0.000 0.000 20170414144911
B0 0000 0000 0316 0000 0780 07C0 0780 07C0 223.00 0.000 6.000 0.000 0.000 0.000 20170414144911
B0 0000 0000 0316 0000 0780 07C0 0780 07C0 223.00 0.000 6.000 0.000 0.000 0.000 20170414144911
B0 0000 0000 0316 0000 0780 07C0 0780 07C0 223.00 0.000 6.000 0.000 0.000 0.000 20170414144912
B0 0000 0000 0316 0000 0780 07C0 0780 07C0 223.00 0.000 6.000 0.000 0.000 0.000 20170414144912
B0 0000 0000 0316 0000 0780 07C0 0780 07C0 223.00 0.000 6.000 0.000 0.000 0.000 20170414144912
B0 0000 0000 0316 0000 0780 07C0 0780 07C0 223.00 0.000 6.000 0.000 0.000 0.000 20170414144912
B0 0000 0000 0316 0000 0780 07C0 0780 07C0 223.00 0.000 6.000 0.000 0.000 0.000 20170414144912
B0 0000 0000 0316 0000 0780 07C0 0780 07C0 223.00 0.000 6.000 0.000 0.000 0.000 20170414144912
B0 0000 0000 0316 0000 0780 07C0 0780 07C0 223.00 0.000 6.000 0.000 0.000 0.000 20170414144912
B0 0000 0000 0316 0000 0780 07C0 0780 07C0 223.00 0.000 6.000 0.000 0.000 0.000 20170414144912
B0 0000 0000 0316 0000 0780 07C0 0780 07C0 223.00 0.000 6.000 0.000 0.000 0.000 20170414144913
B0 0000 0000 0316 0000 0780 07C0 0780 07C0 223.00 0.000 6.000 0.000 0.000 0.000 20170414144913
B0 0000 0000 0316 0000 0780 07C0 0780 07C0 223.00 0.000 6.000 0.000 0.000 0.000 20170414144913
B0 0000 0000 0316 0000 0780 07C0 0780 07C0 223.00 0.000 6.000 0.000 0.000 0.000 20170414144913
B0 0000 0000 0316 0000 0780 07C0 0780 07C0 223.00 0.000 6.000 0.000 0.000 0.000 20170414144913
B0 0000 0000 0316 0000 0780 07C0 0780 07C0 223.00 0.000 6.000 0.000 0.000 0.000 20170414144913
B0 0000 0000 0316 0000 0780 07C0 0780 07C0 223.00 0.000 6.000 0.000 0.000 0.000 20170414144913
B0 0000 0000 0316 0000 0780 07C0 0780 07C0 223.00 0.000 6.000 0.000 0.000 0.000 20170414144913
B0 0000 0000 0316 0000 0780 07C0 0780 07C0 223.00 0.000 6.000 0.000 0.000 0.000 20170414144913
B0 0000 0000 0316 0000 0780 07C0 0780 07C0 223.00 0.000 6.000 0.000 0.000 0.000 20170414144914
B0 0000 0000 0316 0000 0780 07C0 0780 07C0 223.00 0.000 6.000 0.000 0.000 0.000 20170414144914
B0 0000 0000 0316 0000 0780 07C0 0780 07C0 223.00 0.000 6.000 0.000 0.000 0.000 20170414144914
B0 0000 0000 0316 0000 0780 07C0 0780 07C0 223.00 0.000 6.000 0.000 0.000 0.000 20170414144914
B0 0000 0000 0316 0000 0780 07C0 0780 07C0 223.00 0.000 6.000 0.000 0.000 0.000 20170414144914
B0 0000 0000 0316 0000 0780 07C0 0780 07C0 223.00 0.000 6.000 0.000 0.000 0.000 20170414144914
B0 0000 0000 0316 0000 0780 07C0 0780 07C0 223.00 0.000 6.000 0.000 0.000 0.000 20170414144914
B0 0000 0000 0316 0000 0780 07C0 0780 07C0 223.00 0.000 6.000 0.000 0.000 0.000 20170414144914
B0 0000 0000 0316 0000 0780 07C0 0780 07C0 223.00 0.000 6.000 0.000 0.000 0.000 20170414144915
B0 0000 0000 0316 0000 0780 07C0 0780 07C0 223.00 0.000 6.000 0.000 0.000 0.000 20170414144915
B0 0000 0000 0316 0000 0780 07C0 0780 07C0 223.00 0.000 6.000 0.000 0.000 0.000 20170414144915
B0 0000 0000 0316 0000 0780 07C0 0780 07C0 223.00 0.000 6.000 0.000 0.000 0.000 20170414144915
B0 0000 0000 0316 0000 0780 07C0 0780 07C0 223.00 0.000 6.000 0.000 0.000 0.000 20170414144915
B0 0000 0000 0316 0000 0780 07C0 0780 07C0 223.00 0.000 6.000 0.000 0.000 0.000 20170414144915
B0 0000 0000 0316 0000 0780 07C0 0780 07C0 223.00 0.000 6.000 0.000 0.000 0.000 20170414144915
B0 0000 0000 0316 0000 0780 07C0 0780 07C0 223.00 0.000 6.000 0.000 0.000 0.000 20170414144915
B0 0000 0000 0316 0000 0780 07C0 0780 07C0 223.00 0.000 6.000 0.000 0.000 0.000 20170414144915
B0 0000 0000 0316 0000 0780 07C0 0780 07C0 223.00 0.000 6.000 0.000 0.000 0.000 20170414144916
B0 0000 0000 0316 0000 0780 07C0 0780 07C0 223.00 0.000 6.000 0.000 0.000 0.000 20170414144916
B0 0000 0000 0316 0000 0780 07C0 0780 07C0 223.00 0.000 6.000 0.000 0.000 0.000 20170414144916
B0 0000 0000 0316 0000 0780 07C0 0780 07C0 223.00 0.000 6.000 0.000 0.000 0.000 20170414144916
B0 0000 0000 0316 0000 0780 07C0 0780 07C0 223.00 0.000 6.000 0.000 0.000 0.000 20170414144916
B0 0000 0000 0316 0000 0780 07C0 0780 07C0 223.00 0.000 6.000 0.000 0.000 0.000 20170414144916
B0 0000 0000 0316 0000 0780 07C0 0780 07C0 223.00 0.000 6.000 0.000 0.000 0.000 20170414144916
B0 0000 0000 0316 0000 0780 07C0 0780 07C0 223.00 0.000 6.000 0.000 0.000 0.000 20170414144916
B0 0000 0000 0316 0000 0780 07C0 0780 07C0 223.00 0.000 6.000 0.000 0.000 0.000 20170414144917
B0 0000 0000 0316 0000 0780 07C0 0780 07C0 223.00 0.000 6.000 0.000 0.000 0.000 20170414144917
B0 0000 0000 0316 0000 0780 07C0 0780 07C0 223.00 0.000 6.000 0.000 0.000 0.000 20170414144917
B0 0000 0000 0316 0000 0780 07C0 0780 07C0 223.00 0.000 6.000 0.000 0.000 0.000 20170414144917
B0 0000 0000 0316 0000 0780 07C0 0780 07C0 223.00 0.000 6.000 0.000 0.000 0.000 20170414144917
B0 0000 0000 0316 0000 0780 07C0 0780 07C0 223.00 0.000 6.000 0.000 0.000 0.000 20170414144917
B0 0000 0000 0316 0000 0780 07C0 0780 07C0 223.00 0.000 6.000 0.000 0.000 0.000 20170414144917
B0 0000 0000 0316 0000 0780 07C0 0780 07C0 223.00 0.000 6.000 0.000 0.000 0.000 20170414144917
B0 0000 0000 0316 0000 0780 07C0 0780 07C0 223.00 0.000 6.000 0.000 0.000 0.000 20170414144918
B0 0000 0000 0316 0000 0780 07C0 0780 07C0 223.00 0.000 6.000 0.000 0.000 0.000 20170414144918
B0 0000 0000 0316 0000 0780 07C0 0780 07C0 223.00 0.000 6.000 0.000 0.000 0.000 20170414144918
B0 0000 0000 0316 0000 0780 07C0 0780 07C0 223.00 0.000 6.000 0.000 0.000 0.000 20170414144918
B0 0000 0000 0316 0000 0780 07C0 0780 07C0 223.00 0.000 6.000 0.000 0.000 0.000 20170414144918
B0 0000 0000 0316 0000 0780 07C0 0780 07C0 223.00 0.000 6.000 0.000 0.000 0.000 20170414144918
B0 0000 0000 0316 0000 0780 07C0 0780 07C0 223.00 0.000 6.000 0.000 0.000 0.000 20170414144918
B0 0000 0000 0316 0000 0780 07C0 0780 07C0 223.00 0.000 6.000 0.000 0.000 0.000 20170414144918
B0 0000 0000 0316 0000 0780 07C0 0780 07C0 223.00 0.000 6.000 0.000 0.000 0.000 20170414144919
B0 0000 0000 0316 0000 0780 07C0 0780 07C0 223.00 0.000 6.000 0.000 0.000 0.000 20170414144919
B0 0000 0000 0316 0000 0780 07C0 0780 07C0 223.00 0.000 6.000 0.000 0.000 0.000 20170414144919
B0 0000 0000 0316 0000 0780 07C0 0780 07C0 223.00 0.000 6.000 0.000 0.000 0.000 20170414144919
B0 0000 0000 0316 0000 0780 07C0 0780 07C0 223.00 0.000 6.000 0.000 0.000 0.000 20170414144919
B0 0000 0000 0316 0000 0780 07C0 0780 07C0 223.00 0.000 6.000 0.000 0.000 0.000 20170414144919
B0 0000 0000 0316 0000 0780 07C0 0780 07C0 223.00 0.000 6.000 0.000 0.000 0.000 20170414144919
B0 0000 0000 0316 0000 0780 07C0 0780 07C0 223.00 0.000 6.000 0.000 0.000 0.000 20170414144919
B0 0000 0000 0316 0000 0780 07C0 0780 07C0 223.00 0.000 6.000 0.000 0.000 0.000 20170414144919
B0 0000 0000 0316 0000 0780 07C0 0780 07C0 223.00 0.000 6.000 0.000 0.000 0.000 20170414144920
B0 0000 0000 0316 0000 0780 07C0 0780 07C0 223.00 0.000 6.000 0.000 0.000 0.000 20170414144920
B0 0000 0000 0316 0000 0780 07C0 0780 07C0 223.00 0.000 6.000 0.000 0.000 0.000 20170414144920
B0 0000 0000 0316 0000 0780 07C0 0780 07C0 223.00 0.000 6.000 0.000 0.000 0.000 20170414144920
B0 0000 0000 0306 0000 0780 07C0 0780 07C0 223.00 0.000 6.000 0.000 0.000 0.000 20170414144920
B0 0000 0000 0306 0000 0780 07C0 0780 07C0 223.00 0.000 6.000 0.000 0.000 0.000 20170414144920
B0 0000 0000 0306 0000 0780 07C0 0780 07C0 223.00 0.000 6.000 0.000 0.000 0.000 20170414144920
B0 0000 0000 0306 0000 0780 07C0 0780 07C0 223.00 0.000 6.000 0.000 0.000 0.000 20170414144920
B0 0000 0000 0306 0000 0780 07C0 0780 07C0 223.00 0.000 6.000 0.000 0.000 0.000 20170414144921
B0 0000 0000 0306 0000 0780 07C0 0780 07C0 223.00 0.000 6.000 0.000 0.000 0.000 20170414144921
B0 0000 0000 0306 0000 0780 07C0 0780 07C0 223.00 0.000 6.000 0.000 0.000 0.000 20170414144921
B0 0000 0000 0306 0000 0780 07C0 0780 07C0 223.00 0.000 6.000 0.000 0.000 0.000 20170414144921
B0 0000 0000 0306 0000 0780 07C0 0780 07C0 223.00 0.000 6.000 0.000 0.000 0.000 20170414144921
B0 0000 0000 0306 0000 0780 07C0 0780 07C0 223.00 0.000 6.000 0.000 0.000 0.000 20170414144921
B0 0000 0000 0306 0000 0780 07C0 0780 07C0 223.00 0.000 6.000 0.000 0.000 0.000 20170414144921
B0 0000 0000 0306 0000 0780 07C0 0780 07C0 223.00 0.000 6.000 0.000 0.000 0.000 20170414144921
B0 0000 0000 0306 0000 0780 07C0 0780 07C0 223.00 0.000 6.000 0.000 0.000 0.000 20170414144922
B0 0000 0000 0306 0000 0780 07C0 0780 07C0 223.00 0.000 6.000 0.000 0.000 0.000 20170414144922
B0 0000 0000 0306 0000 0780 07C0 0780 07C0 223.00 0.000 6.000 0.000 0.000 0.000 20170414144922
B0 0000 0000 0306 0000 0780 07C0 0780 07C0 223.00 0.000 6.000 0.000 0.000 0.000 20170414144922
B0 0000 0000 0306 0000 0780 07C0 0780 07C0 223.00 0.000 6.000 0.000 0.000 0.000 20170414144922
B0 0000 0000 0306 0000 0780 07C0 0780 07C0 223.00 0.000 6.000 0.000 0.000 0.000 20170414144922
B0 0000 0000 0306 0000 0780 07C0 0780 07C0 223.00 0.000 6.000 0.000 0.000 0.000 20170414144922
B0 0000 0000 0306 0000 0780 07C0 0780 07C0 223.00 0.000 6.000 0.000 0.000 0.000 20170414144922
B0 0000 0000 0306 0000 0780 07C0 0780 07C0 223.00 0.000 6.000 0.000 0.000 0.000 20170414144922
B0 0000 0000 0306 0000 0780 07C0 0780 07C0 223.00 0.000 6.000 0.000 0.000 0.000 20170414144923
B0 0000 0000 0316 0000 0780 07C0 0780 07C0 223.00 0.000 6.000 0.000 0.000 0.000 20170414144923
B0 0000 0000 0316 0000 0780 07C0 0780 07C0 223.00 0.000 6.000 0.000 0.000 0.000 20170414144923
B0 0000 0000 0316 0000 0780 07C0 0780 07C0 223.00 0.000 6.000 0.000 0.000 0.000 20170414144923
B0 0000 0000 0316 0000 0780 07C0 0780 07C0 223.00 0.000 6.000 0.000 0.000 0.000 20170414144923
B0 0000 0000 0316 0000 0780 07C0 0780 07C0 223.00 0.000 6.000 0.000 0.000 0.000 20170414144923
B0 0000 0000 0316 0000 0780 07C0 0780 07C0 223.00 0.000 6.000 0.000 0.000 0.000 20170414144923
B0 0000 0000 0316 0000 0780 07C0 0780 07C0 223.00 0.000 6.000 0.000 0.000 0.000 20170414144923
B0 0000 0000 0316 0000 0780 07C0 0780 07C0 223.00 0.000 6.000 0.000 0.000 0.000 20170414144924
B0 0000 0000 0316 0000 0780 07C0 0780 07C0 223.00 0.000 6.000 0.000 0.000 0.000 20170414144924
B0 0000 0000 0306 0000 0780 07C0 0780 07C0 223.00 0.000 6.000 0.000 0.000 0.000 20170414144924
B0 0000 0000 0316 0000 0780 07C0 0780 07C0 223.00 0.000 6.000 0.000 0.000 0.000 20170414144924
B0 0000 0000 0316 0000 0780 07C0 0780 07C0 223.00 0.000 6.000 0.000 0.000 0.000 20170414144924
B0 0000 0000 0306 0000 0780 07C0 0780 07C0 223.00 0.000 6.000 0.000 0.000 0.000 20170414144924
B0 0000 0000 0306 0000 0780 07C0 0780 07C0 223.00 0.000 6.000 0.000 0.000 0.000 20170414144924
B0 0000 0000 0306 0000 0780 07C0 0780 07C0 223.00 0.000 6.000 0.000 0.000 0.000 20170414144924
B0 0000 0000 0306 0000 0780 07C0 0780 07C0 223.00 0.000 6.000 0.000 0.000 0.000 20170414144925
B0 0000 0000 0306 0000 0780 07C0 0780 07C0 223.00 0.000 6.000 0.000 0.000 0.000 20170414144925
B0 0000 0000 0306 0000 0780 07C0 0780 07C0 223.00 0.000 6.000 0.000 0.000 0.000 20170414144925
B0 0000 0000 0306 0000 0780 07C0 0780 07C0 223.00 0.000 6.000 0.000 0.000 0.000 20170414144925
B0 0000 0000 0306 0000 0780 07C0 0780 07C0 223.00 0.000 6.000 0.000 0.000 0.000 20170414144925
B0 0000 0000 0306 0000 0780 07C0 0780 07C0 223.00 0.000 6.000 0.000 0.000 0.000 20170414144925
B0 0000 0000 0316 0000 0780 07C0 0780 07C0 223.00 0.000 6.000 0.000 0.000 0.000 20170414144925
B0 0000 0000 0316 0000 0780 07C0 0780 07C0 223.00 0.000 6.000 0.000 0.000 0.000 20170414144925
B0 0000 0000 0316 0000 0780 07C0 0780 07C0 223.00 0.000 6.000 0.000 0.000 0.000 20170414144925
B0 0000 0000 0316 0000 0780 07C0 0780 07C0 223.00 0.000 6.000 0.000 0.000 0.000 20170414144926
B0 0000 0000 0316 0000 0780 07C0 0780 07C0 223.00 0.000 6.000 0.000 0.000 0.000 20170414144926
B0 0000 0000 0316 0000 0780 07C0 0780 07C0 223.00 0.000 6.000 0.000 0.000 0.000 20170414144926
B0 0000 0000 0316 0000 0780 07C0 0780 07C0 223.00 0.000 6.000 0.000 0.000 0.000 20170414144926
B0 0000 0000 0316 0000 0780 07C0 0780 07C0 223.00 0.000 6.000 0.000 0.000 0.000 20170414144926
B0 0000 0000 0316 0000 0780 07C0 0780 07C0 223.00 0.000 6.000 0.000 0.000 0.000 20170414144926
B0 0000 0000 0316 0000 0780 07C0 0780 07C0 223.00 0.000 6.000 0.000 0.000 0.000 20170414144926
B0 0000 0000 0316 0000 0780 07C0 0780 07C0 223.00 0.000 6.000 0.000 0.000 0.000 20170414144926
B0 0000 0000 0316 0000 0780 07C0 0780 07C0 223.00 0.000 6.000 0.000 0.000 0.000 20170414144927
B0 0000 0000 0316 0000 0780 07C0 0780 07C0 223.00 0.000 6.000 0.000 0.000 0.000 20170414144927
B0 0000 0000 0316 0000 0780 07C0 0780 07C0 223.00 0.000 6.000 0.000 0.000 0.000 20170414144927
B0 0000 0000 0316 0000 0780 07C0 0780 07C0 223.00 0.000 6.000 0.000 0.000 0.000 20170414144927
B0 0000 0000 0316 0000 0780 07C0 0780 07C0 223.00 0.000 6.000 0.000 0.000 0.000 20170414144927
B0 0000 0000 0316 0000 0780 07C0 0780 07C0 223.00 0.000 6.000 0.000 0.000 0.000 20170414144927
B0 0000 0000 0316 0000 0780 07C0 0780 07C0 223.00 0.000 6.000 0.000 0.000 0.000 20170414144927
B0 0000 0000 0316 0000 0780 07C0 0780 07C0 223.00 0.000 6.000 0.000 0.000 0.000 20170414144927
B0 0000 0000 0316 0000 0780 07C0 0780 07C0 223.00 0.000 6.000 0.000 0.000 0.000 20170414144928
B0 0000 0000 0316 0000 0780 07C0 0780 07C0 223.00 0.000 6.000 0.000 0.000 0.000 20170414144928
B0 0000 0000 0316 0000 0780 07C0 0780 07C0 223.00 0.000 6.000 0.000 0.000 0.000 20170414144928
B0 0000 0000 0306 0000 0780 07C0 0780 07C0 223.00 0.000 6.000 0.000 0.000 0.000 20170414144928
B0 0000 0000 0306 0000 0780 07C0 0780 07C0 223.00 0.000 6.000 0.000 0.000 0.000 20170414144928
B0 0000 0000 0306 0000 0780 07C0 0780 07C0 223.00 0.000 6.000 0.000 0.000 0.000 20170414144928
B0 0000 0000 0306 0000 0780 07C0 0780 07C0 223.00 0.000 6.000 0.000 0.000 0.000 20170414144928
B0 0000 0000 0306 0000 0780 07C0 0780 07C0 223.00 0.000 6.000 0.000 0.000 0.000 20170414144928
B0 0000 0000 0306 0000 0780 07C0 0780 07C0 223.00 0.000 6.000 0.000 0.000 0.000 20170414144928
B0 0000 0000 0306 0000 0780 07C0 0780 07C0 223.00 0.000 6.000 0.000 0.000 0.000 20170414144929
B0 0000 0000 0306 0000 0780 07C0 0780 07C0 223.00 0.000 6.000 0.000 0.000 0.000 20170414144929
B0 0000 0000 0316 0000 0780 07C0 0780 07C0 223.00 0.000 6.000 0.000 0.000 0.000 20170414144929
B0 0000 0000 0306 0000 0780 07C0 0780 07C0 223.00 0.000 6.000 0.000 0.000 0.000 20170414144929
B0 0000 0000 0316 0000 0780 07C0 0780 07C0 223.00 0.000 6.000 0.000 0.000 0.000 20170414144929
B0 0000 0000 0316 0000 0780 07C0 0780 07C0 223.00 0.000 6.000 0.000 0.000 0.000 20170414144929
B0 0000 0000 0316 0000 0780 07C0 0780 07C0 223.00 0.000 6.000 0.000 0.000 0.000 20170414144929
B0 0000 0000 0316 0000 0780 07C0 0780 07C0 223.00 0.000 6.000 0.000 0.000 0.000 20170414144929
B0 0000 0000 0316 0000 0780 07C0 0780 07C0 223.00 0.000 6.000 0.000 0.000 0.000 20170414144930
B0 0000 0000 0316 0000 0780 07C0 0780 07C0 223.00 0.000 6.000 0.000 0.000 0.000 20170414144930
B0 0000 0000 0316 0000 0780 07C0 0780 07C0 223.00 0.000 6.000 0.000 0.000 0.000 20170414144930
B0 0000 0000 0316 0000 0780 07C0 0780 07C0 223.00 0.000 6.000 0.000 0.000 0.000 20170414144930
B0 0000 0000 0316 0000 0780 07C0 0780 07C0 223.00 0.000 6.000 0.000 0.000 0.000 20170414144930
B0 0000 0000 0316 0000 0780 07C0 0780 07C0 223.00 0.000 6.000 0.000 0.000 0.000 20170414144930
B0 0000 0000 0316 0000 0780 07C0 0780 07C0 223.00 0.000 6.000 0.000 0.000 0.000 20170414144930
B0 0000 0000 0316 0000 0780 07C0 0780 07C0 223.00 0.000 6.000 0.000 0.000 0.000 20170414144930
B0 0000 0000 0316 0000 0780 07C0 0780 07C0 223.00 0.000 6.000 0.000 0.000 0.000 20170414144930
B0 0000 0000 0316 0000 0780 07C0 0780 07C0 223.00 0.000 6.000 0.000 0.000 0.000 20170414144931
B0 0000 0000 0316 0000 0780 07C0 0780 07C0 223.00 0.000 6.000 0.000 0.000 0.000 20170414144931
B0 0000 0000 0316 0000 0780 07C0 0780 07C0 223.00 0.000 6.000 0.000 0.000 0.000 20170414144931
B0 0000 0000 0316 0000 0780 07C0 0780 07C0 223.00 0.000 6.000 0.000 0.000 0.000 20170414144931
B0 0000 0000 0316 0000 0780 07C0 0780 07C0 223.00 0.000 6.000 0.000 0.000 0.000 20170414144931
B0 0000 0000 0316 0000 0780 07C0 0780 07C0 223.00 0.000 6.000 0.000 0.000 0.000 20170414144931
B0 0000 0000 0316 0000 0780 07C0 0780 07C0 223.00 0.000 6.000 0.000 0.000 0.000 20170414144931
B0 0000 0000 0316 0000 0780 07C0 0780 07C0 223.00 0.000 6.000 0.000 0.000 0.000 20170414144931
B0 0000 0000 0316 0000 0780 07C0 0780 07C0 223.00 0.000 6.000 0.000 0.000 0.000 20170414144932
B0 0000 0000 0316 0000 0780 07C0 0780 07C0 223.00 0.000 6.000 0.000 0.000 0.000 20170414144932
B0 0000 0000 0316 0000 0780 07C0 0780 07C0 223.00 0.000 6.000 0.000 0.000 0.000 20170414144932
B0 0000 0000 0316 0000 0780 07C0 0780 07C0 223.00 0.000 6.000 0.000 0.000 0.000 20170414144932
B0 0000 0000 0316 0000 0780 07C0 0780 07C0 223.00 0.000 6.000 0.000 0.000 0.000 20170414144932
B0 0000 0000 0316 0000 0780 07C0 0780 07C0 223.00 0.000 6.000 0.000 0.000 0.000 20170414144932
B0 0000 0000 0316 0000 0780 07C0 0780 07C0 223.00 0.000 6.000 0.000 0.000 0.000 20170414144932
B0 0000 0000 0316 0000 0780 07C0 0780 07C0 223.00 0.000 6.000 0.000 0.000 0.000 20170414144932
B0 0000 0000 0316 0000 0780 07C0 0780 07C0 223.00 0.000 6.000 0.000 0.000 0.000 20170414144933
B0 0000 0000 0316 0000 0780 07C0 0780 07C0 223.00 0.000 6.000 0.000 0.000 0.000 20170414144933
B0 0000 0000 0316 0000 0780 07C0 0780 07C0 223.00 0.000 6.000 0.000 0.000 0.000 20170414144933
B0 0000 0000 0316 0000 0780 07C0 0780 07C0 223.00 0.000 6.000 0.000 0.000 0.000 20170414144933
B0 0000 0000 0316 0000 0780 07C0 0780 07C0 223.00 0.000 6.000 0.000 0.000 0.000 20170414144933
B0 000B 0000 0014 0000 0780 07C0 0780 07C0 314.00 0.000 6.000 0.000 0.000 0.000 20170414144933
B0 000B 0000 0014 0000 0780 07C0 0780 07C0 258.00 0.000 0.000 0.000 0.000 0.000 20170414144933
B0 000B 0000 0010 0000 0780 07C0 0780 07C0 0.00 0.000 0.000 0.000 0.000 0.000 20170414144933
B0 000B 0000 0010 0000 0780 07C0 0780 07C0 0.00 0.000 0.000 0.000 0.000 0.000 20170414144933
B0 000B 0000 0010 0000 0780 07C0 0780 07C0 0.00 0.000 0.000 0.000 0.000 0.000 20170414144934
B0 000B 0000 0010 0000 0780 07C0 0780 07C0 0.00 0.000 0.000 0.000 0.000 0.000 20170414144934
B0 000B 0000 0010 0000 0780 07C0 0780 07C0 0.00 0.000 0.000 0.000 0.000 0.000 20170414144934
B0 000B 0000 0010 0000 0780 07C0 0780 07C0 0.00 0.000 0.000 0.000 0.000 0.000 20170414144934
B0 000B 0000 0010 0000 0780 07C0 0780 07C0 0.00 0.000 0.000 0.000 0.000 0.000 20170414144934
B0 000B 0000 0010 0000 0780 07C0 0780 07C0 0.00 0.000 0.000 0.000 0.000 0.000 20170414144934
B0 000B 0000 0010 0000 0780 07C0 0780 07C0 0.00 0.000 0.000 0.000 0.000 0.000 20170414144934
B0 000B 0000 0010 0000 0780 07C0 0780 07C0 0.00 0.000 0.000 0.000 0.000 0.000 20170414144934
B0 000B 0000 0010 0000 0780 07C0 0780 07C0 0.00 0.000 0.000 0.000 0.000 0.000 20170414144935
B0 000B 0000 0010 0000 0780 07C0 0780 07C0 0.00 0.000 0.000 0.000 0.000 0.000 20170414144935
B0 000B 0000 0010 0000 0780 07C0 0780 07C0 0.00 0.000 0.000 0.000 0.000 0.000 20170414144935
B0 000B 0000 0010 0000 0780 07C0 0780 07C0 0.00 0.000 0.000 0.000 0.000 0.000 20170414144935
B0 000B 0000 0010 0000 0780 07C0 0780 07C0 0.00 0.000 0.000 0.000 0.000 0.000 20170414144935
B0 000B 0000 0010 0000 0780 07C0 0780 07C0 0.00 0.000 0.000 0.000 0.000 0.000 20170414144935
B0 000B 0000 0010 0000 0780 07C0 0780 07C0 0.00 0.000 0.000 0.000 0.000 0.000 20170414144935
B0 000B 0000 0010 0000 0780 07C0 0780 07C0 0.00 0.000 0.000 0.000 0.000 0.000 20170414144935
B0 000B 0000 0010 0000 0780 07C0 0780 07C0 0.00 0.000 0.000 0.000 0.000 0.000 20170414144935
B0 000B 0000 0010 0000 0780 07C0 0780 07C0 0.00 0.000 0.000 0.000 0.000 0.000 20170414144936
B0 000B 0000 0010 0000 0780 07C0 0780 07C0 0.00 0.000 0.000 0.000 0.000 0.000 20170414144936
B0 000B 0000 0010 0000 0780 07C0 0780 07C0 0.00 0.000 0.000 0.000 0.000 0.000 20170414144936
B0 000B 0000 0010 0000 0780 07C0 0780 07C0 0.00 0.000 0.000 0.000 0.000 0.000 20170414144936
B0 000B 0000 0010 0000 0780 07C0 0780 07C0 0.00 0.000 0.000 0.000 0.000 0.000 20170414144936
B0 000B 0000 0010 0000 0780 07C0 0780 07C0 0.00 0.000 0.000 0.000 0.000 0.000 20170414144936
B0 000B 0000 0010 0000 0780 07C0 0780 07C0 0.00 0.000 0.000 0.000 0.000 0.000 20170414144936
B0 000B 0000 0010 0000 0780 07C0 0780 07C0 0.00 0.000 0.000 0.000 0.000 0.000 20170414144936
B0 000B 0000 0410 0000 0780 07C0 0780 07C0 0.00 0.000 0.000 0.000 0.000 0.000 20170414144937
B0 000B 0000 0010 0000 0780 07C0 0780 07C0 0.00 0.000 0.000 0.000 0.000 0.000 20170414144937
B0 000B 0000 0010 0000 0780 07C0 0780 07C0 0.00 0.000 0.000 0.000 0.000 0.000 20170414144937
B0 000B 0000 0010 0000 0780 07C0 0780 07C0 0.00 0.000 0.000 0.000 0.000 0.000 20170414144937
B0 000B 0000 0010 0000 0780 07C0 0780 07C0 0.00 0.000 0.000 0.000 0.000 0.000 20170414144937
B0 000B 0000 0010 0000 0780 07C0 0780 07C0 0.00 0.000 0.000 0.000 0.000 0.000 20170414144937
B0 000B 0000 0010 0000 0780 07C0 0780 07C0 0.00 0.000 0.000 0.000 0.000 0.000 20170414144937
B0 000B 0000 0010 0000 0780 07C0 0780 07C0 0.00 0.000 0.000 0.000 0.000 0.000 20170414144937
B0 000B 0000 0010 0000 0780 07C0 0780 07C0 0.00 0.000 0.000 0.000 0.000 0.000 20170414144938
B0 000B 0000 0010 0000 0780 07C0 0780 07C0 0.00 0.000 0.000 0.000 0.000 0.000 20170414144938
B0 000B 0000 0010 0000 0780 07C0 0780 07C0 0.00 0.000 0.000 0.000 0.000 0.000 20170414144938
B0 000B 0000 0010 0000 0780 07C0 0780 07C0 0.00 0.000 0.000 0.000 0.000 0.000 20170414144938
B0 000B 0000 0010 0000 0780 07C0 0780 07C0 0.00 0.000 0.000 0.000 0.000 0.000 20170414144938
B0 000B 0000 0010 0000 0780 07C0 0780 07C0 0.00 0.000 0.000 0.000 0.000 0.000 20170414144938
B0 000B 0000 0010 0000 0780 07C0 0780 07C0 0.00 0.000 0.000 0.000 0.000 0.000 20170414144938
B0 000B 0000 0010 0000 0780 07C0 0780 07C0 0.00 0.000 0.000 0.000 0.000 0.000 20170414144938
B0 000B 0000 0010 0000 0780 07C0 0780 07C0 0.00 0.000 0.000 0.000 0.000 0.000 20170414144938
B0 000B 0000 0010 0000 0780 07C0 0780 07C0 0.00 0.000 0.000 0.000 0.000 0.000 20170414144939
B0 000B 0000 0010 0000 0780 07C0 0780 07C0 0.00 0.000 0.000 0.000 0.000 0.000 20170414144939
B0 000B 0000 0010 0000 0780 07C0 0780 07C0 0.00 0.000 0.000 0.000 0.000 0.000 20170414144939
B0 000B 0000 0010 0000 0780 07C0 0780 07C0 0.00 0.000 0.000 0.000 0.000 0.000 20170414144939
B0 000B 0000 0010 0000 0780 07C0 0780 07C0 0.00 0.000 0.000 0.000 0.000 0.000 20170414144939
B0 000B 0000 0010 0000 0780 07C0 0780 07C0 0.00 0.000 0.000 0.000 0.000 0.000 20170414144939
B0 000B 0000 0010 0000 0780 07C0 0780 07C0 0.00 0.000 0.000 0.000 0.000 0.000 20170414144939
B0 000B 0000 0010 0000 0780 07C0 0780 07C0 0.00 0.000 0.000 0.000 0.000 0.000 20170414144939
B0 000B 0000 0010 0000 0780 07C0 0780 07C0 0.00 0.000 0.000 0.000 0.000 0.000 20170414144940
B0 000B 0000 0010 0000 0780 07C0 0780 07C0 0.00 0.000 0.000 0.000 0.000 0.000 20170414144940
B0 000B 0000 0010 0000 0780 07C0 0780 07C0 0.00 0.000 0.000 0.000 0.000 0.000 20170414144940
B0 000B 0000 0010 0000 0780 07C0 0780 07C0 0.00 0.000 0.000 0.000 0.000 0.000 20170414144940
B0 000B 0000 0010 0000 0780 07C0 0780 07C0 0.00 0.000 0.000 0.000 0.000 0.000 20170414144940
B0 000B 0000 0010 0000 0780 07C0 0780 07C0 0.00 0.000 0.000 0.000 0.000 0.000 20170414144940
B0 000B 0000 0010 0000 0780 07C0 0780 07C0 0.00 0.000 0.000 0.000 0.000 0.000 20170414144940
B0 000B 0000 0010 0000 0780 07C0 0780 07C0 0.00 0.000 0.000 0.000 0.000 0.000 20170414144940
B0 000B 0000 0010 0000 0780 07C0 0780 07C0 0.00 0.000 0.000 0.000 0.000 0.000 20170414144941
B0 000B 0000 0010 0000 0780 07C0 0780 07C0 0.00 0.000 0.000 0.000 0.000 0.000 20170414144941
B0 000B 0000 0010 0000 0780 07C0 0780 07C0 0.00 0.000 0.000 0.000 0.000 0.000 20170414144941
B0 000B 0000 0010 0000 0780 07C0 0780 07C0 0.00 0.000 0.000 0.000 0.000 0.000 20170414144941
B0 000B 0000 0010 0000 0780 07C0 0780 07C0 0.00 0.000 0.000 0.000 0.000 0.000 20170414144941
B0 000B 0000 0010 0000 0780 07C0 0780 07C0 0.00 0.000 0.000 0.000 0.000 0.000 20170414144941
B0 000B 0000 0010 0000 0780 07C0 0780 07C0 0.00 0.000 0.000 0.000 0.000 0.000 20170414144941
B0 000B 0000 0010 0000 0780 07C0 0780 07C0 0.00 0.000 0.000 0.000 0.000 0.000 20170414144941
B0 000B 0000 0010 0000 0780 07C0 0780 07C0 0.00 0.000 0.000 0.000 0.000 0.000 20170414144941
B0 000B 0000 0010 0000 0780 07C0 0780 07C0 0.00 0.000 0.000 0.000 0.000 0.000 20170414144942
B0 000B 0000 0010 0000 0780 07C0 0780 07C0 0.00 0.000 0.000 0.000 0.000 0.000 20170414144942
B0 000B 0000 0010 0000 0780 07C0 0780 07C0 0.00 0.000 0.000 0.000 0.000 0.000 20170414144942
B0 000B 0000 0010 0000 0780 07C0 0780 07C0 0.00 0.000 0.000 0.000 0.000 0.000 20170414144942
B0 000B 0000 0010 0000 0780 07C0 0780 07C0 0.00 0.000 0.000 0.000 0.000 0.000 20170414144942
B0 000B 0000 0010 0000 0780 07C0 0780 07C0 0.00 0.000 0.000 0.000 0.000 0.000 20170414144942
B0 000B 0000 0010 0000 0780 07C0 0780 07C0 0.00 0.000 0.000 0.000 0.000 0.000 20170414144942
B0 000B 0000 0010 0000 0780 07C0 0780 07C0 0.00 0.000 0.000 0.000 0.000 0.000 20170414144942
B0 000B 0000 0010 0000 0780 07C0 0780 07C0 0.00 0.000 0.000 0.000 0.000 0.000 20170414144943
B0 000B 0000 0010 0000 0780 07C0 0780 07C0 0.00 0.000 0.000 0.000 0.000 0.000 20170414144943
B0 000B 0000 0010 0000 0780 07C0 0780 07C0 0.00 0.000 0.000 0.000 0.000 0.000 20170414144943
B0 000B 0000 0010 0000 0780 07C0 0780 07C0 0.00 0.000 0.000 0.000 0.000 0.000 20170414144943
B0 000B 0000 0010 0000 0780 07C0 0780 07C0 0.00 0.000 0.000 0.000 0.000 0.000 20170414144943
B0 000B 0000 0010 0000 0780 07C0 0780 07C0 0.00 0.000 0.000 0.000 0.000 0.000 20170414144943
B0 000B 0000 0010 0000 0780 07C0 0780 07C0 0.00 0.000 0.000 0.000 0.000 0.000 20170414144943
B0 000B 0000 0010 0000 0780 07C0 0780 07C0 0.00 0.000 0.000 0.000 0.000 0.000 20170414144943
B0 000B 0000 0010 0000 0780 07C0 0780 07C0 0.00 0.000 0.000 0.000 0.000 0.000 20170414144944
B0 000B 0000 0010 0000 0780 07C0 0780 07C0 0.00 0.000 0.000 0.000 0.000 0.000 20170414144944
B0 000B 0000 0010 0000 0780 07C0 0780 07C0 0.00 0.000 0.000 0.000 0.000 0.000 20170414144944
B0 000B 0000 0010 0000 0780 07C0 0780 07C0 0.00 0.000 0.000 0.000 0.000 0.000 20170414144944
B0 000B 0000 0010 0000 0780 07C0 0780 07C0 0.00 0.000 0.000 0.000 0.000 0.000 20170414144944
B0 000B 0000 0010 0000 0780 07C0 0780 07C0 0.00 0.000 0.000 0.000 0.000 0.000 20170414144944
B0 000B 0000 0010 0000 0780 07C0 0780 07C0 0.00 0.000 0.000 0.000 0.000 0.000 20170414144944
B0 000B 0000 0010 0000 0780 07C0 0780 07C0 0.00 0.000 0.000 0.000 0.000 0.000 20170414144944
B0 000B 0000 0010 0000 0780 07C0 0780 07C0 0.00 0.000 0.000 0.000 0.000 0.000 20170414144944
B0 000B 0000 0010 0000 0780 07C0 0780 07C0 0.00 0.000 0.000 0.000 0.000 0.000 20170414144945
B0 000B 0000 0010 0000 0780 07C0 0780 07C0 0.00 0.000 0.000 0.000 0.000 0.000 20170414144945
B0 000B 0000 0010 0000 0780 07C0 0780 07C0 0.00 0.000 0.000 0.000 0.000 0.000 20170414144945
B0 000B 0000 0010 0000 0780 07C0 0780 07C0 0.00 0.000 0.000 0.000 0.000 0.000 20170414144945
B0 000B 0000 0010 0000 0780 07C0 0780 07C0 0.00 0.000 0.000 0.000 0.000 0.000 20170414144945
B0 000B 0000 0010 0000 0780 07C0 0780 07C0 0.00 0.000 0.000 0.000 0.000 0.000 20170414144945
B0 000B 0000 0010 0000 0780 07C0 0780 07C0 0.00 0.000 0.000 0.000 0.000 0.000 20170414144945
B0 000B 0000 0010 0000 0780 07C0 0780 07C0 0.00 0.000 0.000 0.000 0.000 0.000 20170414144945
B0 000B 0000 0010 0000 0780 07C0 0780 07C0 0.00 0.000 0.000 0.000 0.000 0.000 20170414144946
B0 000B 0000 0010 0000 0780 07C0 0780 07C0 0.00 0.000 0.000 0.000 0.000 0.000 20170414144946
B0 000B 0000 0010 0000 0780 07C0 0780 07C0 0.00 0.000 0.000 0.000 0.000 0.000 20170414144946
B0 000B 0000 0010 0000 0780 07C0 0780 07C0 0.00 0.000 0.000 0.000 0.000 0.000 20170414144946
B0 000B 0000 0010 0000 0780 07C0 0780 07C0 0.00 0.000 0.000 0.000 0.000 0.000 20170414144946
B0 000B 0000 0010 0000 0780 07C0 0780 07C0 0.00 0.000 0.000 0.000 0.000 0.000 20170414144946
B0 000B 0000 0010 0000 0780 07C0 0780 07C0 0.00 0.000 0.000 0.000 0.000 0.000 20170414144946
B0 000B 0000 0010 0000 0780 07C0 0780 07C0 0.00 0.000 0.000 0.000 0.000 0.000 20170414144946
B0 000B 0000 0010 0000 0780 07C0 0780 07C0 0.00 0.000 0.000 0.000 0.000 0.000 20170414144946
B0 000B 0000 0010 0000 0780 07C0 0780 07C0 0.00 0.000 0.000 0.000 0.000 0.000 20170414144947
B0 000B 0000 0010 0000 0780 07C0 0780 07C0 0.00 0.000 0.000 0.000 0.000 0.000 20170414144947
B0 000B 0000 0010 0000 0780 07C0 0780 07C0 0.00 0.000 0.000 0.000 0.000 0.000 20170414144947
B0 000B 0000 0010 0000 0780 07C0 0780 07C0 0.00 0.000 0.000 0.000 0.000 0.000 20170414144947
B0 000B 0000 0410 0000 0780 07C0 0780 07C0 0.00 0.000 0.000 0.000 0.000 0.000 20170414144947
B0 000B 0000 0010 0000 0780 07C0 0780 07C0 0.00 0.000 0.000 0.000 0.000 0.000 20170414144947
B0 000B 0000 0010 0000 0780 07C0 0780 07C0 0.00 0.000 0.000 0.000 0.000 0.000 20170414144947
B0 000B 0000 0010 0000 0780 07C0 0780 07C0 0.00 0.000 0.000 0.000 0.000 0.000 20170414144947
B0 000B 0000 0010 0000 0780 07C0 0780 07C0 0.00 0.000 0.000 0.000 0.000 0.000 20170414144948
B0 000B 0000 0010 0000 0780 07C0 0780 07C0 0.00 0.000 0.000 0.000 0.000 0.000 20170414144948
B0 000B 0000 0010 0000 0780 07C0 0780 07C0 0.00 0.000 0.000 0.000 0.000 0.000 20170414144948
B0 000B 0000 0010 0000 0780 07C0 0780 07C0 0.00 0.000 0.000 0.000 0.000 0.000 20170414144948
B0 000B 0000 0010 0000 0780 07C0 0780 07C0 0.00 0.000 0.000 0.000 0.000 0.000 20170414144948
B0 000B 0000 0010 0000 0780 07C0 0780 07C0 0.00 0.000 0.000 0.000 0.000 0.000 20170414144948
B0 000B 0000 0010 0000 0780 07C0 0780 07C0 0.00 0.000 0.000 0.000 0.000 0.000 20170414144948
B0 000B 0000 0010 0000 0780 07C0 0780 07C0 0.00 0.000 0.000 0.000 0.000 0.000 20170414144948
B0 000B 0000 0010 0000 0780 07C0 0780 07C0 0.00 0.000 0.000 0.000 0.000 0.000 20170414144949
B0 000B 0000 0010 0000 0780 07C0 0780 07C0 0.00 0.000 0.000 0.000 0.000 0.000 20170414144949
B0 000B 0000 0010 0000 0780 07C0 0780 07C0 0.00 0.000 0.000 0.000 0.000 0.000 20170414144949
B0 000B 0000 0010 0000 0780 07C0 0780 07C0 0.00 0.000 0.000 0.000 0.000 0.000 20170414144949
B0 000B 0000 0010 0000 0780 07C0 0780 07C0 0.00 0.000 0.000 0.000 0.000 0.000 20170414144949
B0 000B 0000 0010 0000 0780 07C0 0780 07C0 0.00 0.000 0.000 0.000 0.000 0.000 20170414144949
B0 000B 0000 0010 0000 0780 07C0 0780 07C0 0.00 0.000 0.000 0.000 0.000 0.000 20170414144949
B0 000B 0000 0010 0000 0780 07C0 0780 07C0 0.00 0.000 0.000 0.000 0.000 0.000 20170414144949
B0 000B 0000 0010 0000 0780 07C0 0780 07C0 0.00 0.000 0.000 0.000 0.000 0.000 20170414144949
B0 000B 0000 0010 0000 0780 07C0 0780 07C0 0.00 0.000 0.000 0.000 0.000 0.000 20170414144950
B0 000B 0000 0010 0000 0780 07C0 0780 07C0 0.00 0.000 0.000 0.000 0.000 0.000 20170414144950
B0 000B 0000 0010 0000 0780 07C0 0780 07C0 0.00 0.000 0.000 0.000 0.000 0.000 20170414144950
B0 000B 0000 0010 0000 0780 07C0 0780 07C0 0.00 0.000 0.000 0.000 0.000 0.000 20170414144950
B0 000B 0000 0010 0000 0780 07C0 0780 07C0 0.00 0.000 0.000 0.000 0.000 0.000 20170414144950
B0 000B 0000 0010 0000 0780 07C0 0780 07C0 0.00 0.000 0.000 0.000 0.000 0.000 20170414144950
B0 000B 0000 0010 0000 0780 07C0 0780 07C0 0.00 0.000 0.000 0.000 0.000 0.000 20170414144950
B0 000B 0000 0010 0000 0780 07C0 0780 07C0 0.00 0.000 0.000 0.000 0.000 0.000 20170414144950
B0 000B 0000 0010 0000 0780 07C0 0780 07C0 0.00 0.000 0.000 0.000 0.000 0.000 20170414144951
B0 000B 0000 0010 0000 0780 07C0 0780 07C0 0.00 0.000 0.000 0.000 0.000 0.000 20170414144951
B0 000B 0000 0010 0000 0780 07C0 0780 07C0 0.00 0.000 0.000 0.000 0.000 0.000 20170414144951
B0 000B 0000 0010 0000 0780 07C0 0780 07C0 0.00 0.000 0.000 0.000 0.000 0.000 20170414144951
B0 000B 0000 0010 0000 0780 07C0 0780 07C0 0.00 0.000 0.000 0.000 0.000 0.000 20170414144951
B0 000B 0000 0010 0000 0780 07C0 0780 07C0 0.00 0.000 0.000 0.000 0.000 0.000 20170414144951
B0 000B 0000 0010 0000 0780 07C0 0780 07C0 0.00 0.000 0.000 0.000 0.000 0.000 20170414144951
B0 000B 0000 0010 0000 0780 07C0 0780 07C0 0.00 0.000 0.000 0.000 0.000 0.000 20170414144951
B0 000B 0000 0010 0000 0780 07C0 0780 07C0 0.00 0.000 0.000 0.000 0.000 0.000 20170414144952
B0 000B 0000 0010 0000 0780 07C0 0780 07C0 0.00 0.000 0.000 0.000 0.000 0.000 20170414144952
B0 000B 0000 0010 0000 0780 07C0 0780 07C0 0.00 0.000 0.000 0.000 0.000 0.000 20170414144952
B0 000B 0000 0010 0000 0780 07C0 0780 07C0 0.00 0.000 0.000 0.000 0.000 0.000 20170414144952
B0 000B 0000 0010 0000 0780 07C0 0780 07C0 0.00 0.000 0.000 0.000 0.000 0.000 20170414144952
B0 000B 0000 0010 0000 0780 07C0 0780 07C0 0.00 0.000 0.000 0.000 0.000 0.000 20170414144952
B0 000B 0000 0010 0000 0780 07C0 0780 07C0 0.00 0.000 0.000 0.000 0.000 0.000 20170414144952
B0 000B 0000 0010 0000 0780 07C0 0780 07C0 0.00 0.000 0.000 0.000 0.000 0.000 20170414144952
B0 000B 0000 0010 0000 0780 07C0 0780 07C0 0.00 0.000 0.000 0.000 0.000 0.000 20170414144952
B0 000B 0000 0010 0000 0780 07C0 0780 07C0 0.00 0.000 0.000 0.000 0.000 0.000 20170414144953
B0 000B 0000 0010 0000 0780 07C0 0780 07C0 0.00 0.000 0.000 0.000 0.000 0.000 20170414144953
B0 000B 0000 0010 0000 0780 07C0 0780 07C0 0.00 0.000 0.000 0.000 0.000 0.000 20170414144953
B0 000B 0000 0010 0000 0780 07C0 0780 07C0 0.00 0.000 0.000 0.000 0.000 0.000 20170414144953
B0 000B 0000 0010 0000 0780 07C0 0780 07C0 0.00 0.000 0.000 0.000 0.000 0.000 20170414144953
B0 000B 0000 0010 0000 0780 07C0 0780 07C0 0.00 0.000 0.000 0.000 0.000 0.000 20170414144953
B0 000B 0000 0010 0000 0780 07C0 0780 07C0 0.00 0.000 0.000 0.000 0.000 0.000 20170414144953
B0 000B 0000 0010 0000 0780 07C0 0780 07C0 0.00 0.000 0.000 0.000 0.000 0.000 20170414144953
B0 000B 0000 0010 0000 0780 07C0 0780 07C0 0.00 0.000 0.000 0.000 0.000 0.000 20170414144954
B0 000B 0000 0010 0000 0780 07C0 0780 07C0 0.00 0.000 0.000 0.000 0.000 0.000 20170414144954
B0 000B 0000 0010 0000 0780 07C0 0780 07C0 0.00 0.000 0.000 0.000 0.000 0.000 20170414144954
B0 000B 0000 0010 0000 0780 07C0 0780 07C0 0.00 0.000 0.000 0.000 0.000 0.000 20170414144954
B0 000B 0000 0010 0000 0780 07C0 0780 07C0 0.00 0.000 0.000 0.000 0.000 0.000 20170414144954
B0 000B 0000 0010 0000 0780 07C0 0780 07C0 0.00 0.000 0.000 0.000 0.000 0.000 20170414144954
B0 000B 0000 0010 0000 0780 07C0 0780 07C0 0.00 0.000 0.000 0.000 0.000 0.000 20170414144954
B0 000B 0000 0010 0000 0780 07C0 0780 07C0 0.00 0.000 0.000 0.000 0.000 0.000 20170414144954
B0 000B 0000 0010 0000 0780 07C0 0780 07C0 0.00 0.000 0.000 0.000 0.000 0.000 20170414144955
B0 000B 0000 0010 0000 0780 07C0 0780 07C0 0.00 0.000 0.000 0.000 0.000 0.000 20170414144955
B0 000B 0000 0010 0000 0780 07C0 0780 07C0 0.00 0.000 0.000 0.000 0.000 0.000 20170414144955
B0 0000 0000 0000 0000 0000 0000 0000 0000 0.00 0.000 0.000 0.000 0.000 0.000 20170414144955
B0 0000 0000 0000 0000 0000 0000 0000 0000 0.00 0.000 0.000 0.000 0.000 0.000 20170414144955
B0 0000 0000 0000 0000 0000 0000 0000 0000 0.00 0.000 0.000 0.000 0.000 0.000 20170414144955
B0 0000 0000 0000 0000 0000 0000 0000 0000 0.00 0.000 0.000 0.000 0.000 0.000 20170414144955
B0 0000 0000 0000 0000 0000 0000 0000 0000 0.00 0.000 0.000 0.000 0.000 0.000 20170414144955
B0 0000 0000 0000 0000 0000 0000 0000 0000 0.00 0.000 0.000 0.000 0.000 0.000 20170414145011
