Address 79 7A 7B 7C 7D 7E 7F 80 81 82 8D 8E 8F 90 88 89 97 8B 8C 96 86 87 Time
B0 0002 00 00 00 00 80 FF FF 00 FF 29.00 30.00 31.00 2896 221.25 0.10 3.50 12.00 0.03 0.38 3.700 0.200 20170929090707
B0 0002 00 00 00 00 80 FF FF 00 FF 29.00 29.50 31.00 2896 221.00 0.10 3.50 12.00 0.03 0.38 3.600 0.100 20170929090708
B0 0002 00 00 00 00 80 FF FF 00 FF 29.00 29.50 31.00 2880 221.00 0.10 3.50 12.00 0.03 0.09 3.600 0.300 20170929090709
B0 0002 00 00 00 00 80 FF FF 00 FF 29.00 29.50 31.00 2880 221.25 0.10 3.50 12.00 0.01 0.38 3.600 0.100 20170929090711
B0 0002 00 00 00 00 80 FF FF 00 FF 29.00 30.00 31.00 2896 221.00 0.10 3.50 12.00 0.03 0.09 3.600 0.300 20170929090712
B0 0002 00 00 00 00 80 FF FF 00 FF 29.00 29.50 31.00 2896 221.00 0.10 3.50 12.00 0.03 0.38 3.600 0.200 20170929090713
B0 0002 00 00 00 00 80 FF FF 00 FF 29.00 29.50 31.00 2896 221.25 0.10 3.50 12.00 0.03 0.38 3.700 0.200 20170929090714
B0 0002 00 00 00 00 80 FF FF 00 FF 29.00 30.00 31.00 2896 221.50 0.10 3.50 12.00 0.01 0.09 3.600 0.200 20170929090715
B0 0002 00 00 00 00 80 FF FF 00 FF 29.00 29.50 31.00 2896 221.25 0.10 3.50 12.00 0.03 0.38 3.600 0.200 20170929090716
B0 0002 00 00 00 00 80 FF FF 00 FF 29.00 29.50 31.00 2896 221.25 0.10 3.50 12.00 0.03 0.38 3.600 0.100 20170929090717
B0 0002 00 00 00 00 80 FF FF 00 FF 29.00 29.50 31.00 2896 221.00 0.10 3.50 12.00 0.03 0.38 3.600 0.400 20170929090718
B0 0002 00 00 00 00 80 FF FF 00 FF 29.00 30.00 31.00 2896 220.50 0.10 3.50 12.00 0.03 0.38 3.600 0.400 20170929090720
B0 0002 00 00 00 00 80 FF FF 00 FF 29.00 30.00 31.00 2896 221.25 0.10 3.50 12.00 0.03 0.38 3.600 0.000 20170929090721
B0 0002 00 00 00 00 80 FF FF 00 FF 29.00 29.50 31.00 2896 221.25 0.10 3.50 12.00 0.03 0.38 3.700 0.300 20170929090722
B0 0002 00 00 00 00 80 FF FF 00 FF 29.00 29.50 31.00 2896 221.00 0.10 3.50 12.00 0.01 0.09 3.700 0.400 20170929090723
B0 0002 00 00 00 00 80 FF FF 00 FF 29.00 29.50 31.00 2896 221.25 0.10 3.50 12.00 0.03 0.38 3.600 0.000 20170929090724
B0 0002 00 00 00 00 80 FF FF 00 FF 29.00 29.50 31.00 2896 221.00 0.10 3.50 12.00 0.01 0.38 3.700 0.100 20170929090725
B0 0002 00 00 00 00 80 FF FF 00 FF 29.00 29.50 31.00 2896 220.75 0.10 3.50 12.00 0.03 0.38 3.600 0.400 20170929090727
B0 0002 00 00 00 00 80 FF FF 00 FF 29.00 29.50 31.00 2896 220.75 0.10 3.50 12.00 0.01 0.09 3.700 0.100 20170929090728
B0 0002 00 00 00 00 80 FF FF 00 FF 29.00 29.50 31.00 2896 220.75 0.10 3.50 12.00 0.03 0.09 3.600 0.200 20170929090729
B0 0002 00 00 00 00 80 FF FF 00 FF 29.00 29.50 31.00 2896 221.25 0.10 3.50 12.00 0.03 0.38 3.700 0.300 20170929090730
B0 0002 00 00 00 00 80 FF FF 00 FF 29.00 29.50 31.00 2896 221.25 0.10 3.50 12.00 0.01 0.38 3.600 0.100 20170929090731
B0 0002 00 00 00 00 80 FF FF 00 FF 29.00 29.50 31.00 2896 221.25 0.10 3.50 12.00 0.03 0.38 3.600 0.200 20170929090732
B0 0002 00 00 00 00 80 FF FF 00 FF 29.00 30.00 31.00 2896 221.00 0.10 3.50 12.00 0.01 0.38 3.600 0.300 20170929090733
B0 0002 00 00 00 00 80 FF FF 00 FF 29.00 29.50 31.00 2896 221.00 0.10 3.50 12.00 0.03 0.38 3.600 0.100 20170929090735
B0 0002 00 00 00 00 80 FF FF 00 FF 29.00 29.50 31.00 2896 220.75 0.10 3.50 12.00 0.03 0.38 3.600 0.200 20170929090736
B0 0002 00 00 00 00 80 FF FF 00 FF 29.00 29.50 31.00 2896 221.25 0.10 3.50 12.00 0.03 0.38 3.600 0.200 20170929090737
B0 0002 00 00 00 00 80 FF FF 00 FF 29.00 30.00 31.00 2896 221.25 0.10 3.50 12.00 0.03 0.09 3.600 0.100 20170929090738
B0 0002 00 00 00 00 80 FF FF 00 FF 29.00 30.00 31.00 2896 220.75 0.10 3.50 12.00 0.03 0.38 3.600 0.200 20170929090739
B0 0002 00 00 00 00 80 FF FF 00 FF 29.00 30.00 31.00 2896 221.00 0.10 3.50 12.00 0.03 0.38 3.600 0.200 20170929090740
B0 0002 00 00 00 00 80 FF FF 00 FF 29.00 29.50 31.00 2896 221.00 0.10 3.50 12.00 0.01 0.38 3.600 0.100 20170929090741
B0 0002 00 00 00 00 80 FF FF 00 FF 29.00 29.50 31.00 2896 220.75 0.10 3.50 12.00 0.03 0.09 3.600 0.200 20170929090743
B0 0002 00 00 00 00 80 FF FF 00 FF 29.00 30.00 31.00 2896 220.75 0.10 3.50 12.00 0.03 0.38 3.600 0.400 20170929090744
B0 0002 00 00 00 00 80 FF FF 00 FF 29.00 29.50 31.00 2896 221.00 0.10 3.50 12.00 0.01 0.38 3.600 0.200 20170929090745
B0 0002 00 00 00 00 80 FF FF 00 FF 29.00 29.50 31.00 2896 221.00 0.10 3.50 12.00 0.03 0.09 3.600 0.400 20170929090746
B0 0002 00 00 00 00 80 FF FF 00 FF 29.00 30.00 31.00 2896 221.00 0.10 3.50 12.00 0.01 0.38 3.600 0.400 20170929090747
B0 0002 00 00 00 00 80 FF FF 00 FF 29.00 29.50 31.00 2896 220.75 0.10 3.50 12.00 0.03 0.38 3.600 0.200 20170929090748
B0 0002 00 00 00 00 80 FF FF 00 FF 29.00 29.50 31.00 2896 221.25 0.10 3.50 12.00 0.01 0.38 3.700 0.200 20170929090749
B0 0002 00 00 00 00 80 FF FF 00 FF 29.00 29.50 31.00 2896 221.50 0.10 3.50 12.00 0.03 0.38 3.700 0.200 20170929090750
B0 0002 00 00 00 00 80 FF FF 00 FF 29.00 29.50 31.00 2896 221.25 0.10 3.50 12.00 0.03 0.09 3.700 0.100 20170929090752
B0 0002 00 00 00 00 80 FF FF 00 FF 29.00 29.50 31.00 2912 221.00 0.10 3.50 12.00 0.03 0.38 3.700 0.100 20170929090753
B0 0002 00 00 00 00 80 FF FF 00 FF 29.00 29.50 31.00 2896 221.00 0.10 3.50 12.00 0.03 0.38 3.600 0.300 20170929090754
B0 0002 00 00 00 00 80 FF FF 00 FF 29.00 30.00 31.00 2896 221.00 0.10 3.50 12.00 0.03 0.38 3.700 0.200 20170929090755
B0 0002 00 00 00 00 80 FF FF 00 FF 29.00 30.00 31.00 2896 221.25 0.10 3.50 12.00 0.01 0.38 3.600 0.100 20170929090756
B0 0002 00 00 00 00 80 FF FF 00 FF 29.00 29.50 31.00 2880 221.00 0.10 3.50 12.00 0.03 0.38 3.700 0.000 20170929090757
B0 0002 00 00 00 00 80 FF FF 00 FF 29.00 29.50 31.00 2880 221.00 0.10 3.50 12.00 0.01 0.09 3.600 0.100 20170929090758
B0 0002 00 00 00 00 80 FF FF 00 FF 29.00 30.00 31.00 2896 221.00 0.10 3.50 12.00 0.03 0.38 3.600 0.300 20170929090759
B0 0002 00 00 00 00 80 FF FF 00 FF 29.00 29.50 31.00 2896 220.50 0.10 3.50 12.00 0.03 0.38 3.600 0.300 20170929090800
B0 0002 00 00 00 00 80 FF FF 00 FF 29.00 29.50 31.00 2896 220.50 0.10 3.50 12.00 0.01 0.38 3.600 0.300 20170929090802
B0 0002 00 00 00 00 80 FF FF 00 FF 29.00 30.00 31.00 2896 220.75 0.10 3.50 12.00 0.01 0.38 3.600 0.200 20170929090803
B0 0002 00 00 00 00 80 FF FF 00 FF 29.00 29.50 31.00 2896 221.00 0.10 3.50 12.00 0.03 0.38 3.700 0.100 20170929090804
B0 0002 00 00 00 00 80 FF FF 00 FF 29.00 29.50 31.00 2896 221.00 0.10 3.50 12.00 0.03 0.38 3.700 0.100 20170929090805
B0 0002 00 00 00 00 80 FF FF 00 FF 29.00 29.50 31.00 2896 221.00 0.10 3.50 12.00 0.03 0.38 3.600 0.200 20170929090806
B0 0002 00 00 00 00 80 FF FF 00 FF 29.00 30.00 31.00 2896 220.75 0.10 3.50 12.00 0.03 0.09 3.700 0.200 20170929090807
B0 0002 00 00 00 00 80 FF FF 00 FF 29.00 29.50 31.00 2896 220.50 0.10 3.50 12.00 0.01 0.09 3.600 0.400 20170929090808
B0 0002 00 00 00 00 80 FF FF 00 FF 29.00 29.50 31.00 2896 221.25 0.10 3.50 12.00 0.01 0.09 3.600 0.200 20170929090810
B0 0002 00 00 00 00 80 FF FF 00 FF 29.00 30.00 31.00 2896 220.75 0.10 3.50 12.00 0.03 0.09 3.700 0.200 20170929090811
B0 0002 00 00 00 00 80 FF FF 00 FF 29.00 29.50 31.00 2896 221.25 0.10 3.50 12.00 0.01 0.09 3.700 0.000 20170929090812
B0 0002 00 00 00 00 80 FF FF 00 FF 29.00 29.50 31.00 2896 221.25 0.10 3.50 12.00 0.01 0.38 3.600 0.100 20170929090813
B0 0002 00 00 00 00 80 FF FF 00 FF 29.00 29.50 31.00 2896 221.00 0.10 3.50 12.00 0.01 0.09 3.700 0.100 20170929090814
B0 0002 00 00 00 00 80 FF FF 00 FF 29.00 29.50 31.00 2896 221.00 0.10 3.50 12.00 0.01 0.38 3.700 0.300 20170929090815
B0 0002 00 00 00 00 80 FF FF 00 FF 29.00 30.00 31.00 2880 221.25 0.10 3.50 12.00 0.03 0.38 3.700 0.100 20170929090816
B0 0002 00 00 00 00 80 FF FF 00 FF 29.00 29.50 31.00 2896 221.00 0.10 3.50 12.00 0.03 0.38 3.700 0.200 20170929090817
B0 0002 00 00 00 00 80 FF FF 00 FF 29.00 30.00 31.00 2896 221.00 0.10 3.50 12.00 0.03 0.38 3.600 0.100 20170929090819
B0 0002 00 00 00 00 80 FF FF 00 FF 29.00 30.00 31.00 2896 220.75 0.10 3.50 12.00 0.03 0.38 3.600 0.100 20170929090820
B0 0002 00 00 00 00 80 FF FF 00 FF 29.00 29.50 31.00 2896 220.50 0.10 3.50 12.00 0.01 0.38 3.600 0.200 20170929090821
B0 0002 00 00 00 00 80 FF FF 00 FF 29.00 29.50 31.00 2896 220.75 0.10 3.50 12.00 0.03 0.09 3.700 0.100 20170929090822
B0 0002 00 00 00 00 80 FF FF 00 FF 29.00 30.00 31.00 2896 221.00 0.10 3.50 12.00 0.03 0.09 3.700 0.300 20170929090823
B0 0002 00 00 00 00 80 FF FF 00 FF 29.00 30.00 31.00 2896 221.00 0.10 3.50 12.00 0.03 0.38 3.700 0.200 20170929090824
B0 0002 00 00 00 00 80 FF FF 00 FF 29.00 29.50 31.00 2896 220.50 0.10 3.50 12.00 0.01 0.38 3.700 0.000 20170929090825
B0 0002 00 00 00 00 80 FF FF 00 FF 29.00 30.00 31.00 2896 220.50 0.10 3.50 12.00 0.03 0.09 3.700 0.100 20170929090826
B0 0002 00 00 00 00 80 FF FF 00 FF 29.00 29.50 31.00 2896 220.25 0.10 3.50 12.00 0.03 0.38 3.600 0.200 20170929090828
B0 0002 00 00 00 00 80 FF FF 00 FF 29.00 29.50 31.00 2896 220.50 0.10 3.50 12.00 0.03 0.09 3.600 0.200 20170929090829
B0 0002 00 00 00 00 80 FF FF 00 FF 29.00 29.50 31.00 2896 221.00 0.10 3.50 12.00 0.01 0.38 3.600 0.100 20170929090830
B0 0002 00 00 00 00 80 FF FF 00 FF 29.00 29.50 31.00 2912 221.25 0.10 3.50 12.00 0.03 0.09 3.600 0.300 20170929090831
B0 0002 00 00 00 00 80 FF FF 00 FF 29.00 29.50 31.00 2896 221.00 0.10 3.50 12.00 0.03 0.38 3.700 0.100 20170929090832
B0 0002 00 00 00 00 80 FF FF 00 FF 29.00 30.00 31.00 2896 220.75 0.10 3.50 12.00 0.03 0.38 3.600 0.200 20170929090833
B0 0002 00 00 00 00 80 FF FF 00 FF 29.00 30.00 31.00 2896 220.50 0.10 3.50 12.00 0.03 0.09 3.600 0.300 20170929090834
B0 0002 00 00 00 00 80 FF FF 00 FF 29.00 29.50 31.00 2896 221.00 0.10 3.50 12.00 0.03 0.38 3.700 0.400 20170929090836
B0 0002 00 00 00 00 80 FF FF 00 FF 29.00 29.50 31.00 2896 221.00 0.10 3.50 12.00 0.03 0.38 3.700 0.400 20170929090837
B0 0002 00 00 00 00 80 FF FF 00 FF 29.00 30.00 31.00 2896 221.25 0.10 3.50 12.00 0.03 0.38 3.500 0.400 20170929090838
B0 0002 00 00 00 00 80 FF FF 00 FF 29.00 29.50 31.00 2896 221.25 0.10 3.50 12.00 0.03 0.38 3.600 0.200 20170929090839
B0 0002 00 00 00 00 80 FF FF 00 FF 29.00 29.50 31.00 2896 221.50 0.10 3.50 12.00 0.03 0.38 3.600 0.400 20170929090840
B0 0002 00 00 00 00 80 FF FF 00 FF 29.00 29.50 31.00 2896 221.25 0.10 3.50 12.00 0.03 0.38 3.600 0.200 20170929090841
B0 0002 00 00 00 00 80 FF FF 00 FF 29.00 29.50 31.00 2896 221.50 0.10 3.50 12.00 0.03 0.38 3.600 0.100 20170929090842
B0 0002 00 00 00 00 80 FF FF 00 FF 29.00 30.00 31.00 2896 221.25 0.10 3.50 12.00 0.03 0.38 3.600 0.200 20170929090843
B0 0002 00 00 00 00 80 FF FF 00 FF 29.00 29.50 31.00 2896 221.25 0.10 3.50 12.00 0.01 0.09 3.600 0.400 20170929090844
B0 0002 00 00 00 00 80 FF FF 00 FF 29.00 29.50 31.00 2896 221.00 0.10 3.50 12.00 0.03 0.09 3.600 0.300 20170929090846
B0 0002 00 00 00 00 80 FF FF 00 FF 29.00 30.00 31.00 2896 220.75 0.10 3.50 12.00 0.03 0.38 3.700 0.300 20170929090847
B0 0002 00 00 00 00 80 FF FF 00 FF 29.00 29.50 31.00 2896 221.25 0.10 3.50 12.00 0.01 0.38 3.700 0.300 20170929090848
B0 0002 00 00 00 00 80 FF FF 00 FF 29.00 29.50 31.00 2912 221.25 0.10 3.50 12.00 0.03 0.38 3.700 0.200 20170929090849
B0 0002 00 00 00 00 80 FF FF 00 FF 29.00 29.50 31.00 2912 221.00 0.10 3.50 12.00 0.01 0.09 3.700 0.200 20170929090850
B0 0002 00 00 00 00 80 FF FF 00 FF 29.00 29.50 31.00 2912 221.25 0.10 3.50 12.00 0.03 0.09 3.600 0.200 20170929090851
B0 0002 00 00 00 00 80 FF FF 00 FF 29.00 29.50 31.00 2880 220.75 0.10 3.50 12.00 0.03 0.09 3.600 0.100 20170929090852
B0 0002 00 00 00 00 80 FF FF 00 FF 29.00 30.00 31.00 2880 221.00 0.10 3.50 12.00 0.03 0.38 3.600 0.300 20170929090854
B0 0002 00 00 00 00 80 FF FF 00 FF 29.00 29.50 31.00 2896 220.50 0.10 3.50 12.00 0.03 0.38 3.600 0.100 20170929090855
B0 0002 00 00 00 00 80 FF FF 00 FF 29.00 29.50 31.00 2896 221.25 0.10 3.50 12.00 0.01 0.38 3.600 0.100 20170929090856
B0 0002 00 00 00 00 80 FF FF 00 FF 29.00 29.50 31.00 2896 221.00 0.10 3.50 12.00 0.01 0.09 3.600 0.200 20170929090857
B0 0002 00 00 00 00 80 FF FF 00 FF 29.00 30.00 31.00 2912 220.75 0.10 3.50 12.00 0.03 0.38 3.600 0.300 20170929090858
B0 0002 00 00 00 00 80 FF FF 00 FF 29.00 29.50 31.00 2912 220.75 0.10 3.50 12.00 0.01 0.09 3.600 0.000 20170929090859
B0 0002 00 00 00 00 80 FF FF 00 FF 29.00 30.00 31.00 2912 220.75 0.10 3.50 12.00 0.01 0.38 3.700 0.100 20170929090900
B0 0002 00 00 00 00 80 FF FF 00 FF 29.00 29.50 31.00 2896 220.75 0.10 3.50 12.00 0.01 0.38 3.600 0.300 20170929090901
B0 0002 00 00 00 00 80 FF FF 00 FF 29.00 29.50 31.00 2896 220.75 0.10 3.50 12.00 0.01 0.09 3.600 0.400 20170929090903
B0 0002 00 00 00 00 80 FF FF 00 FF 29.00 29.50 31.00 2896 221.00 0.10 3.50 12.00 0.01 0.38 3.700 0.300 20170929090904
B0 0002 00 00 00 00 80 FF FF 00 FF 29.00 29.50 31.00 2896 220.75 0.10 3.50 12.00 0.03 0.38 3.700 0.200 20170929090905
B0 0002 00 00 00 00 80 FF FF 00 FF 29.00 29.50 31.00 2864 220.75 0.10 3.50 12.00 0.01 0.38 3.600 0.200 20170929090906
B0 0002 00 00 00 00 80 FF FF 00 FF 29.00 29.50 31.00 2864 221.00 0.10 3.50 12.00 0.01 0.09 3.600 0.200 20170929090907
B0 0002 00 00 00 00 80 FF FF 00 FF 29.00 29.50 31.00 2880 221.25 0.10 3.50 12.00 0.03 0.38 3.600 0.100 20170929090908
B0 0002 00 00 00 00 80 FF FF 00 FF 29.00 29.50 31.00 2880 221.25 0.10 3.50 12.00 0.01 0.09 3.600 0.200 20170929090909
B0 0002 00 00 00 00 80 FF FF 00 FF 29.00 30.00 31.00 2896 220.75 0.10 3.50 12.00 0.03 0.38 3.600 0.100 20170929090910
B0 0002 00 00 00 00 80 FF FF 00 FF 29.00 30.00 31.00 2896 221.00 0.10 3.50 12.00 0.01 0.38 3.700 0.100 20170929090912
B0 0002 00 00 00 00 80 FF FF 00 FF 29.00 29.50 31.00 2896 220.75 0.10 3.50 12.00 0.03 0.09 3.600 0.100 20170929090913
B0 0002 00 00 00 00 80 FF FF 00 FF 29.00 29.50 31.00 2896 221.25 0.10 3.50 12.00 0.01 0.09 3.600 0.100 20170929090914
B0 0002 00 00 00 00 80 FF FF 00 FF 29.00 29.50 31.00 2896 221.50 0.10 3.50 12.00 0.03 0.38 3.600 0.300 20170929090915
B0 0002 00 00 00 00 80 FF FF 00 FF 29.00 29.50 31.00 2896 221.25 0.10 3.50 12.00 0.03 0.38 3.600 0.200 20170929090916
B0 0002 00 00 00 00 80 FF FF 00 FF 29.00 30.00 31.00 2896 221.25 0.10 3.50 12.00 0.01 0.38 3.600 0.100 20170929090917
B0 0002 00 00 00 00 80 FF FF 00 FF 29.00 29.50 31.00 2896 221.00 0.10 3.50 12.00 0.01 0.09 3.600 0.300 20170929090918
B0 0002 00 00 00 00 80 FF FF 00 FF 29.00 29.50 31.00 2896 221.25 0.10 3.50 12.00 0.01 0.38 3.700 0.200 20170929090920
B0 0002 00 00 00 00 80 FF FF 00 FF 29.00 30.00 31.00 2896 221.25 0.10 3.50 12.00 0.03 0.38 3.700 0.300 20170929090921
B0 0002 00 00 00 00 80 FF FF 00 FF 29.00 29.50 31.00 2880 221.25 0.10 3.50 12.00 0.03 0.09 3.600 0.000 20170929090922
B0 0002 00 00 00 00 80 FF FF 00 FF 29.00 29.50 31.00 2880 221.50 0.10 3.50 12.00 0.03 0.38 3.700 0.300 20170929090923
B0 0002 00 00 00 00 80 FF FF 00 FF 29.00 29.50 31.00 2880 221.25 0.10 3.50 12.00 0.01 0.38 3.600 0.400 20170929090924
B0 0002 00 00 00 00 80 FF FF 00 FF 29.00 30.00 31.00 2880 220.75 0.10 3.50 12.00 0.01 0.09 3.600 0.300 20170929090925
B0 0002 00 00 00 00 80 FF FF 00 FF 29.00 29.50 31.00 2896 220.75 0.10 3.50 12.00 0.03 0.09 3.700 0.200 20170929090926
B0 0002 00 00 00 00 80 FF FF 00 FF 29.00 29.50 31.00 2896 220.75 0.10 3.50 12.00 0.01 0.38 3.600 0.200 20170929090927
B0 0002 00 00 00 00 80 FF FF 00 FF 29.00 29.50 31.00 2896 220.75 0.10 3.50 12.00 0.01 0.38 3.600 0.200 20170929090928
B0 0002 00 00 00 00 80 FF FF 00 FF 29.00 30.00 31.00 2896 221.00 0.10 3.50 12.00 0.01 0.38 3.600 0.200 20170929090930
B0 0002 00 00 00 00 80 FF FF 00 FF 29.00 29.50 31.00 2896 220.75 0.10 3.50 12.00 0.03 0.09 3.600 0.300 20170929090931
B0 0002 00 00 00 00 80 FF FF 00 FF 29.00 29.50 31.00 2896 220.75 0.10 3.50 12.00 0.01 0.38 3.600 0.300 20170929090932
B0 0002 00 00 00 00 80 FF FF 00 FF 29.00 29.50 31.00 2896 220.75 0.10 3.50 12.00 0.03 0.38 3.700 0.100 20170929090933
B0 0002 00 00 00 00 80 FF FF 00 FF 29.00 29.50 31.00 2896 221.00 0.10 3.50 12.00 0.03 0.38 3.600 0.100 20170929090934
B0 0002 00 00 00 00 80 FF FF 00 FF 29.00 29.50 31.00 2896 221.00 0.10 3.50 12.00 0.01 0.09 3.700 0.100 20170929090935
B0 0002 00 00 00 00 80 FF FF 00 FF 29.00 30.00 31.00 2896 221.25 0.10 3.50 12.00 0.03 0.38 3.600 0.200 20170929090936
B0 0002 00 00 00 00 80 FF FF 00 FF 29.00 29.50 31.00 2896 221.00 0.10 3.50 12.00 0.03 0.09 3.600 0.100 20170929090937
B0 0002 00 00 00 00 80 FF FF 00 FF 29.00 29.50 31.00 2896 221.25 0.10 3.50 12.00 0.03 0.09 3.700 0.200 20170929090939
B0 0002 00 00 00 00 80 FF FF 00 FF 29.00 29.50 31.00 2896 221.25 0.10 3.50 12.00 0.03 0.09 3.600 0.300 20170929090940
B0 0002 00 00 00 00 80 FF FF 00 FF 29.00 29.50 31.00 2896 221.75 0.10 3.50 12.00 0.03 0.38 3.600 0.100 20170929090941
B0 0002 00 00 00 00 80 FF FF 00 FF 29.00 29.50 31.00 2896 221.50 0.10 3.50 12.00 0.01 0.38 3.600 0.100 20170929090942
B0 0002 00 00 00 00 80 FF FF 00 FF 29.00 29.50 31.00 2896 221.50 0.10 3.50 12.00 0.03 0.09 3.600 0.300 20170929090943
B0 0002 00 00 00 00 80 FF FF 00 FF 29.00 30.00 31.00 2896 221.75 0.10 3.50 12.00 0.03 0.09 3.600 0.200 20170929090944
B0 0002 00 00 00 00 80 FF FF 00 FF 29.00 29.50 31.00 2896 221.75 0.10 3.50 12.00 0.01 0.38 3.700 0.400 20170929090945
B0 0002 00 00 00 00 80 FF FF 00 FF 29.00 29.50 31.00 2896 221.50 0.10 3.50 12.00 0.03 0.38 3.700 0.200 20170929090946
B0 0002 00 00 00 00 80 FF FF 00 FF 29.00 29.50 31.00 2880 221.50 0.10 3.50 12.00 0.03 0.09 3.700 0.200 20170929090948
B0 0002 00 00 00 00 80 FF FF 00 FF 29.00 29.50 31.00 2896 221.75 0.10 3.50 12.00 0.03 0.09 3.700 0.300 20170929090949
B0 0002 00 00 00 00 80 FF FF 00 FF 29.00 30.00 31.00 2896 221.50 0.10 3.50 12.00 0.01 0.38 3.700 0.300 20170929090950
B0 0002 00 00 00 00 80 FF FF 00 FF 29.00 29.50 31.00 2896 221.25 0.10 3.50 12.00 0.03 0.09 3.600 0.200 20170929090951
B0 0002 00 00 00 00 80 FF FF 00 FF 29.00 30.00 31.00 2896 221.25 0.10 3.50 12.00 0.03 0.09 3.700 0.200 20170929090952
B0 0002 00 00 00 00 80 FF FF 00 FF 29.00 29.50 31.00 2896 221.50 0.10 3.50 12.00 0.03 0.09 3.700 0.100 20170929090953
B0 0002 00 00 00 00 80 FF FF 00 FF 29.00 29.50 31.00 2896 221.25 0.10 3.50 12.00 0.01 0.38 3.700 0.200 20170929090954
B0 0002 00 00 00 00 80 FF FF 00 FF 29.00 29.50 31.00 2896 220.75 0.10 3.50 12.00 0.03 0.09 3.700 0.200 20170929090955
B0 0002 00 00 00 00 80 FF FF 00 FF 29.00 29.50 31.00 2896 220.75 0.10 3.50 12.00 0.03 0.09 3.600 0.300 20170929090957
B0 0002 00 00 00 00 80 FF FF 00 FF 29.00 29.50 31.00 2896 221.50 0.10 3.50 12.00 0.01 0.38 3.600 0.300 20170929090958
B0 0002 00 00 00 00 80 FF FF 00 FF 29.00 29.50 31.00 2896 221.00 0.10 3.50 12.00 0.03 0.09 3.600 0.200 20170929090959
B0 0002 00 00 00 00 80 FF FF 00 FF 29.00 29.50 31.00 2896 221.00 0.10 3.50 12.00 0.03 0.38 3.600 0.200 20170929091000
B0 0002 00 00 00 00 80 FF FF 00 FF 29.00 29.50 31.00 2896 221.00 0.10 3.50 12.00 0.03 0.38 3.600 0.100 20170929091001
B0 0002 00 00 00 00 80 FF FF 00 FF 29.00 29.50 31.00 2896 221.00 0.10 3.50 12.00 0.03 0.38 3.600 0.100 20170929091002
B0 0002 00 00 00 00 80 FF FF 00 FF 29.00 29.50 31.00 2896 221.25 0.10 3.50 12.00 0.03 0.38 3.600 0.300 20170929091003
B0 0002 00 00 00 00 80 FF FF 00 FF 29.00 29.50 31.00 2896 221.00 0.10 3.50 12.00 0.03 0.09 3.600 0.200 20170929091004
B0 0002 00 00 00 00 80 FF FF 00 FF 29.00 29.50 31.00 2896 221.00 0.10 3.50 12.00 0.03 0.38 3.600 0.200 20170929091006
B0 0002 00 00 00 00 80 FF FF 00 FF 29.00 29.50 31.00 2896 221.25 0.10 3.50 12.00 0.03 0.09 3.600 0.100 20170929091007
B0 0002 00 00 00 00 80 FF FF 00 FF 29.00 29.50 31.00 2896 221.25 0.10 3.50 12.00 0.03 0.09 3.600 0.100 20170929091008
B0 0002 00 00 00 00 80 FF FF 00 FF 29.00 29.50 31.00 2896 220.75 0.10 3.50 12.00 0.01 0.38 3.600 0.200 20170929091009
B0 0002 00 00 00 00 80 FF FF 00 FF 29.00 29.50 31.00 2896 221.50 0.10 3.50 12.00 0.03 0.38 3.700 0.200 20170929091010
B0 0002 00 00 00 00 80 FF FF 00 FF 29.00 29.50 31.00 2896 221.25 0.10 3.50 12.00 0.03 0.38 3.600 0.300 20170929091011
B0 0002 00 00 00 00 80 FF FF 00 FF 29.00 29.50 31.00 2896 221.50 0.10 3.50 12.00 0.03 0.38 3.600 0.200 20170929091012
B0 0002 00 00 00 00 80 FF FF 00 FF 29.00 29.50 31.00 2896 221.25 0.10 3.50 12.00 0.03 0.38 3.600 0.300 20170929091013
B0 0002 00 00 00 00 80 FF FF 00 FF 29.00 29.50 31.00 2896 221.00 0.10 3.50 12.00 0.03 0.09 3.600 0.200 20170929091015
B0 0002 00 00 00 00 80 FF FF 00 FF 29.00 29.50 31.00 2896 221.25 0.10 3.50 12.00 0.03 0.09 3.600 0.200 20170929091016
B0 0002 00 00 00 00 80 FF FF 00 FF 29.00 29.50 31.00 2896 221.25 0.10 3.50 12.00 0.03 0.38 3.600 0.300 20170929091017
B0 0002 00 00 00 00 80 FF FF 00 FF 29.00 29.50 31.00 2896 221.25 0.10 3.50 12.00 0.03 0.38 3.600 0.100 20170929091018
B0 0002 00 00 00 00 80 FF FF 00 FF 29.00 30.00 31.00 2896 221.50 0.10 3.50 12.00 0.01 0.09 3.600 0.100 20170929091019
B0 0002 00 00 00 00 80 FF FF 00 FF 29.00 29.50 31.00 2880 221.50 0.10 3.50 12.00 0.03 0.38 3.600 0.400 20170929091020
B0 0002 00 00 00 00 80 FF FF 00 FF 29.00 29.50 31.00 2880 221.25 0.10 3.50 12.00 0.01 0.38 3.600 0.200 20170929091021
B0 0002 00 00 00 00 80 FF FF 00 FF 29.00 30.00 31.00 2896 221.50 0.10 3.50 12.00 0.03 0.38 3.700 0.200 20170929091022
B0 0002 00 00 00 00 80 FF FF 00 FF 29.00 29.50 31.00 2896 221.25 0.10 3.50 12.00 0.01 0.38 3.600 0.100 20170929091023
B0 0002 00 00 00 00 80 FF FF 00 FF 29.00 29.50 31.00 2896 221.00 0.10 3.50 12.00 0.03 0.38 3.600 0.300 20170929091025
B0 0002 00 00 00 00 80 FF FF 00 FF 29.00 29.50 31.00 2896 221.00 0.10 3.50 12.00 0.03 0.09 3.700 0.300 20170929091026
B0 0002 00 00 00 00 80 FF FF 00 FF 29.00 29.50 31.00 2896 221.25 0.10 3.50 12.00 0.03 0.38 3.500 0.100 20170929091027
B0 0002 00 00 00 00 80 FF FF 00 FF 29.00 29.50 31.00 2896 221.00 0.10 3.50 12.00 0.01 0.38 3.600 0.200 20170929091028
B0 0002 00 00 00 00 80 FF FF 00 FF 29.00 30.00 31.00 2896 221.00 0.10 3.50 12.00 0.01 0.38 3.600 0.200 20170929091029
B0 0002 00 00 00 00 80 FF FF 00 FF 29.00 29.50 31.00 2896 220.75 0.10 3.50 12.00 0.01 0.38 3.600 0.200 20170929091030
B0 0002 00 00 00 00 80 FF FF 00 FF 29.00 29.50 31.00 2880 220.75 0.10 3.50 12.00 0.03 0.38 3.600 0.200 20170929091031
B0 0002 00 00 00 00 80 FF FF 00 FF 29.00 29.50 31.00 2880 220.75 0.10 3.50 12.00 0.03 0.09 3.600 0.200 20170929091032
B0 0002 00 00 00 00 80 FF FF 00 FF 29.00 29.50 31.00 2880 220.50 0.10 3.50 12.00 0.01 0.38 3.600 0.300 20170929091034
B0 0002 00 00 00 00 80 FF FF 00 FF 29.00 29.50 31.00 2896 221.00 0.10 3.50 12.00 0.03 0.09 3.600 0.100 20170929091035
B0 0002 00 00 00 00 80 FF FF 00 FF 29.00 29.50 31.00 2896 221.00 0.10 3.50 12.00 0.03 0.09 3.700 0.300 20170929091036
B0 0002 00 00 00 00 80 FF FF 00 FF 29.00 29.50 31.00 2896 221.00 0.10 3.50 12.00 0.03 0.38 3.700 0.200 20170929091037
B0 0002 00 00 00 00 80 FF FF 00 FF 29.00 29.50 31.00 2896 220.75 0.10 3.50 12.00 0.03 0.38 3.600 0.100 20170929091038
B0 0002 00 00 00 00 80 FF FF 00 FF 29.00 29.50 31.00 2896 220.75 0.10 3.50 12.00 0.03 0.38 3.600 0.200 20170929091039
B0 0002 00 00 00 00 80 FF FF 00 FF 29.00 29.50 31.00 2880 221.25 0.10 3.50 12.00 0.03 0.09 3.700 0.200 20170929091040
B0 0002 00 00 00 00 80 FF FF 00 FF 29.00 29.50 31.00 2880 221.00 0.10 3.50 12.00 0.01 0.38 3.600 0.200 20170929091041
B0 0002 00 00 00 00 80 FF FF 00 FF 29.00 29.50 31.00 2880 220.75 0.10 3.50 12.00 0.03 0.38 3.600 0.100 20170929091043
B0 0002 00 00 00 00 80 FF FF 00 FF 29.00 29.50 31.00 2896 221.00 0.10 3.50 12.00 0.03 0.09 3.700 0.100 20170929091044
B0 0002 00 00 00 00 80 FF FF 00 FF 29.00 29.50 31.00 2896 221.00 0.10 3.50 12.00 0.01 0.38 3.700 0.100 20170929091045
B0 0002 00 00 00 00 80 FF FF 00 FF 29.00 29.50 31.00 2896 221.00 0.10 3.50 12.00 0.03 0.38 3.700 0.100 20170929091046
B0 0002 00 00 00 00 80 FF FF 00 FF 29.00 29.50 31.00 2896 221.25 0.10 3.50 12.00 0.03 0.09 3.600 0.300 20170929091047
B0 0002 00 00 00 00 80 FF FF 00 FF 29.00 29.50 31.00 2896 221.25 0.10 3.50 12.00 0.01 0.38 3.700 0.100 20170929091048
B0 0002 00 00 00 00 80 FF FF 00 FF 29.00 29.50 31.00 2896 221.25 0.10 3.50 12.00 0.03 0.38 3.700 0.200 20170929091049
B0 0002 00 00 00 00 80 FF FF 00 FF 29.00 29.50 31.00 2896 221.00 0.10 3.50 12.00 0.03 0.38 3.700 0.300 20170929091051
B0 0002 00 00 00 00 80 FF FF 00 FF 29.00 29.50 31.00 2896 221.00 0.10 3.50 12.00 0.03 0.38 3.700 0.100 20170929091052
B0 0002 00 00 00 00 80 FF FF 00 FF 29.00 29.50 31.00 2896 221.00 0.10 3.50 12.00 0.03 0.09 3.700 0.300 20170929091053
B0 0002 00 00 00 00 80 FF FF 00 FF 29.00 29.50 31.00 2896 221.00 0.10 3.50 12.00 0.03 0.38 3.600 0.100 20170929091054
B0 0002 00 00 00 00 80 FF FF 00 FF 29.00 29.50 31.00 2896 221.00 0.10 3.50 12.00 0.01 0.09 3.600 0.100 20170929091055
B0 0002 00 00 00 00 80 FF FF 00 FF 29.00 29.50 31.00 2896 221.00 0.10 3.50 12.00 0.01 0.38 3.600 0.200 20170929091056
B0 0002 00 00 00 00 80 FF FF 00 FF 29.00 29.50 31.00 2896 220.75 0.10 3.50 12.00 0.03 0.09 3.700 0.100 20170929091057
B0 0002 00 00 00 00 80 FF FF 00 FF 29.00 29.50 31.00 2880 220.50 0.10 3.50 12.00 0.03 0.38 3.700 0.100 20170929091058
B0 0002 00 00 00 00 80 FF FF 00 FF 29.00 29.50 31.00 2880 221.00 0.10 3.50 12.00 0.01 0.09 3.700 0.200 20170929091059
B0 0002 00 00 00 00 80 FF FF 00 FF 29.00 29.50 31.00 2880 220.75 0.10 3.50 12.00 0.01 0.38 3.600 0.200 20170929091101
B0 0002 00 00 00 00 80 FF FF 00 FF 29.00 29.50 31.00 2880 220.75 0.10 3.50 12.00 0.01 0.38 3.600 0.400 20170929091102
B0 0002 00 00 00 00 80 FF FF 00 FF 29.00 29.50 31.00 2880 221.00 0.10 3.50 12.00 0.01 0.38 3.700 0.100 20170929091103
B0 0002 00 00 00 00 80 FF FF 00 FF 29.00 29.50 31.00 2896 220.50 0.10 3.50 12.00 0.01 0.38 3.700 0.100 20170929091104
B0 0002 00 00 00 00 80 FF FF 00 FF 29.00 29.50 31.00 2896 220.75 0.10 3.50 12.00 0.01 0.09 3.700 0.200 20170929091105
B0 0002 00 00 00 00 80 FF FF 00 FF 29.00 29.50 31.00 2896 221.00 0.10 3.50 12.00 0.01 0.38 3.600 0.100 20170929091106
B0 0002 00 00 00 00 80 FF FF 00 FF 29.00 29.50 31.00 2896 220.75 0.10 3.50 12.00 0.03 0.09 3.600 0.300 20170929091107
B0 0002 00 00 00 00 80 FF FF 00 FF 29.00 29.50 31.00 2896 220.75 0.10 3.50 12.00 0.03 0.38 3.600 0.300 20170929091108
B0 0002 00 00 00 00 80 FF FF 00 FF 29.00 29.50 31.00 2912 220.75 0.10 3.50 12.00 0.03 0.09 3.700 0.200 20170929091110
B0 0002 00 00 00 00 80 FF FF 00 FF 29.00 29.50 31.00 2912 220.75 0.10 3.50 12.00 0.01 0.38 3.700 0.200 20170929091111
B0 0002 00 00 00 00 80 FF FF 00 FF 29.00 29.50 31.00 2912 221.00 0.10 3.50 12.00 0.03 0.38 3.700 0.100 20170929091112
B0 0002 00 00 00 00 80 FF FF 00 FF 29.00 29.50 31.00 2912 221.25 0.10 3.50 12.00 0.03 0.09 3.700 0.300 20170929091113
B0 0002 00 00 00 00 80 FF FF 00 FF 29.00 29.50 31.00 2912 221.00 0.10 3.50 12.00 0.03 0.38 3.600 0.200 20170929091114
B0 0002 00 00 00 00 80 FF FF 00 FF 29.00 29.50 31.00 2896 220.75 0.10 3.50 12.00 0.01 0.38 3.700 0.200 20170929091115
B0 0002 00 00 00 00 80 FF FF 00 FF 29.00 29.50 31.00 2896 221.00 0.10 3.50 12.00 0.03 0.38 3.600 0.300 20170929091116
B0 0002 00 00 00 00 80 FF FF 00 FF 29.00 29.50 31.00 2896 221.00 0.10 3.50 12.00 0.03 0.38 3.600 0.300 20170929091117
B0 0002 00 00 00 00 80 FF FF 00 FF 29.00 29.50 31.00 2912 221.00 0.10 3.50 12.00 0.03 0.09 3.700 0.300 20170929091119
B0 0002 00 00 00 00 80 FF FF 00 FF 29.00 29.50 31.00 2912 221.50 0.10 3.50 12.00 0.03 0.38 3.700 0.300 20170929091120
B0 0002 00 00 00 00 80 FF FF 00 FF 29.00 29.50 31.00 2912 221.50 0.10 3.50 12.00 0.01 0.38 3.700 0.200 20170929091121
B0 0002 00 00 00 00 80 FF FF 00 FF 29.00 29.50 31.00 2912 221.50 0.10 3.50 12.00 0.03 0.38 3.600 0.100 20170929091122
B0 0002 00 00 00 00 80 FF FF 00 FF 29.00 29.50 31.00 2912 221.50 0.10 3.50 12.00 0.01 0.38 3.600 0.100 20170929091123
B0 0002 00 00 00 00 80 FF FF 00 FF 29.00 29.50 31.00 2912 222.00 0.10 3.50 12.00 0.03 0.38 3.600 0.100 20170929091124
B0 0002 00 00 00 00 80 FF FF 00 FF 29.00 29.50 31.00 2912 221.75 0.10 3.50 12.00 0.03 0.09 3.600 0.300 20170929091125
B0 0002 00 00 00 00 80 FF FF 00 FF 29.00 29.50 31.00 2896 221.50 0.10 3.50 12.00 0.03 0.38 3.600 0.100 20170929091126
B0 0002 00 00 00 00 80 FF FF 00 FF 29.00 29.50 31.00 2896 221.25 0.10 3.50 12.00 0.03 0.38 3.600 0.100 20170929091128
B0 0002 00 00 00 00 80 FF FF 00 FF 29.00 29.50 31.00 2896 221.25 0.10 3.50 12.00 0.03 0.38 3.600 0.100 20170929091129
B0 0002 00 00 00 00 80 FF FF 00 FF 29.00 29.50 31.00 2880 221.50 0.10 3.50 12.00 0.03 0.09 3.600 0.400 20170929091130
B0 0002 00 00 00 00 80 FF FF 00 FF 29.00 29.50 31.00 2880 221.75 0.10 3.50 12.00 0.01 0.09 3.600 0.200 20170929091131
B0 0002 00 00 00 00 80 FF FF 00 FF 29.00 29.50 31.00 2880 221.75 0.10 3.50 12.00 0.03 0.38 3.600 0.400 20170929091132
B0 0002 00 00 00 00 80 FF FF 00 FF 29.00 30.00 31.00 2880 221.50 0.10 3.50 12.00 0.03 0.38 3.700 0.300 20170929091133
B0 0002 00 00 00 00 80 FF FF 00 FF 29.00 29.50 31.00 2880 221.75 0.10 3.50 12.00 0.03 0.38 3.600 0.300 20170929091134
B0 0002 00 00 00 00 80 FF FF 00 FF 29.00 29.50 31.00 2880 221.25 0.10 3.50 12.00 0.03 0.38 3.600 0.300 20170929091135
B0 0002 00 00 00 00 80 FF FF 00 FF 29.00 29.50 31.00 2880 221.75 0.10 3.50 12.00 0.03 0.38 3.600 0.200 20170929091136
B0 0002 00 00 00 00 80 FF FF 00 FF 29.00 29.50 31.00 2880 221.75 0.10 3.50 12.00 0.01 0.09 3.600 0.200 20170929091138
B0 0002 00 00 00 00 80 FF FF 00 FF 29.00 29.50 31.00 2880 221.75 0.10 3.50 12.00 0.03 0.38 3.600 0.200 20170929091139
B0 0002 00 00 00 00 80 FF FF 00 FF 29.00 29.50 31.00 2880 221.75 0.10 3.50 12.00 0.03 0.38 3.600 0.100 20170929091140
B0 0002 00 00 00 00 80 FF FF 00 FF 29.00 29.50 31.00 2880 221.75 0.10 3.50 12.00 0.03 0.38 3.700 0.200 20170929091141
B0 0002 00 00 00 00 80 FF FF 00 FF 29.00 29.50 31.00 2880 221.75 0.10 3.50 12.00 0.01 0.38 3.700 0.200 20170929091142
B0 0002 00 00 00 00 80 FF FF 00 FF 29.00 29.50 31.00 2880 222.00 0.10 3.50 12.00 0.01 0.38 3.600 0.300 20170929091143
B0 0002 00 00 00 00 80 FF FF 00 FF 29.00 29.50 31.00 2880 221.75 0.10 3.50 12.00 0.03 0.38 3.600 0.200 20170929091144
B0 0002 00 00 00 00 80 FF FF 00 FF 29.00 29.50 31.00 2880 221.50 0.10 3.50 12.00 0.03 0.38 3.700 0.400 20170929091145
B0 0002 00 00 00 00 80 FF FF 00 FF 29.00 29.50 31.00 2880 221.25 0.10 3.50 12.00 0.03 0.09 3.700 0.300 20170929091147
B0 0002 00 00 00 00 80 FF FF 00 FF 29.00 29.50 31.00 2880 221.75 0.10 3.50 12.00 0.01 0.38 3.700 0.500 20170929091148
B0 0002 00 00 00 00 80 FF FF 00 FF 29.00 29.50 31.00 2880 221.75 0.10 3.50 12.00 0.03 0.38 3.700 0.300 20170929091149
B0 0002 00 00 00 00 80 FF FF 00 FF 29.00 29.50 31.00 2880 222.00 0.10 3.50 12.00 0.03 0.09 3.700 0.300 20170929091150
B0 0002 00 00 00 00 80 FF FF 00 FF 29.00 29.50 31.00 2880 221.75 0.10 3.50 12.00 0.01 0.38 3.600 0.400 20170929091151
B0 0002 00 00 00 00 80 FF FF 00 FF 29.00 29.50 31.00 2880 221.50 0.10 3.50 12.00 0.03 0.38 3.600 0.200 20170929091152
B0 0002 00 00 00 00 80 FF FF 00 FF 29.00 29.50 31.00 2880 221.50 0.10 3.50 12.00 0.03 0.38 3.600 0.100 20170929091153
B0 0002 00 00 00 00 80 FF FF 00 FF 29.00 30.00 31.00 2880 221.75 0.10 3.50 12.00 0.03 0.09 3.700 0.100 20170929091154
B0 0002 00 00 00 00 80 FF FF 00 FF 29.00 29.50 31.00 2880 222.00 0.10 3.50 12.00 0.03 0.38 3.700 0.200 20170929091156
B0 0002 00 00 00 00 80 FF FF 00 FF 29.00 29.50 31.00 2880 221.50 0.10 3.50 12.00 0.03 0.09 3.700 0.300 20170929091157
B0 0002 00 00 00 00 80 FF FF 00 FF 29.00 29.50 31.00 2864 221.50 0.10 3.50 12.00 0.03 0.38 3.600 0.100 20170929091158
B0 0002 00 00 00 00 80 FF FF 00 FF 29.00 29.50 31.00 2864 221.25 0.10 3.50 12.00 0.03 0.38 3.700 0.100 20170929091159
B0 0002 00 00 00 00 80 FF FF 00 FF 29.00 29.50 31.00 2880 221.25 0.10 3.50 12.00 0.01 0.38 3.700 0.200 20170929091200
B0 0002 00 00 00 00 80 FF FF 00 FF 29.00 29.50 31.00 2880 221.25 0.10 3.50 12.00 0.03 0.09 3.700 0.100 20170929091201
B0 0002 00 00 00 00 80 FF FF 00 FF 29.00 29.50 31.00 2880 221.25 0.10 3.50 12.00 0.03 0.09 3.700 0.200 20170929091202
B0 0002 00 00 00 00 80 FF FF 00 FF 29.00 29.50 31.00 2880 221.50 0.10 3.50 12.00 0.03 0.38 3.600 0.200 20170929091204
B0 0002 00 00 00 00 80 FF FF 00 FF 29.00 29.50 31.00 2880 221.50 0.10 3.50 12.00 0.03 0.09 3.600 0.100 20170929091205
B0 0002 00 00 00 00 80 FF FF 00 FF 29.00 29.50 31.00 2880 221.75 0.10 3.50 12.00 0.01 0.09 3.600 0.300 20170929091206
B0 0002 00 00 00 00 80 FF FF 00 FF 29.00 30.00 31.00 2880 221.50 0.10 3.50 12.00 0.01 0.09 3.600 0.100 20170929091207
B0 0002 00 00 00 00 80 FF FF 00 FF 29.00 29.50 31.00 2896 221.50 0.10 3.50 12.00 0.01 0.38 3.700 0.300 20170929091208
B0 0002 00 00 00 00 80 FF FF 00 FF 29.00 29.50 31.00 2896 221.50 0.10 3.50 12.00 0.01 0.38 3.600 0.100 20170929091209
B0 0002 00 00 00 00 80 FF FF 00 FF 29.00 29.50 31.00 2896 222.00 0.10 3.50 12.00 0.03 0.38 3.600 0.300 20170929091210
B0 0002 00 00 00 00 80 FF FF 00 FF 29.00 29.50 31.00 2896 221.75 0.10 3.50 12.00 0.01 0.38 3.600 0.200 20170929091212
B0 0002 00 00 00 00 80 FF FF 00 FF 29.00 29.50 31.00 2896 222.00 0.10 3.50 12.00 0.03 0.38 3.600 0.100 20170929091213
B0 0002 00 00 00 00 80 FF FF 00 FF 29.00 30.00 31.00 2896 222.00 0.10 3.50 12.00 0.03 0.38 3.700 0.200 20170929091214
B0 0002 00 00 00 00 80 FF FF 00 FF 29.00 29.50 31.00 2896 222.00 0.10 3.50 12.00 0.01 0.38 3.700 0.300 20170929091215
B0 0002 00 00 00 00 80 FF FF 00 FF 29.00 29.50 31.00 2896 221.50 0.10 3.50 12.00 0.01 0.38 3.600 0.200 20170929091216
B0 0002 00 00 00 00 80 FF FF 00 FF 29.00 29.50 31.00 2896 221.50 0.10 3.50 12.00 0.03 0.38 3.700 0.300 20170929091217
B0 0002 00 00 00 00 80 FF FF 00 FF 29.00 29.50 31.00 2896 222.00 0.10 3.50 12.00 0.03 0.38 3.600 0.400 20170929091219
B0 0002 00 00 00 00 80 FF FF 00 FF 29.00 29.50 31.00 2880 222.00 0.10 3.50 12.00 0.01 0.09 3.700 0.300 20170929091220
B0 0002 00 00 00 00 80 FF FF 00 FF 29.00 29.50 31.00 2896 222.00 0.10 3.50 12.00 0.03 0.38 3.600 0.200 20170929091221
B0 0002 00 00 00 00 80 FF FF 00 FF 29.00 29.50 31.00 2896 221.75 0.10 3.50 12.00 0.03 0.38 3.600 0.300 20170929091222
B0 0002 00 00 00 00 80 FF FF 00 FF 29.00 29.50 31.00 2880 222.25 0.10 3.50 12.00 0.03 0.09 3.600 0.200 20170929091223
B0 0002 00 00 00 00 80 FF FF 00 FF 29.00 29.50 31.00 2896 221.25 0.10 3.50 12.00 0.01 0.38 3.700 0.200 20170929091224
B0 0002 00 00 00 00 80 FF FF 00 FF 29.00 29.50 31.00 2880 221.75 0.10 3.50 12.00 0.03 0.09 3.700 0.200 20170929091225
B0 0002 00 00 00 00 80 FF FF 00 FF 29.00 29.50 31.00 2880 221.75 0.10 3.50 12.00 0.01 0.09 3.600 0.400 20170929091227
B0 0002 00 00 00 00 80 FF FF 00 FF 29.00 29.50 31.00 2880 221.75 0.10 3.50 12.00 0.03 0.09 3.600 0.100 20170929091228
B0 0002 00 00 00 00 80 FF FF 00 FF 29.00 29.50 31.00 2880 221.75 0.10 3.50 12.00 0.03 0.38 3.600 0.300 20170929091229
B0 0002 00 00 00 00 80 FF FF 00 FF 29.00 29.50 31.00 2880 221.50 0.10 3.50 12.00 0.03 0.38 3.600 0.200 20170929091230
B0 0002 00 00 00 00 80 FF FF 00 FF 29.00 29.50 31.00 2880 221.75 0.10 3.50 12.00 0.03 0.38 3.600 0.100 20170929091231
B0 0002 00 00 00 00 80 FF FF 00 FF 29.00 29.50 31.00 2880 221.50 0.10 3.50 12.00 0.03 0.09 3.700 0.300 20170929091232
B0 0002 00 00 00 00 80 FF FF 00 FF 29.00 29.50 31.00 2896 221.75 0.10 3.50 12.00 0.03 0.09 3.600 0.300 20170929091234
B0 0002 00 00 00 00 80 FF FF 00 FF 29.00 29.50 31.00 2896 221.75 0.10 3.50 12.00 0.03 0.09 3.600 0.300 20170929091235
B0 0002 00 00 00 00 80 FF FF 00 FF 29.00 29.50 31.00 2880 221.75 0.10 3.50 12.00 0.03 0.38 3.600 0.100 20170929091236
B0 0002 00 00 00 00 80 FF FF 00 FF 29.00 29.50 31.00 2864 221.75 0.10 3.50 12.00 0.03 0.38 3.700 0.200 20170929091237
B0 0002 00 00 00 00 80 FF FF 00 FF 29.00 29.50 31.00 2864 221.75 0.10 3.50 12.00 0.03 0.38 3.700 0.000 20170929091238
B0 0002 00 00 00 00 80 FF FF 00 FF 29.00 29.50 31.00 2880 221.75 0.10 3.50 12.00 0.03 0.38 3.600 0.200 20170929091239
B0 0002 00 00 00 00 80 FF FF 00 FF 29.00 29.50 31.00 2880 221.50 0.10 3.50 12.00 0.03 0.38 3.700 0.100 20170929091241
B0 0002 00 00 00 00 80 FF FF 00 FF 29.00 29.50 31.00 2880 222.00 0.10 3.50 12.00 0.03 0.38 3.700 0.200 20170929091242
B0 0002 00 00 00 00 80 FF FF 00 FF 29.00 29.50 31.00 2880 221.75 0.10 3.50 12.00 0.03 0.09 3.700 0.300 20170929091243
B0 0002 00 00 00 00 80 FF FF 00 FF 29.00 29.50 31.00 2880 221.50 0.10 3.50 12.00 0.03 0.38 3.600 0.300 20170929091244
B0 0002 00 00 00 00 80 FF FF 00 FF 29.00 29.50 31.00 2896 222.00 0.10 3.50 12.00 0.03 0.38 3.600 0.000 20170929091245
B0 0002 00 00 00 00 80 FF FF 00 FF 29.00 29.50 31.00 2896 221.50 0.10 3.50 12.00 0.03 0.38 3.600 0.300 20170929091246
B0 0002 00 00 00 00 80 FF FF 00 FF 29.00 29.50 31.00 2896 221.75 0.10 3.50 12.00 0.01 0.38 3.700 0.200 20170929091247
B0 0002 00 00 00 00 80 FF FF 00 FF 29.00 29.50 31.00 2880 221.50 0.10 3.50 12.00 0.01 0.38 3.600 0.200 20170929091249
B0 0002 00 00 00 00 80 FF FF 00 FF 29.00 29.50 31.00 2896 221.50 0.10 3.50 12.00 0.03 0.09 3.600 0.100 20170929091250
B0 0002 00 00 00 00 80 FF FF 00 FF 29.00 29.50 31.00 2896 221.75 0.10 3.50 12.00 0.03 0.38 3.600 0.200 20170929091251
B0 0002 00 00 00 00 80 FF FF 00 FF 29.00 29.50 31.00 2896 221.50 0.10 3.50 12.00 0.01 0.38 3.600 0.200 20170929091252
B0 0002 00 00 00 00 80 FF FF 00 FF 29.00 29.50 31.00 2896 221.25 0.10 3.50 12.00 0.03 0.38 3.700 0.200 20170929091253
B0 0002 00 00 00 00 80 FF FF 00 FF 29.00 29.50 31.00 2880 221.50 0.10 3.50 12.00 0.03 0.38 3.700 0.300 20170929091254
B0 0002 00 00 00 00 80 FF FF 00 FF 29.00 29.50 31.00 2880 221.50 0.10 3.50 12.00 0.01 0.09 3.700 0.100 20170929091255
B0 0002 00 00 00 00 80 FF FF 00 FF 29.00 29.50 31.00 2880 221.25 0.10 3.50 12.00 0.01 0.38 3.600 0.300 20170929091257
B0 0002 00 00 00 00 80 FF FF 00 FF 29.00 29.50 31.00 2880 221.75 0.10 3.50 12.00 0.01 0.38 3.700 0.100 20170929091258
B0 0002 00 00 00 00 80 FF FF 00 FF 29.00 29.50 31.00 2880 221.50 0.10 3.50 12.00 0.01 0.38 3.700 0.200 20170929091259
B0 0002 00 00 00 00 80 FF FF 00 FF 29.00 29.50 31.00 2880 221.25 0.10 3.50 12.00 0.03 0.09 3.600 0.200 20170929091300
B0 0002 00 00 00 00 80 FF FF 00 FF 29.00 29.50 31.00 2896 221.50 0.10 3.50 12.00 0.03 0.38 3.700 0.100 20170929091301
B0 0002 00 00 00 00 80 FF FF 00 FF 29.00 29.50 31.00 2896 221.50 0.10 3.50 12.00 0.01 0.38 3.700 0.200 20170929091302
B0 0002 00 00 00 00 80 FF FF 00 FF 29.00 29.50 31.00 2880 221.50 0.10 3.50 12.00 0.03 0.38 3.600 0.200 20170929091304
B0 0002 00 00 00 00 80 FF FF 00 FF 29.00 29.50 31.00 2880 221.50 0.10 3.50 12.00 0.03 0.38 3.600 0.200 20170929091305
B0 0002 00 00 00 00 80 FF FF 00 FF 29.00 29.50 31.00 2880 221.50 0.10 3.50 12.00 0.01 0.09 3.700 0.300 20170929091306
B0 0002 00 00 00 00 80 FF FF 00 FF 29.00 29.50 31.00 2880 221.50 0.10 3.50 12.00 0.03 0.38 3.700 0.300 20170929091307
B0 0002 00 00 00 00 80 FF FF 00 FF 29.00 30.00 31.00 2880 221.25 0.10 3.50 12.00 0.03 0.09 3.600 0.200 20170929091308
B0 0002 00 00 00 00 80 FF FF 00 FF 29.00 29.50 31.00 2896 221.00 0.10 3.50 12.00 0.03 0.38 3.700 0.400 20170929091309
B0 0002 00 00 00 00 80 FF FF 00 FF 29.00 29.50 31.00 2896 221.50 0.10 3.50 12.00 0.03 0.38 3.700 0.000 20170929091311
B0 0002 00 00 00 00 80 FF FF 00 FF 29.00 29.50 31.00 2880 221.75 0.10 3.50 12.00 0.03 0.38 3.600 0.200 20170929091312
B0 0002 00 00 00 00 80 FF FF 00 FF 29.00 29.50 31.00 2880 221.50 0.10 3.50 12.00 0.03 0.09 3.600 0.300 20170929091313
B0 0002 00 00 00 00 80 FF FF 00 FF 29.00 29.50 31.00 2896 221.75 0.10 3.50 12.00 0.01 0.38 3.700 0.200 20170929091314
B0 0002 00 00 00 00 80 FF FF 00 FF 29.00 29.50 31.00 2896 221.75 0.10 3.50 12.00 0.03 0.38 3.600 0.200 20170929091315
B0 0002 00 00 00 00 80 FF FF 00 FF 29.00 29.50 31.00 2896 221.50 0.10 3.50 12.00 0.03 0.38 3.700 0.000 20170929091316
B0 0002 00 00 00 00 80 FF FF 00 FF 29.00 29.50 31.00 2896 221.25 0.10 3.50 12.00 0.03 0.09 3.700 0.300 20170929091318
B0 0002 00 00 00 00 80 FF FF 00 FF 29.00 29.50 31.00 2896 221.50 0.10 3.50 12.00 0.03 0.38 3.700 0.000 20170929091319
B0 0002 00 00 00 00 80 FF FF 00 FF 29.00 29.50 31.00 2880 221.25 0.10 3.50 12.00 0.03 0.38 3.700 0.300 20170929091320
B0 0002 00 00 00 00 80 FF FF 00 FF 29.00 29.50 31.00 2880 221.75 0.10 3.50 12.00 0.03 0.09 3.700 0.400 20170929091321
B0 0002 00 00 00 00 80 FF FF 00 FF 29.00 29.50 31.00 2880 221.75 0.10 3.50 12.00 0.03 0.09 3.700 0.000 20170929091322
B0 0002 00 00 00 00 80 FF FF 00 FF 29.00 29.50 31.00 2896 221.75 0.10 3.50 12.00 0.03 0.09 3.600 0.200 20170929091323
B0 0002 00 00 00 00 80 FF FF 00 FF 29.00 29.50 31.00 2896 221.25 0.10 3.50 12.00 0.01 0.09 3.700 0.100 20170929091324
B0 0002 00 00 00 00 80 FF FF 00 FF 29.00 29.50 31.00 2896 221.50 0.10 3.50 12.00 0.01 0.38 3.700 0.300 20170929091326
B0 0002 00 00 00 00 80 FF FF 00 FF 29.00 29.50 31.00 2896 221.00 0.10 3.50 12.00 0.01 0.09 3.700 0.300 20170929091327
B0 0002 00 00 00 00 80 FF FF 00 FF 29.00 29.50 31.00 2896 221.00 0.10 3.50 12.00 0.01 0.09 3.600 0.300 20170929091328
B0 0002 00 00 00 00 80 FF FF 00 FF 29.00 29.50 31.00 2880 221.50 0.10 3.50 12.00 0.01 0.38 3.600 0.400 20170929091329
B0 0002 00 00 00 00 80 FF FF 00 FF 29.00 29.50 31.00 2880 221.25 0.10 3.50 12.00 0.01 0.38 3.700 0.300 20170929091330
B0 0002 00 00 00 00 80 FF FF 00 FF 29.00 29.50 31.00 2880 221.25 0.10 3.50 12.00 0.03 0.38 3.600 0.300 20170929091331
B0 0002 00 00 00 00 80 FF FF 00 FF 29.00 29.50 31.00 2880 221.25 0.10 3.50 12.00 0.01 0.38 3.700 0.100 20170929091332
B0 0002 00 00 00 00 80 FF FF 00 FF 29.00 29.50 31.00 2880 221.25 0.10 3.50 12.00 0.03 0.38 3.600 0.100 20170929091334
B0 0002 00 00 00 00 80 FF FF 00 FF 29.00 29.50 31.00 2880 221.25 0.10 3.50 12.00 0.03 0.09 3.600 0.200 20170929091335
B0 0002 00 00 00 00 80 FF FF 00 FF 29.00 29.50 31.00 2880 221.50 0.10 3.50 12.00 0.03 0.09 3.600 0.300 20170929091336
B0 0002 00 00 00 00 80 FF FF 00 FF 29.00 29.50 31.00 2896 221.25 0.10 3.50 12.00 0.01 0.38 3.700 0.300 20170929091337
B0 0002 00 00 00 00 80 FF FF 00 FF 29.00 29.50 31.00 2896 221.50 0.10 3.50 12.00 0.01 0.38 3.700 0.100 20170929091338
B0 0002 00 00 00 00 80 FF FF 00 FF 29.00 29.50 31.00 2896 221.50 0.10 3.50 12.00 0.01 0.38 3.700 0.200 20170929091339
B0 0002 00 00 00 00 80 FF FF 00 FF 29.00 29.50 31.00 2896 221.25 0.10 3.50 12.00 0.01 0.38 3.600 0.300 20170929091340
B0 0002 00 00 00 00 80 FF FF 00 FF 29.00 29.50 31.00 2896 221.75 0.10 3.50 12.00 0.03 0.09 3.600 0.200 20170929091342
B0 0002 00 00 00 00 80 FF FF 00 FF 29.00 29.50 31.00 2880 221.50 0.10 3.50 12.00 0.03 0.38 3.600 0.200 20170929091343
B0 0002 00 00 00 00 80 FF FF 00 FF 29.00 29.50 31.00 2880 221.75 0.10 3.50 12.00 0.01 0.38 3.700 0.100 20170929091344
B0 0002 00 00 00 00 80 FF FF 00 FF 29.00 29.50 31.00 2880 221.50 0.10 3.50 12.00 0.03 0.09 3.600 0.300 20170929091345
B0 0002 00 00 00 00 80 FF FF 00 FF 29.00 29.50 31.00 2880 221.50 0.10 3.50 12.00 0.03 0.38 3.700 0.200 20170929091346
B0 0002 00 00 00 00 80 FF FF 00 FF 29.00 29.50 31.00 2880 221.50 0.10 3.50 12.00 0.01 0.09 3.600 0.200 20170929091347
B0 0002 00 00 00 00 80 FF FF 00 FF 29.00 29.50 31.00 2880 221.25 0.10 3.50 12.00 0.03 0.38 3.600 0.100 20170929091349
B0 0002 00 00 00 00 80 FF FF 00 FF 29.00 29.50 31.00 2896 221.25 0.10 3.50 12.00 0.03 0.09 3.600 0.200 20170929091350
B0 0002 00 00 00 00 80 FF FF 00 FF 29.00 29.50 31.00 2880 221.50 0.10 3.50 12.00 0.01 0.38 3.600 0.100 20170929091351
B0 0002 00 00 00 00 80 FF FF 00 FF 29.00 29.50 31.00 2896 221.25 0.10 3.50 12.00 0.01 0.09 3.600 0.000 20170929091352
B0 0002 00 00 00 00 80 FF FF 00 FF 29.00 29.50 31.00 2896 221.00 0.10 3.50 12.00 0.01 0.09 3.600 0.300 20170929091353
B0 0002 00 00 00 00 80 FF FF 00 FF 29.00 29.50 31.00 2896 221.00 0.10 3.50 12.00 0.03 0.38 3.700 0.200 20170929091354
B0 0002 00 00 00 00 80 FF FF 00 FF 29.00 29.50 31.00 2896 221.25 0.10 3.50 12.00 0.01 0.38 3.600 0.200 20170929091356
B0 0002 00 00 00 00 80 FF FF 00 FF 29.00 29.50 31.00 2896 221.25 0.10 3.50 12.00 0.01 0.38 3.600 0.100 20170929091357
B0 0002 00 00 00 00 80 FF FF 00 FF 29.00 29.50 31.00 2880 221.00 0.10 3.50 12.00 0.03 0.38 3.700 0.200 20170929091358
B0 0002 00 00 00 00 80 FF FF 00 FF 29.00 29.50 31.00 2880 221.25 0.10 3.50 12.00 0.03 0.38 3.700 0.300 20170929091359
B0 0002 00 00 00 00 80 FF FF 00 FF 29.00 29.50 31.00 2880 221.00 0.10 3.50 12.00 0.03 0.38 3.600 0.300 20170929091400
B0 0002 00 00 00 00 80 FF FF 00 FF 29.00 29.50 31.00 2880 221.00 0.10 3.50 12.00 0.03 0.09 3.600 0.300 20170929091401
B0 0002 00 00 00 00 80 FF FF 00 FF 29.00 29.50 31.00 2896 221.00 0.10 3.50 12.00 0.03 0.09 3.600 0.200 20170929091403
B0 0002 00 00 00 00 80 FF FF 00 FF 29.00 29.50 31.00 2896 221.25 0.10 3.50 12.00 0.03 0.09 3.600 0.200 20170929091404
B0 0002 00 00 00 00 80 FF FF 00 FF 29.00 29.50 31.00 2896 221.25 0.10 3.50 12.00 0.01 0.09 3.600 0.200 20170929091405
B0 0002 00 00 00 00 80 FF FF 00 FF 29.00 29.50 31.00 2896 221.50 0.10 3.50 12.00 0.01 0.38 3.700 0.400 20170929091406
B0 0002 00 00 00 00 80 FF FF 00 FF 29.00 29.50 31.00 2896 221.00 0.10 3.50 12.00 0.03 0.38 3.600 0.300 20170929091407
B0 0002 00 00 00 00 80 FF FF 00 FF 29.00 29.50 31.00 2896 221.25 0.10 3.50 12.00 0.03 0.09 3.600 0.200 20170929091408
B0 0002 00 00 00 00 80 FF FF 00 FF 29.00 29.50 31.00 2896 221.25 0.10 3.50 12.00 0.03 0.38 3.600 0.100 20170929091410
B0 0002 00 00 00 00 80 FF FF 00 FF 29.00 29.50 31.00 2896 221.75 0.10 3.50 12.00 0.03 0.09 3.600 0.200 20170929091411
B0 0002 00 00 00 00 80 FF FF 00 FF 29.00 29.50 31.00 2896 221.25 0.10 3.50 12.00 0.03 0.09 3.600 0.400 20170929091412
B0 0002 00 00 00 00 80 FF FF 00 FF 29.00 29.50 31.00 2896 221.25 0.10 3.50 12.00 0.03 0.38 3.600 0.200 20170929091413
B0 0002 00 00 00 00 80 FF FF 00 FF 29.00 29.50 31.00 2896 221.50 0.10 3.50 12.00 0.03 0.38 3.600 0.200 20170929091414
B0 0002 00 00 00 00 80 FF FF 00 FF 29.00 29.50 31.00 2896 221.50 0.10 3.50 12.00 0.03 0.38 3.600 0.200 20170929091415
B0 0002 00 00 00 00 80 FF FF 00 FF 29.00 29.50 31.00 2896 221.50 0.10 3.50 12.00 0.03 0.38 3.600 0.100 20170929091417
B0 0002 00 00 00 00 80 FF FF 00 FF 29.00 29.50 31.00 2896 221.75 0.10 3.50 12.00 0.03 0.38 3.700 0.400 20170929091418
B0 0002 00 00 00 00 80 FF FF 00 FF 29.00 29.50 31.00 2896 221.50 0.10 3.50 12.00 0.03 0.09 3.600 0.100 20170929091419
B0 0002 00 00 00 00 80 FF FF 00 FF 29.00 29.50 31.00 2896 221.25 0.10 3.50 12.00 0.03 0.38 3.700 0.100 20170929091420
B0 0002 00 00 00 00 80 FF FF 00 FF 29.00 29.50 31.00 2896 221.50 0.10 3.50 12.00 0.03 0.09 3.600 0.100 20170929091421
B0 0002 00 00 00 00 80 FF FF 00 FF 29.00 29.50 31.00 2896 221.00 0.10 3.50 12.00 0.01 0.09 3.600 0.000 20170929091422
B0 0002 00 00 00 00 80 FF FF 00 FF 29.00 29.50 31.00 2896 221.25 0.10 3.50 12.00 0.01 0.09 3.600 0.100 20170929091423
B0 0002 00 00 00 00 80 FF FF 00 FF 29.00 29.50 31.00 2896 221.50 0.10 3.50 12.00 0.03 0.09 3.600 0.300 20170929091424
B0 0002 00 00 00 00 80 FF FF 00 FF 29.00 29.50 31.00 2896 221.25 0.10 3.50 12.00 0.03 0.38 3.700 0.200 20170929091426
B0 0002 00 00 00 00 80 FF FF 00 FF 29.00 29.50 31.00 2896 221.50 0.10 3.50 12.00 0.03 0.38 3.600 0.000 20170929091427
B0 0002 00 00 00 00 80 FF FF 00 FF 29.00 29.50 31.00 2880 220.75 0.10 3.50 12.00 0.03 0.38 3.600 0.100 20170929091428
B0 0002 00 00 00 00 80 FF FF 00 FF 29.00 29.50 31.00 2880 221.00 0.10 3.50 12.00 0.03 0.38 3.700 0.200 20170929091429
B0 0002 00 00 00 00 80 FF FF 00 FF 29.00 29.50 31.00 2880 221.50 0.10 3.50 12.00 0.01 0.38 3.600 0.200 20170929091430
B0 0002 00 00 00 00 80 FF FF 00 FF 29.00 29.50 31.00 2880 221.25 0.10 3.50 12.00 0.03 0.38 3.500 0.000 20170929091431
B0 0002 00 00 00 00 80 FF FF 00 FF 29.00 29.50 31.00 2880 221.25 0.10 3.50 12.00 0.01 0.09 3.700 0.300 20170929091433
B0 0002 00 00 00 00 80 FF FF 00 FF 29.00 29.50 31.00 2880 221.50 0.10 3.50 12.00 0.03 0.38 3.600 0.200 20170929091434
B0 0002 00 00 00 00 80 FF FF 00 FF 29.00 29.50 31.00 2880 221.25 0.10 3.50 12.00 0.03 0.38 3.600 0.200 20170929091435
B0 0002 00 00 00 00 80 FF FF 00 FF 29.00 29.50 31.00 2896 221.00 0.10 3.50 12.00 0.03 0.38 3.600 0.300 20170929091436
B0 0002 00 00 00 00 80 FF FF 00 FF 29.00 29.50 31.00 2880 221.50 0.10 3.50 12.00 0.03 0.09 3.600 0.000 20170929091437
B0 0002 00 00 00 00 80 FF FF 00 FF 29.00 29.50 31.00 2896 221.00 0.10 3.50 12.00 0.03 0.09 3.700 0.200 20170929091438
B0 0002 00 00 00 00 80 FF FF 00 FF 29.00 29.50 31.00 2896 221.50 0.10 3.50 12.00 0.01 0.09 3.600 0.300 20170929091439
B0 0002 00 00 00 00 80 FF FF 00 FF 29.00 29.50 31.00 2880 221.50 0.10 3.50 12.00 0.01 0.38 3.600 0.000 20170929091440
B0 0002 00 00 00 00 80 FF FF 00 FF 29.00 29.50 31.00 2896 222.00 0.10 3.50 12.00 0.03 0.38 3.600 0.200 20170929091442
B0 0002 00 00 00 00 80 FF FF 00 FF 29.00 29.50 31.00 2896 221.50 0.10 3.50 12.00 0.03 0.38 3.500 0.100 20170929091443
B0 0002 00 00 00 00 80 FF FF 00 FF 29.00 29.50 31.00 2880 220.75 0.10 3.50 12.00 0.01 0.38 3.700 0.300 20170929091444
B0 0002 00 00 00 00 80 FF FF 00 FF 29.00 29.50 31.00 2896 220.75 0.10 3.50 12.00 0.03 0.38 3.600 0.300 20170929091445
B0 0002 00 00 00 00 80 FF FF 00 FF 29.00 29.50 31.00 2896 220.50 0.10 3.50 12.00 0.01 0.09 3.500 0.100 20170929091446
B0 0002 00 00 00 00 80 FF FF 00 FF 29.00 29.50 31.00 2896 220.75 0.10 3.50 12.00 0.03 0.38 3.700 0.200 20170929091448
B0 0002 00 00 00 00 80 FF FF 00 FF 29.00 29.50 31.00 2896 221.25 0.10 3.50 12.00 0.03 0.38 3.700 0.200 20170929091449
B0 0002 00 00 00 00 80 FF FF 00 FF 29.00 30.00 31.00 2896 221.00 0.10 3.50 12.00 0.03 0.38 3.600 0.100 20170929091450
B0 0002 00 00 00 00 80 FF FF 00 FF 29.00 29.50 31.00 2896 220.75 0.10 3.50 12.00 0.03 0.38 3.600 0.200 20170929091451
B0 0002 00 00 00 00 80 FF FF 00 FF 29.00 29.50 31.00 2896 221.00 0.10 3.50 12.00 0.03 0.09 3.600 0.100 20170929091452
B0 0002 00 00 00 00 80 FF FF 00 FF 29.00 29.50 31.00 2880 220.50 0.10 3.50 12.00 0.01 0.38 3.600 0.200 20170929091453
B0 0002 00 00 00 00 80 FF FF 00 FF 29.00 29.50 31.00 2880 220.50 0.10 3.50 12.00 0.03 0.38 3.700 0.100 20170929091454
B0 0002 00 00 00 00 80 FF FF 00 FF 29.00 29.50 31.00 2880 220.75 0.10 3.50 12.00 0.03 0.38 3.700 0.200 20170929091456
B0 0002 00 00 00 00 80 FF FF 00 FF 29.00 29.50 31.00 2880 220.75 0.10 3.50 12.00 0.03 0.38 3.600 0.000 20170929091457
B0 0002 00 00 00 00 80 FF FF 00 FF 29.00 29.50 31.00 2880 221.00 0.10 3.50 12.00 0.03 0.38 3.600 0.200 20170929091458
B0 0002 00 00 00 00 80 FF FF 00 FF 29.00 29.50 31.00 2880 220.50 0.10 3.50 12.00 0.01 0.38 3.600 0.100 20170929091459
B0 0002 00 00 00 00 80 FF FF 00 FF 29.00 29.50 31.00 2880 221.00 0.10 3.50 12.00 0.01 0.38 3.600 0.100 20170929091500
B0 0002 00 00 00 00 80 FF FF 00 FF 29.00 29.50 31.00 2896 220.25 0.10 3.50 12.00 0.01 0.38 5.800 0.200 20170929091512
B0 0000 00 00 00 00 00 FF FF 00 FF 28.50 29.50 31.00 3920 220.75 0.23 12.75 12.00 0.03 0.38 0.100 0.300 20170929091514
B0 0002 00 00 00 00 80 FF FF 00 FF 28.50 29.50 31.00 3408 220.75 0.10 13.25 12.00 0.03 0.38 3.700 0.300 20170929091515
B0 0002 00 00 00 00 80 FF FF 00 FF 28.50 29.50 31.00 3104 221.00 0.10 2.00 12.00 0.03 0.38 3.700 0.300 20170929091516
B0 0002 00 00 00 00 80 FF FF 00 FF 28.50 29.50 31.00 2976 221.00 0.10 3.50 12.00 0.01 0.38 3.700 0.500 20170929091517
B0 0002 00 00 00 00 80 FF FF 00 FF 28.50 29.50 31.00 2928 221.00 0.10 3.50 12.00 0.01 0.38 3.700 0.200 20170929091518
B0 0002 00 00 00 00 80 FF FF 00 FF 28.50 29.50 31.00 2912 221.25 0.10 3.50 12.00 0.03 0.38 3.700 0.200 20170929091519
B0 0002 00 00 00 00 80 FF FF 00 FF 28.50 29.50 31.00 2912 221.50 0.10 3.50 12.00 0.03 0.09 3.700 0.300 20170929091521
B0 0002 00 00 00 00 80 FF FF 00 FF 28.50 29.50 31.00 2896 221.50 0.10 3.50 12.00 0.01 0.09 3.700 0.100 20170929091522
B0 0002 00 00 00 00 80 FF FF 00 FF 28.50 29.50 31.00 2896 221.25 0.10 3.50 12.00 0.03 0.09 3.700 0.300 20170929091523
B0 0002 00 00 00 00 80 FF FF 00 FF 28.50 29.50 31.00 2896 221.00 0.10 3.50 12.00 0.03 0.38 3.700 0.100 20170929091524
B0 0002 00 00 00 00 80 FF FF 00 FF 28.50 29.50 31.00 2896 220.75 0.10 3.50 12.00 0.01 0.38 3.600 0.300 20170929091525
B0 0002 00 00 00 00 80 FF FF 00 FF 29.00 29.50 31.00 2896 220.50 0.10 3.50 12.00 0.01 0.09 3.600 0.100 20170929091526
B0 0002 00 00 00 00 80 FF FF 00 FF 29.00 29.50 31.00 2896 221.25 0.10 3.50 12.00 0.01 0.38 3.700 0.200 20170929091527
B0 0002 00 00 00 00 80 FF FF 00 FF 29.00 29.50 31.00 2896 221.75 0.10 3.50 12.00 0.03 0.38 3.600 0.200 20170929091529
B0 0002 00 00 00 00 80 FF FF 00 FF 29.00 29.50 31.00 2896 221.00 0.10 3.50 12.00 0.03 0.09 3.700 0.200 20170929091530
B0 0002 00 00 00 00 80 FF FF 00 FF 29.00 29.00 31.00 2896 221.25 0.10 3.50 12.00 0.03 0.09 3.700 0.200 20170929091531
B0 0002 00 00 00 00 80 FF FF 00 FF 29.00 29.50 31.00 2880 221.25 0.10 3.50 12.00 0.03 0.09 3.700 0.200 20170929091532
B0 0002 00 00 00 00 80 FF FF 00 FF 29.00 29.50 31.00 2880 221.75 0.10 3.50 12.00 0.03 0.38 3.700 0.100 20170929091533
B0 0002 00 00 00 00 80 FF FF 00 FF 29.00 29.50 31.00 2880 221.25 0.10 3.50 12.00 0.03 0.38 3.700 0.200 20170929091534
B0 0002 00 00 00 00 80 FF FF 00 FF 29.00 29.00 31.00 2896 221.00 0.10 3.50 12.00 0.03 0.38 3.600 0.200 20170929091535
B0 0002 00 00 00 00 80 FF FF 00 FF 29.00 29.50 31.00 2896 221.25 0.10 3.50 12.00 0.03 0.09 3.600 0.300 20170929091537
B0 0002 00 00 00 00 80 FF FF 00 FF 29.00 29.50 31.00 2896 221.50 0.10 3.50 12.00 0.03 0.38 3.600 0.200 20170929091538
B0 0002 00 00 00 00 80 FF FF 00 FF 29.00 29.50 31.00 2896 221.00 0.10 3.50 12.00 0.01 0.09 3.700 0.200 20170929091539
B0 0002 00 00 00 00 80 FF FF 00 FF 29.00 29.50 31.00 2880 221.25 0.10 3.50 12.00 0.03 0.38 3.700 0.300 20170929091540
B0 0002 00 00 00 00 80 FF FF 00 FF 29.00 29.50 31.00 2896 221.25 0.10 3.50 12.00 0.03 0.38 3.700 0.200 20170929091541
B0 0002 00 00 00 00 80 FF FF 00 FF 29.00 29.50 31.00 2896 221.75 0.10 3.50 12.00 0.01 0.38 3.600 0.100 20170929091542
B0 0002 00 00 00 00 80 FF FF 00 FF 29.00 29.50 31.00 2896 221.75 0.10 3.50 12.00 0.01 0.38 3.700 0.100 20170929091544
B0 0002 00 00 00 00 80 FF FF 00 FF 29.00 29.50 31.00 2896 221.25 0.10 3.50 12.00 0.03 0.09 3.600 0.300 20170929091545
B0 0002 00 00 00 00 80 FF FF 00 FF 29.00 29.50 31.00 2896 221.00 0.10 3.50 12.00 0.03 0.38 3.700 0.300 20170929091546
B0 0002 00 00 00 00 80 FF FF 00 FF 29.00 29.50 31.00 2896 221.00 0.10 3.50 12.00 0.01 0.38 3.600 0.100 20170929091547
B0 0002 00 00 00 00 80 FF FF 00 FF 29.00 29.50 31.00 2896 221.00 0.10 3.50 12.00 0.03 0.38 3.600 0.300 20170929091548
B0 0002 00 00 00 00 80 FF FF 00 FF 29.00 29.00 31.00 2896 221.50 0.10 3.50 12.00 0.03 0.09 3.600 0.300 20170929091549
B0 0002 00 00 00 00 80 FF FF 00 FF 29.00 29.50 31.00 2896 221.00 0.10 3.50 12.00 0.03 0.38 3.600 0.400 20170929091550
B0 0002 00 00 00 00 80 FF FF 00 FF 29.00 29.00 31.00 2896 221.25 0.10 3.50 12.00 0.03 0.38 3.600 0.200 20170929091552
B0 0002 00 00 00 00 80 FF FF 00 FF 29.00 29.50 31.00 2896 221.50 0.10 3.50 12.00 0.03 0.38 3.700 0.100 20170929091553
B0 0002 00 00 00 00 80 FF FF 00 FF 29.00 29.50 31.00 2896 221.75 0.10 3.50 12.00 0.03 0.38 3.600 0.300 20170929091554
B0 0002 00 00 00 00 80 FF FF 00 FF 29.00 29.50 31.00 2896 221.50 0.10 3.50 12.00 0.03 0.38 3.700 0.300 20170929091555
B0 0002 00 00 00 00 80 FF FF 00 FF 29.00 29.50 31.00 2896 221.00 0.10 3.50 12.00 0.01 0.38 3.700 0.200 20170929091556
B0 0002 00 00 00 00 80 FF FF 00 FF 29.00 29.50 31.00 2896 220.50 0.10 3.50 12.00 0.01 0.38 3.600 0.400 20170929091557
B0 0002 00 00 00 00 80 FF FF 00 FF 29.00 29.00 31.00 2880 220.75 0.10 3.50 12.00 0.03 0.38 3.700 0.200 20170929091559
B0 0002 00 00 00 00 80 FF FF 00 FF 29.00 29.50 31.00 2880 221.50 0.10 3.50 12.00 0.03 0.38 3.600 0.200 20170929091600
B0 0002 00 00 00 00 80 FF FF 00 FF 29.00 29.50 31.00 2880 221.00 0.10 3.50 12.00 0.01 0.38 3.700 0.300 20170929091601
B0 0002 00 00 00 00 80 FF FF 00 FF 29.00 29.50 31.00 2880 221.25 0.10 3.50 12.00 0.01 0.38 3.700 0.200 20170929091602
B0 0002 00 00 00 00 80 FF FF 00 FF 29.00 29.50 31.00 2880 221.25 0.10 3.50 12.00 0.03 0.38 3.700 0.200 20170929091603
B0 0002 00 00 00 00 80 FF FF 00 FF 29.00 29.50 31.00 2896 221.25 0.10 3.50 12.00 0.01 0.38 3.700 0.200 20170929091604
B0 0002 00 00 00 00 80 FF FF 00 FF 29.00 29.50 31.00 2896 220.75 0.10 3.50 12.00 0.03 0.09 3.700 0.100 20170929091605
B0 0002 00 00 00 00 80 FF FF 00 FF 29.00 29.50 31.00 2896 221.00 0.10 3.50 12.00 0.03 0.38 3.600 0.200 20170929091607
B0 0002 00 00 00 00 80 FF FF 00 FF 29.00 29.50 31.00 2896 221.25 0.10 3.50 12.00 0.03 0.09 3.700 0.100 20170929091608
B0 0002 00 00 00 00 80 FF FF 00 FF 29.00 29.50 31.00 2896 221.50 0.10 3.50 12.00 0.03 0.38 3.600 0.000 20170929091609
B0 0002 00 00 00 00 80 FF FF 00 FF 29.00 29.50 31.00 2896 221.75 0.10 3.50 12.00 0.03 0.38 3.600 0.400 20170929091610
B0 0002 00 00 00 00 80 FF FF 00 FF 29.00 29.50 31.00 2896 221.50 0.10 3.50 12.00 0.03 0.38 3.700 0.100 20170929091611
B0 0002 00 00 00 00 80 FF FF 00 FF 29.00 29.50 31.00 2912 221.00 0.10 3.50 12.00 0.03 0.38 3.700 0.300 20170929091612
B0 0002 00 00 00 00 80 FF FF 00 FF 28.50 29.50 31.00 2912 221.00 0.10 3.50 12.00 0.03 0.38 3.600 0.300 20170929091614
B0 0002 00 00 00 00 80 FF FF 00 FF 29.00 29.50 31.00 2912 221.25 0.10 3.50 12.00 0.03 0.38 3.600 0.200 20170929091615
B0 0002 00 00 00 00 80 FF FF 00 FF 29.00 29.50 31.00 2912 221.75 0.10 3.50 12.00 0.03 0.38 3.600 0.200 20170929091616
B0 0002 00 00 00 00 80 FF FF 00 FF 29.00 29.50 31.00 2880 221.75 0.10 3.50 12.00 0.03 0.38 3.700 0.300 20170929091617
B0 0002 00 00 00 00 80 FF FF 00 FF 29.00 29.50 31.00 2880 221.50 0.10 3.50 12.00 0.03 0.38 3.700 0.300 20170929091618
B0 0002 00 00 00 00 80 FF FF 00 FF 29.00 29.50 31.00 2880 221.25 0.10 3.50 12.00 0.01 0.38 3.600 0.300 20170929091619
B0 0002 00 00 00 00 80 FF FF 00 FF 29.00 29.50 31.00 2896 221.50 0.10 3.50 12.00 0.03 0.09 3.600 0.300 20170929091620
