Address 79 7A 7B 7C 7D 7E 7F 80 81 82 8D 8E 8F 90 88 89 97 8B 8C 96 86 Time
B0 0002 00 00 00 00 80 FF FF 00 FF 29.50 30.00 32.00 2896 223.25 0.10 3.50 12.00 0.03 0.09 06 20170928160120
B0 0002 00 00 00 00 80 FF FF 00 FF 29.50 30.00 32.00 2896 223.00 0.10 3.50 12.00 0.01 0.38 06 20170928160120
B0 0002 00 00 00 00 80 FF FF 00 FF 29.50 30.00 32.00 2896 222.75 0.10 3.50 12.00 0.01 0.09 06 20170928160120
B0 0002 00 00 00 00 80 FF FF 00 FF 29.50 30.00 32.00 2896 223.00 0.10 3.50 12.00 0.03 0.38 06 20170928160121
B0 0002 00 00 00 00 80 FF FF 00 FF 29.50 30.00 32.00 2896 223.00 0.10 3.50 12.00 0.01 0.38 06 20170928160121
B0 0002 00 00 00 00 80 FF FF 00 FF 29.50 30.00 32.00 2896 223.00 0.10 3.50 12.00 0.01 0.09 06 20170928160121
B0 0002 00 00 00 00 80 FF FF 00 FF 29.50 30.00 32.00 2896 222.75 0.10 3.50 12.00 0.01 0.09 06 20170928160121
B0 0002 00 00 00 00 80 FF FF 00 FF 29.50 30.00 32.00 2896 223.00 0.10 3.50 12.00 0.03 0.38 06 20170928160122
B0 0002 00 00 00 00 80 FF FF 00 FF 29.50 30.00 32.00 2896 223.00 0.10 3.50 12.00 0.03 0.38 06 20170928160122
B0 0002 00 00 00 00 80 FF FF 00 FF 29.50 30.00 32.00 2896 223.00 0.10 3.50 12.00 0.03 0.38 06 20170928160122
B0 0002 00 00 00 00 80 FF FF 00 FF 29.50 30.00 32.00 2896 223.00 0.10 3.50 12.00 0.03 0.09 06 20170928160122
B0 0002 00 00 00 00 80 FF FF 00 FF 29.50 30.00 32.00 2896 222.50 0.10 3.50 12.00 0.03 0.38 06 20170928160122
B0 0002 00 00 00 00 80 FF FF 00 FF 29.50 30.00 32.00 2896 223.00 0.10 3.50 12.00 0.01 0.09 06 20170928160123
B0 0002 00 00 00 00 80 FF FF 00 FF 29.50 30.00 32.00 2896 223.00 0.10 3.50 12.00 0.03 0.38 06 20170928160123
B0 0002 00 00 00 00 80 FF FF 00 FF 29.50 30.00 32.00 2896 223.00 0.10 3.50 12.00 0.03 0.09 06 20170928160123
B0 0002 00 00 00 00 80 FF FF 00 FF 29.50 30.00 32.00 2896 223.00 0.10 3.50 12.00 0.03 0.38 06 20170928160123
B0 0002 00 00 00 00 80 FF FF 00 FF 29.50 30.00 32.00 2896 222.75 0.10 3.50 12.00 0.03 0.09 06 20170928160123
B0 0002 00 00 00 00 80 FF FF 00 FF 29.50 30.00 32.00 2896 222.50 0.10 3.50 12.00 0.03 0.09 06 20170928160124
B0 0002 00 00 00 00 80 FF FF 00 FF 29.50 30.00 32.00 2896 223.00 0.10 3.50 12.00 0.03 0.38 06 20170928160124
B0 0002 00 00 00 00 80 FF FF 00 FF 29.50 30.00 32.00 2896 223.00 0.10 3.50 12.00 0.01 0.38 06 20170928160124
B0 0002 00 00 00 00 80 FF FF 00 FF 29.50 30.00 32.00 2896 222.75 0.10 3.50 12.00 0.01 0.09 06 20170928160124
B0 0002 00 00 00 00 80 FF FF 00 FF 29.50 30.00 32.00 2896 222.50 0.10 3.50 12.00 0.01 0.09 06 20170928160124
B0 0002 00 00 00 00 80 FF FF 00 FF 29.50 30.00 32.00 2896 222.75 0.10 3.50 12.00 0.01 0.38 06 20170928160125
B0 0002 00 00 00 00 80 FF FF 00 FF 29.50 30.00 32.00 2896 223.00 0.10 3.50 12.00 0.03 0.38 06 20170928160125
B0 0002 00 00 00 00 80 FF FF 00 FF 29.50 30.00 32.00 2896 223.00 0.10 3.50 12.00 0.03 0.38 06 20170928160125
B0 0002 00 00 00 00 80 FF FF 00 FF 29.50 30.00 32.00 2896 223.00 0.10 3.50 12.00 0.01 0.38 06 20170928160125
B0 0002 00 00 00 00 80 FF FF 00 FF 29.50 30.00 32.00 2896 222.75 0.10 3.50 12.00 0.01 0.09 06 20170928160125
B0 0002 00 00 00 00 80 FF FF 00 FF 29.50 30.00 32.00 2896 223.00 0.10 3.50 12.00 0.03 0.09 06 20170928160126
B0 0002 00 00 00 00 80 FF FF 00 FF 29.50 30.00 32.00 2896 223.00 0.10 3.50 12.00 0.01 0.38 06 20170928160126
B0 0002 00 00 00 00 80 FF FF 00 FF 29.50 30.00 32.00 2896 223.25 0.10 3.50 12.00 0.01 0.09 06 20170928160126
B0 0002 00 00 00 00 80 FF FF 00 FF 29.50 30.00 32.00 2896 223.00 0.10 3.50 12.00 0.03 0.38 06 20170928160126
B0 0002 00 00 00 00 80 FF FF 00 FF 29.50 30.00 32.00 2896 222.75 0.10 3.50 12.00 0.01 0.38 06 20170928160126
B0 0002 00 00 00 00 80 FF FF 00 FF 29.50 30.00 32.00 2896 222.75 0.10 3.50 12.00 0.03 0.09 06 20170928160127
B0 0002 00 00 00 00 80 FF FF 00 FF 29.50 30.00 32.00 2896 222.50 0.10 3.50 12.00 0.03 0.09 06 20170928160127
B0 0002 00 00 00 00 80 FF FF 00 FF 29.50 30.00 32.00 2896 223.00 0.10 3.50 12.00 0.01 0.38 06 20170928160127
B0 0002 00 00 00 00 80 FF FF 00 FF 29.50 30.00 32.00 2896 223.00 0.10 3.50 12.00 0.01 0.38 06 20170928160127
B0 0002 00 00 00 00 80 FF FF 00 FF 29.50 30.00 32.00 2896 222.75 0.10 3.50 12.00 0.03 0.09 06 20170928160127
B0 0002 00 00 00 00 80 FF FF 00 FF 29.50 30.00 32.00 2896 222.75 0.10 3.50 12.00 0.01 0.38 06 20170928160128
B0 0002 00 00 00 00 80 FF FF 00 FF 29.50 30.00 32.00 2896 223.00 0.10 3.50 12.00 0.01 0.38 06 20170928160128
B0 0002 00 00 00 00 80 FF FF 00 FF 29.50 30.00 32.00 2896 223.00 0.10 3.50 12.00 0.01 0.09 06 20170928160128
B0 0002 00 00 00 00 80 FF FF 00 FF 29.50 30.00 32.00 2896 222.75 0.10 3.50 12.00 0.03 0.38 06 20170928160128
B0 0002 00 00 00 00 80 FF FF 00 FF 29.50 30.00 32.00 2896 222.75 0.10 3.50 12.00 0.03 0.38 06 20170928160128
B0 0002 00 00 00 00 80 FF FF 00 FF 29.50 30.00 32.00 2896 222.75 0.10 3.50 12.00 0.03 0.38 06 20170928160129
B0 0002 00 00 00 00 80 FF FF 00 FF 29.50 30.00 32.00 2896 222.75 0.10 3.50 12.00 0.01 0.38 06 20170928160129
B0 0002 00 00 00 00 80 FF FF 00 FF 29.50 30.00 32.00 2896 223.00 0.10 3.50 12.00 0.01 0.38 06 20170928160129
B0 0002 00 00 00 00 80 FF FF 00 FF 29.50 30.00 32.00 2896 222.75 0.10 3.50 12.00 0.01 0.38 06 20170928160129
B0 0002 00 00 00 00 80 FF FF 00 FF 29.50 30.00 32.00 2896 222.75 0.10 3.50 12.00 0.01 0.38 06 20170928160129
B0 0002 00 00 00 00 80 FF FF 00 FF 29.50 30.00 32.00 2896 223.00 0.10 3.50 12.00 0.03 0.09 06 20170928160130
B0 0002 00 00 00 00 80 FF FF 00 FF 29.50 30.00 32.00 2896 222.75 0.10 3.50 12.00 0.03 0.09 06 20170928160130
B0 0002 00 00 00 00 80 FF FF 00 FF 29.50 30.00 32.00 2896 223.00 0.10 3.50 12.00 0.01 0.38 06 20170928160130
B0 0002 00 00 00 00 80 FF FF 00 FF 29.50 30.00 32.00 2896 223.00 0.10 3.50 12.00 0.03 0.09 06 20170928160130
B0 0002 00 00 00 00 80 FF FF 00 FF 29.50 30.00 32.00 2896 222.50 0.10 3.50 12.00 0.01 0.09 06 20170928160130
B0 0002 00 00 00 00 80 FF FF 00 FF 29.50 30.00 32.00 2896 222.50 0.10 3.50 12.00 0.03 0.38 06 20170928160131
B0 0002 00 00 00 00 80 FF FF 00 FF 29.50 30.00 32.00 2896 222.75 0.10 3.50 12.00 0.01 0.09 06 20170928160131
B0 0002 00 00 00 00 80 FF FF 00 FF 29.50 30.00 32.00 2896 222.50 0.10 3.50 12.00 0.03 0.09 06 20170928160131
B0 0002 00 00 00 00 80 FF FF 00 FF 29.50 30.00 32.00 2896 222.50 0.10 3.50 12.00 0.03 0.38 06 20170928160131
B0 0002 00 00 00 00 80 FF FF 00 FF 29.50 30.00 32.00 2896 222.75 0.10 3.50 12.00 0.01 0.09 06 20170928160131
B0 0002 00 00 00 00 80 FF FF 00 FF 29.50 30.00 32.00 2896 222.50 0.10 3.50 12.00 0.01 0.38 06 20170928160131
B0 0002 00 00 00 00 80 FF FF 00 FF 29.50 30.00 32.00 2896 223.00 0.10 3.50 12.00 0.03 0.38 06 20170928160132
B0 0002 00 00 00 00 80 FF FF 00 FF 29.50 30.00 32.00 2896 223.00 0.10 3.50 12.00 0.03 0.09 06 20170928160132
B0 0002 00 00 00 00 80 FF FF 00 FF 29.50 30.00 32.00 2896 222.75 0.10 3.50 12.00 0.03 0.09 06 20170928160132
B0 0002 00 00 00 00 80 FF FF 00 FF 29.50 30.00 32.00 2896 222.75 0.10 3.50 12.00 0.01 0.38 06 20170928160132
B0 0002 00 00 00 00 80 FF FF 00 FF 29.50 30.00 32.00 2896 222.50 0.10 3.50 12.00 0.01 0.09 06 20170928160132
B0 0002 00 00 00 00 80 FF FF 00 FF 29.50 30.00 32.00 2896 222.75 0.10 3.50 12.00 0.03 0.38 06 20170928160133
B0 0002 00 00 00 00 80 FF FF 00 FF 29.50 30.00 32.00 2896 222.50 0.10 3.50 12.00 0.01 0.38 06 20170928160133
B0 0002 00 00 00 00 80 FF FF 00 FF 29.50 30.00 32.00 2896 222.75 0.10 3.50 12.00 0.03 0.09 06 20170928160133
B0 0002 00 00 00 00 80 FF FF 00 FF 29.50 30.00 32.00 2896 223.00 0.10 3.50 12.00 0.03 0.09 06 20170928160133
B0 0002 00 00 00 00 80 FF FF 00 FF 29.50 30.00 32.00 2896 222.75 0.10 3.50 12.00 0.03 0.09 06 20170928160133
B0 0002 00 00 00 00 80 FF FF 00 FF 29.50 30.00 32.00 2896 222.50 0.10 3.50 12.00 0.03 0.09 06 20170928160133
B0 0002 00 00 00 00 80 FF FF 00 FF 29.50 30.00 32.00 2896 223.00 0.10 3.50 12.00 0.01 0.09 06 20170928160134
B0 0002 00 00 00 00 80 FF FF 00 FF 29.50 30.00 32.00 2896 222.75 0.10 3.50 12.00 0.01 0.38 06 20170928160134
B0 0002 00 00 00 00 80 FF FF 00 FF 29.50 30.00 32.00 2896 222.75 0.10 3.50 12.00 0.03 0.09 06 20170928160134
B0 0002 00 00 00 00 80 FF FF 00 FF 29.50 30.00 32.00 2896 222.75 0.10 3.50 12.00 0.01 0.09 06 20170928160134
B0 0002 00 00 00 00 80 FF FF 00 FF 29.50 30.00 32.00 2896 222.50 0.10 3.50 12.00 0.03 0.38 06 20170928160134
B0 0002 00 00 00 00 80 FF FF 00 FF 29.50 30.00 32.00 2896 222.75 0.10 3.50 12.00 0.03 0.09 06 20170928160135
B0 0002 00 00 00 00 80 FF FF 00 FF 29.50 30.00 32.00 2896 222.50 0.10 3.50 12.00 0.03 0.09 06 20170928160135
B0 0002 00 00 00 00 80 FF FF 00 FF 29.50 30.00 32.00 2896 222.75 0.10 3.50 12.00 0.01 0.38 06 20170928160135
B0 0002 00 00 00 00 80 FF FF 00 FF 29.50 30.00 32.00 2896 222.75 0.10 3.50 12.00 0.01 0.09 06 20170928160135
B0 0002 00 00 00 00 80 FF FF 00 FF 29.50 30.00 32.00 2896 222.75 0.10 3.50 12.00 0.03 0.09 06 20170928160135
B0 0002 00 00 00 00 80 FF FF 00 FF 29.50 30.00 32.00 2896 222.50 0.10 3.50 12.00 0.03 0.38 06 20170928160135
B0 0002 00 00 00 00 80 FF FF 00 FF 29.50 30.00 32.00 2896 223.00 0.10 3.50 12.00 0.01 0.38 06 20170928160136
B0 0002 00 00 00 00 80 FF FF 00 FF 29.50 30.00 32.00 2896 223.00 0.10 3.50 12.00 0.03 0.38 06 20170928160136
B0 0002 00 00 00 00 80 FF FF 00 FF 29.50 30.00 32.00 2896 222.75 0.10 3.50 12.00 0.03 0.09 06 20170928160136
B0 0002 00 00 00 00 80 FF FF 00 FF 29.50 30.00 32.00 2896 223.00 0.10 3.50 12.00 0.01 0.09 06 20170928160136
B0 0002 00 00 00 00 80 FF FF 00 FF 29.50 30.00 32.00 2896 222.75 0.10 3.50 12.00 0.01 0.38 06 20170928160136
B0 0002 00 00 00 00 80 FF FF 00 FF 29.50 30.00 32.00 2896 222.50 0.10 3.50 12.00 0.01 0.38 06 20170928160136
B0 0002 00 00 00 00 80 FF FF 00 FF 29.50 30.00 32.00 2896 222.75 0.10 3.50 12.00 0.01 0.38 06 20170928160137
B0 0002 00 00 00 00 80 FF FF 00 FF 29.50 30.00 32.00 2896 222.50 0.10 3.50 12.00 0.03 0.09 06 20170928160137
B0 0002 00 00 00 00 80 FF FF 00 FF 29.50 30.00 32.00 2896 223.00 0.10 3.50 12.00 0.03 0.09 06 20170928160137
B0 0002 00 00 00 00 80 FF FF 00 FF 29.50 30.00 32.00 2896 222.50 0.10 3.50 12.00 0.01 0.38 06 20170928160137
B0 0002 00 00 00 00 80 FF FF 00 FF 29.50 30.00 32.00 2896 222.75 0.10 3.50 12.00 0.03 0.38 06 20170928160137
B0 0002 00 00 00 00 80 FF FF 00 FF 29.50 30.00 32.00 2896 222.75 0.10 3.50 12.00 0.01 0.09 06 20170928160138
B0 0002 00 00 00 00 80 FF FF 00 FF 29.50 30.00 32.00 2896 223.00 0.10 3.50 12.00 0.03 0.09 06 20170928160138
B0 0002 00 00 00 00 80 FF FF 00 FF 29.50 30.00 32.00 2896 223.00 0.10 3.50 12.00 0.01 0.38 06 20170928160138
B0 0002 00 00 00 00 80 FF FF 00 FF 29.50 30.00 32.00 2896 223.00 0.10 3.50 12.00 0.01 0.38 06 20170928160138
B0 0002 00 00 00 00 80 FF FF 00 FF 29.50 30.00 32.00 2896 222.75 0.10 3.50 12.00 0.01 0.38 06 20170928160138
B0 0002 00 00 00 00 80 FF FF 00 FF 29.50 30.00 32.00 2896 222.50 0.10 3.50 12.00 0.01 0.09 06 20170928160138
B0 0002 00 00 00 00 80 FF FF 00 FF 29.50 30.00 32.00 2896 223.00 0.10 3.50 12.00 0.01 0.09 06 20170928160139
B0 0002 00 00 00 00 80 FF FF 00 FF 29.50 30.00 32.00 2896 223.00 0.10 3.50 12.00 0.03 0.09 06 20170928160139
B0 0002 00 00 00 00 80 FF FF 00 FF 29.50 30.00 32.00 2896 223.00 0.10 3.50 12.00 0.03 0.09 06 20170928160139
B0 0002 00 00 00 00 80 FF FF 00 FF 29.50 30.00 32.00 2896 223.00 0.10 3.50 12.00 0.01 0.38 06 20170928160139
B0 0002 00 00 00 00 80 FF FF 00 FF 29.50 30.00 32.00 2896 222.75 0.10 3.50 12.00 0.01 0.09 06 20170928160139
B0 0002 00 00 00 00 80 FF FF 00 FF 29.50 30.00 32.00 2896 223.00 0.10 3.50 12.00 0.01 0.09 06 20170928160139
B0 0002 00 00 00 00 80 FF FF 00 FF 29.50 30.00 32.00 2896 223.00 0.10 3.50 12.00 0.03 0.09 06 20170928160140
B0 0002 00 00 00 00 80 FF FF 00 FF 29.50 30.00 32.00 2896 223.00 0.10 3.50 12.00 0.01 0.38 06 20170928160140
B0 0002 00 00 00 00 80 FF FF 00 FF 29.50 30.00 32.00 2896 223.00 0.10 3.50 12.00 0.03 0.09 06 20170928160140
B0 0002 00 00 00 00 80 FF FF 00 FF 29.50 30.00 32.00 2896 222.75 0.10 3.50 12.00 0.01 0.38 06 20170928160140
B0 0002 00 00 00 00 80 FF FF 00 FF 29.50 30.00 32.00 2896 222.75 0.10 3.50 12.00 0.03 0.09 06 20170928160140
B0 0002 00 00 00 00 80 FF FF 00 FF 29.50 30.00 32.00 2896 222.50 0.10 3.50 12.00 0.03 0.38 06 20170928160141
B0 0002 00 00 00 00 80 FF FF 00 FF 29.50 30.00 32.00 2896 223.00 0.10 3.50 12.00 0.01 0.38 06 20170928160141
B0 0002 00 00 00 00 80 FF FF 00 FF 29.50 30.00 32.00 2896 223.00 0.10 3.50 12.00 0.01 0.38 06 20170928160141
B0 0002 00 00 00 00 80 FF FF 00 FF 29.50 30.00 32.00 2896 223.00 0.10 3.50 12.00 0.03 0.09 06 20170928160141
B0 0002 00 00 00 00 80 FF FF 00 FF 29.50 30.00 32.00 2896 222.75 0.10 3.50 12.00 0.03 0.09 06 20170928160141
B0 0002 00 00 00 00 80 FF FF 00 FF 29.50 30.00 32.00 2896 222.50 0.10 3.50 12.00 0.01 0.09 06 20170928160141
B0 0002 00 00 00 00 80 FF FF 00 FF 29.50 30.00 32.00 2896 223.00 0.10 3.50 12.00 0.03 0.09 06 20170928160142
B0 0002 00 00 00 00 80 FF FF 00 FF 29.50 30.00 32.00 2896 223.00 0.10 3.50 12.00 0.01 0.09 06 20170928160142
B0 0002 00 00 00 00 80 FF FF 00 FF 29.50 30.00 32.00 2896 223.00 0.10 3.50 12.00 0.03 0.38 06 20170928160142
B0 0002 00 00 00 00 80 FF FF 00 FF 29.50 30.00 32.00 2896 222.50 0.10 3.50 12.00 0.03 0.38 06 20170928160142
B0 0002 00 00 00 00 80 FF FF 00 FF 29.50 30.00 32.00 2896 222.75 0.10 3.50 12.00 0.03 0.09 06 20170928160142
B0 0002 00 00 00 00 80 FF FF 00 FF 29.50 30.00 32.00 2896 223.00 0.10 3.50 12.00 0.03 0.38 06 20170928160143
B0 0002 00 00 00 00 80 FF FF 00 FF 29.50 30.00 32.00 2896 222.75 0.10 3.50 12.00 0.01 0.38 06 20170928160143
B0 0002 00 00 00 00 80 FF FF 00 FF 29.50 30.00 32.00 2896 222.75 0.10 3.50 12.00 0.01 0.38 06 20170928160143
B0 0002 00 00 00 00 80 FF FF 00 FF 29.50 30.00 32.00 2896 222.50 0.10 3.50 12.00 0.03 0.09 06 20170928160143
B0 0002 00 00 00 00 80 FF FF 00 FF 29.50 30.00 32.00 2896 222.50 0.10 3.50 12.00 0.03 0.38 06 20170928160143
B0 0002 00 00 00 00 80 FF FF 00 FF 29.50 30.00 32.00 2896 222.50 0.10 3.50 12.00 0.01 0.09 06 20170928160144
B0 0002 00 00 00 00 80 FF FF 00 FF 29.50 30.00 32.00 2896 223.00 0.10 3.50 12.00 0.03 0.09 06 20170928160144
B0 0002 00 00 00 00 80 FF FF 00 FF 29.50 30.00 32.00 2896 222.75 0.10 3.50 12.00 0.03 0.09 06 20170928160144
B0 0002 00 00 00 00 80 FF FF 00 FF 29.50 30.00 32.00 2896 223.00 0.10 3.50 12.00 0.03 0.09 06 20170928160144
B0 0002 00 00 00 00 80 FF FF 00 FF 29.50 30.00 32.00 2896 222.75 0.10 3.50 12.00 0.03 0.09 06 20170928160144
B0 0002 00 00 00 00 80 FF FF 00 FF 29.50 30.00 32.00 2896 222.75 0.10 3.50 12.00 0.01 0.38 06 20170928160144
B0 0002 00 00 00 00 80 FF FF 00 FF 29.50 30.00 32.00 2896 222.75 0.10 3.50 12.00 0.03 0.38 06 20170928160145
B0 0002 00 00 00 00 80 FF FF 00 FF 29.50 30.00 32.00 2896 223.00 0.10 3.50 12.00 0.01 0.09 06 20170928160145
B0 0002 00 00 00 00 80 FF FF 00 FF 29.50 30.00 32.00 2896 222.75 0.10 3.50 12.00 0.01 0.38 06 20170928160145
B0 0002 00 00 00 00 80 FF FF 00 FF 29.50 30.00 32.00 2896 222.75 0.10 3.50 12.00 0.03 0.38 06 20170928160145
B0 0002 00 00 00 00 80 FF FF 00 FF 29.50 30.00 32.00 2896 222.50 0.10 3.50 12.00 0.01 0.38 06 20170928160145
B0 0002 00 00 00 00 80 FF FF 00 FF 29.50 30.00 32.00 2896 222.75 0.10 3.50 12.00 0.03 0.38 06 20170928160146
B0 0002 00 00 00 00 80 FF FF 00 FF 29.50 30.00 32.00 2896 223.00 0.10 3.50 12.00 0.01 0.09 06 20170928160146
B0 0002 00 00 00 00 80 FF FF 00 FF 29.50 30.00 32.00 2896 223.00 0.10 3.50 12.00 0.01 0.09 06 20170928160146
B0 0002 00 00 00 00 80 FF FF 00 FF 29.50 30.00 32.00 2896 223.25 0.10 3.50 12.00 0.03 0.09 06 20170928160146
B0 0002 00 00 00 00 80 FF FF 00 FF 29.50 30.00 32.00 2896 223.00 0.10 3.50 12.00 0.01 0.38 06 20170928160146
B0 0002 00 00 00 00 80 FF FF 00 FF 29.50 30.00 32.00 2896 222.75 0.10 3.50 12.00 0.03 0.38 06 20170928160146
B0 0002 00 00 00 00 80 FF FF 00 FF 29.50 30.00 32.00 2896 223.00 0.10 3.50 12.00 0.03 0.09 06 20170928160147
B0 0002 00 00 00 00 80 FF FF 00 FF 29.50 30.00 32.00 2896 223.00 0.10 3.50 12.00 0.01 0.38 06 20170928160147
B0 0002 00 00 00 00 80 FF FF 00 FF 29.50 30.00 32.00 2896 222.75 0.10 3.50 12.00 0.01 0.38 06 20170928160147
B0 0002 00 00 00 00 80 FF FF 00 FF 29.50 30.00 32.00 2896 222.50 0.10 3.50 12.00 0.03 0.38 06 20170928160147
B0 0002 00 00 00 00 80 FF FF 00 FF 29.50 30.00 32.00 2896 222.75 0.10 3.50 12.00 0.01 0.09 06 20170928160147
B0 0002 00 00 00 00 80 FF FF 00 FF 29.50 30.00 32.00 2896 222.75 0.10 3.50 12.00 0.03 0.38 06 20170928160148
B0 0002 00 00 00 00 80 FF FF 00 FF 29.50 30.00 32.00 2896 223.25 0.10 3.50 12.00 0.01 0.38 06 20170928160148
B0 0002 00 00 00 00 80 FF FF 00 FF 29.50 30.00 32.00 2896 223.25 0.10 3.50 12.00 0.03 0.09 06 20170928160148
B0 0002 00 00 00 00 80 FF FF 00 FF 29.50 30.00 32.00 2896 223.50 0.10 3.50 12.00 0.01 0.38 06 20170928160148
B0 0002 00 00 00 00 80 FF FF 00 FF 29.50 30.00 32.00 2896 222.75 0.10 3.50 12.00 0.01 0.09 06 20170928160148
B0 0002 00 00 00 00 80 FF FF 00 FF 29.50 30.00 32.00 2896 223.00 0.10 3.50 12.00 0.03 0.09 06 20170928160148
B0 0002 00 00 00 00 80 FF FF 00 FF 29.50 30.00 32.00 2896 223.00 0.10 3.50 12.00 0.03 0.09 06 20170928160149
B0 0002 00 00 00 00 80 FF FF 00 FF 29.50 30.00 32.00 2896 223.00 0.10 3.50 12.00 0.03 0.38 06 20170928160149
B0 0002 00 00 00 00 80 FF FF 00 FF 29.50 30.00 32.00 2896 223.00 0.10 3.50 12.00 0.03 0.38 06 20170928160149
B0 0002 00 00 00 00 80 FF FF 00 FF 29.50 30.00 32.00 2896 223.25 0.10 3.50 12.00 0.03 0.38 06 20170928160149
B0 0002 00 00 00 00 80 FF FF 00 FF 29.50 30.00 32.00 2896 223.00 0.10 3.50 12.00 0.03 0.09 06 20170928160149
B0 0002 00 00 00 00 80 FF FF 00 FF 29.50 30.00 32.00 2896 223.00 0.10 3.50 12.00 0.03 0.09 06 20170928160149
B0 0002 00 00 00 00 80 FF FF 00 FF 29.50 30.00 32.00 2896 223.25 0.10 3.50 12.00 0.01 0.38 06 20170928160150
B0 0002 00 00 00 00 80 FF FF 00 FF 30.00 30.00 32.00 2896 223.00 0.10 3.50 12.00 0.03 0.09 06 20170928160150
B0 0002 00 00 00 00 80 FF FF 00 FF 29.50 30.00 32.00 2896 223.50 0.10 3.50 12.00 0.01 0.38 06 20170928160150
B0 0002 00 00 00 00 80 FF FF 00 FF 29.50 30.00 32.00 2896 223.00 0.10 3.50 12.00 0.03 0.09 06 20170928160150
B0 0002 00 00 00 00 80 FF FF 00 FF 29.50 30.00 32.00 2896 223.00 0.10 3.50 12.00 0.03 0.09 06 20170928160150
B0 0002 00 00 00 00 80 FF FF 00 FF 29.50 30.00 32.00 2896 223.00 0.10 3.50 12.00 0.01 0.38 06 20170928160151
B0 0002 00 00 00 00 80 FF FF 00 FF 29.50 30.50 32.00 2896 223.00 0.10 3.50 12.00 0.03 0.38 06 20170928160151
B0 0002 00 00 00 00 80 FF FF 00 FF 29.50 30.00 32.00 2896 222.75 0.10 3.50 12.00 0.01 0.38 06 20170928160151
B0 0002 00 00 00 00 80 FF FF 00 FF 29.50 30.00 32.00 2896 223.00 0.10 3.50 12.00 0.03 0.09 06 20170928160151
B0 0002 00 00 00 00 80 FF FF 00 FF 29.50 30.00 32.00 2896 222.75 0.10 3.50 12.00 0.03 0.09 06 20170928160151
B0 0002 00 00 00 00 80 FF FF 00 FF 29.50 30.00 32.00 2896 222.75 0.10 3.50 12.00 0.01 0.09 06 20170928160151
B0 0002 00 00 00 00 80 FF FF 00 FF 29.50 30.00 32.00 2896 223.00 0.10 3.50 12.00 0.03 0.09 06 20170928160152
B0 0002 00 00 00 00 80 FF FF 00 FF 29.50 30.00 32.00 2896 223.25 0.10 3.50 12.00 0.03 0.38 06 20170928160152
B0 0002 00 00 00 00 80 FF FF 00 FF 29.50 30.00 32.00 2896 223.00 0.10 3.50 12.00 0.01 0.09 06 20170928160152
B0 0002 00 00 00 00 80 FF FF 00 FF 29.50 30.00 32.00 2896 223.00 0.10 3.50 12.00 0.01 0.38 06 20170928160152
B0 0002 00 00 00 00 80 FF FF 00 FF 29.50 30.00 32.00 2896 222.75 0.10 3.50 12.00 0.03 0.38 06 20170928160152
B0 0002 00 00 00 00 80 FF FF 00 FF 29.50 30.00 32.00 2896 222.75 0.10 3.50 12.00 0.01 0.09 06 20170928160152
B0 0002 00 00 00 00 80 FF FF 00 FF 29.50 30.50 32.00 2896 223.00 0.10 3.50 12.00 0.03 0.38 06 20170928160153
B0 0002 00 00 00 00 80 FF FF 00 FF 29.50 30.00 32.00 2896 223.00 0.10 3.50 12.00 0.03 0.09 06 20170928160153
B0 0002 00 00 00 00 80 FF FF 00 FF 29.50 30.00 32.00 2896 223.00 0.10 3.50 12.00 0.03 0.38 06 20170928160153
B0 0002 00 00 00 00 80 FF FF 00 FF 29.50 30.00 32.00 2896 222.75 0.10 3.50 12.00 0.03 0.09 06 20170928160153
B0 0002 00 00 00 00 80 FF FF 00 FF 29.50 30.00 32.00 2896 223.00 0.10 3.50 12.00 0.01 0.09 06 20170928160153
B0 0002 00 00 00 00 80 FF FF 00 FF 29.50 30.00 32.00 2896 223.00 0.10 3.50 12.00 0.01 0.38 06 20170928160154
B0 0002 00 00 00 00 80 FF FF 00 FF 29.50 30.00 32.00 2896 223.25 0.10 3.50 12.00 0.01 0.38 06 20170928160154
B0 0002 00 00 00 00 80 FF FF 00 FF 29.50 30.00 32.00 2896 223.25 0.10 3.50 12.00 0.03 0.09 06 20170928160154
B0 0002 00 00 00 00 80 FF FF 00 FF 29.50 30.00 32.00 2896 223.25 0.10 3.50 12.00 0.01 0.38 06 20170928160154
B0 0002 00 00 00 00 80 FF FF 00 FF 29.50 30.00 32.00 2896 223.00 0.10 3.50 12.00 0.03 0.38 06 20170928160154
B0 0002 00 00 00 00 80 FF FF 00 FF 29.50 30.00 32.00 2896 223.00 0.10 3.50 12.00 0.03 0.38 06 20170928160154
B0 0002 00 00 00 00 80 FF FF 00 FF 29.50 30.00 32.00 2896 223.00 0.10 3.50 12.00 0.01 0.38 06 20170928160155
B0 0002 00 00 00 00 80 FF FF 00 FF 29.50 30.00 32.00 2896 223.25 0.10 3.50 12.00 0.03 0.38 06 20170928160155
B0 0002 00 00 00 00 80 FF FF 00 FF 29.50 30.00 32.00 2896 223.25 0.10 3.50 12.00 0.03 0.09 06 20170928160155
B0 0002 00 00 00 00 80 FF FF 00 FF 29.50 30.00 32.00 2896 223.00 0.10 3.50 12.00 0.03 0.09 06 20170928160155
B0 0002 00 00 00 00 80 FF FF 00 FF 29.50 30.00 32.00 2896 223.00 0.10 3.50 12.00 0.03 0.09 06 20170928160155
B0 0002 00 00 00 00 80 FF FF 00 FF 29.50 30.00 32.00 2896 223.00 0.10 3.50 12.00 0.03 0.38 06 20170928160155
B0 0002 00 00 00 00 80 FF FF 00 FF 29.50 30.00 32.00 2896 223.25 0.10 3.50 12.00 0.01 0.09 06 20170928160156
B0 0002 00 00 00 00 80 FF FF 00 FF 29.50 30.00 32.00 2896 223.25 0.10 3.50 12.00 0.03 0.09 06 20170928160156
B0 0002 00 00 00 00 80 FF FF 00 FF 29.50 30.00 32.00 2896 223.25 0.10 3.50 12.00 0.01 0.38 06 20170928160156
B0 0002 00 00 00 00 80 FF FF 00 FF 29.50 30.00 32.00 2896 223.00 0.10 3.50 12.00 0.01 0.09 06 20170928160156
B0 0002 00 00 00 00 80 FF FF 00 FF 29.50 30.00 32.00 2896 222.50 0.10 3.50 12.00 0.03 0.38 06 20170928160156
B0 0002 00 00 00 00 80 FF FF 00 FF 29.50 30.00 32.00 2896 223.00 0.10 3.50 12.00 0.01 0.38 06 20170928160157
B0 0002 00 00 00 00 80 FF FF 00 FF 29.50 30.00 32.00 2896 222.75 0.10 3.50 12.00 0.01 0.09 06 20170928160157
B0 0002 00 00 00 00 80 FF FF 00 FF 29.50 30.00 32.00 2896 222.75 0.10 3.50 12.00 0.03 0.09 06 20170928160157
B0 0002 00 00 00 00 80 FF FF 00 FF 29.50 30.00 32.00 2896 222.50 0.10 3.50 12.00 0.01 0.09 06 20170928160157
B0 0002 00 00 00 00 80 FF FF 00 FF 29.50 30.00 32.00 2896 222.75 0.10 3.50 12.00 0.03 0.09 06 20170928160157
B0 0002 00 00 00 00 80 FF FF 00 FF 29.50 30.00 32.00 2896 222.75 0.10 3.50 12.00 0.01 0.38 06 20170928160157
B0 0002 00 00 00 00 80 FF FF 00 FF 29.50 30.00 32.00 2896 222.75 0.10 3.50 12.00 0.03 0.38 06 20170928160158
B0 0002 00 00 00 00 80 FF FF 00 FF 29.50 30.00 32.00 2896 223.00 0.10 3.50 12.00 0.03 0.38 06 20170928160158
B0 0002 00 00 00 00 80 FF FF 00 FF 29.50 30.00 32.00 2896 223.25 0.10 3.50 12.00 0.01 0.09 06 20170928160158
B0 0002 00 00 00 00 80 FF FF 00 FF 29.50 30.00 32.00 2896 222.75 0.10 3.50 12.00 0.03 0.09 06 20170928160158
B0 0002 00 00 00 00 80 FF FF 00 FF 29.50 30.00 32.00 2896 223.00 0.10 3.50 12.00 0.03 0.09 06 20170928160158
B0 0002 00 00 00 00 80 FF FF 00 FF 29.50 30.00 32.00 2896 222.75 0.10 3.50 12.00 0.03 0.38 06 20170928160159
B0 0002 00 00 00 00 80 FF FF 00 FF 29.50 30.00 32.00 2896 223.00 0.10 3.50 12.00 0.01 0.09 06 20170928160159
B0 0002 00 00 00 00 80 FF FF 00 FF 29.50 30.00 32.00 2896 222.75 0.10 3.50 12.00 0.01 0.38 06 20170928160159
B0 0002 00 00 00 00 80 FF FF 00 FF 29.50 30.00 32.00 2896 223.00 0.10 3.50 12.00 0.01 0.09 06 20170928160159
B0 0002 00 00 00 00 80 FF FF 00 FF 29.50 30.00 32.00 2896 223.00 0.10 3.50 12.00 0.03 0.09 06 20170928160159
B0 0002 00 00 00 00 80 FF FF 00 FF 29.50 30.00 32.00 2896 222.75 0.10 3.50 12.00 0.03 0.09 06 20170928160159
B0 0002 00 00 00 00 80 FF FF 00 FF 29.50 30.00 32.00 2896 223.00 0.10 3.50 12.00 0.01 0.38 06 20170928160200
B0 0002 00 00 00 00 80 FF FF 00 FF 29.50 30.00 32.00 2896 223.00 0.10 3.50 12.00 0.03 0.38 06 20170928160200
B0 0002 00 00 00 00 80 FF FF 00 FF 29.50 30.00 32.00 2896 223.00 0.10 3.50 12.00 0.03 0.09 06 20170928160200
B0 0002 00 00 00 00 80 FF FF 00 FF 29.50 30.00 32.00 2896 223.00 0.10 3.50 12.00 0.03 0.38 06 20170928160200
B0 0002 00 00 00 00 80 FF FF 00 FF 29.50 30.00 32.00 2896 223.00 0.10 3.50 12.00 0.03 0.38 06 20170928160200
B0 0002 00 00 00 00 80 FF FF 00 FF 29.50 30.00 32.00 2896 223.00 0.10 3.50 12.00 0.01 0.09 06 20170928160201
B0 0002 00 00 00 00 80 FF FF 00 FF 29.50 30.00 32.00 2896 223.00 0.10 3.50 12.00 0.03 0.38 06 20170928160201
B0 0002 00 00 00 00 80 FF FF 00 FF 29.50 30.00 32.00 2896 222.75 0.10 3.50 12.00 0.01 0.09 06 20170928160201
B0 0002 00 00 00 00 80 FF FF 00 FF 29.50 30.00 32.00 2896 223.00 0.10 3.50 12.00 0.03 0.09 06 20170928160201
B0 0002 00 00 00 00 80 FF FF 00 FF 29.50 30.00 32.00 2896 222.75 0.10 3.50 12.00 0.03 0.09 06 20170928160201
B0 0002 00 00 00 00 80 FF FF 00 FF 29.50 30.00 32.00 2896 222.75 0.10 3.50 12.00 0.01 0.38 06 20170928160201
B0 0002 00 00 00 00 80 FF FF 00 FF 29.50 30.00 32.00 2896 223.25 0.10 3.50 12.00 0.01 0.09 06 20170928160202
B0 0002 00 00 00 00 80 FF FF 00 FF 29.50 30.00 32.00 2896 223.00 0.10 3.50 12.00 0.01 0.09 06 20170928160202
B0 0002 00 00 00 00 80 FF FF 00 FF 29.50 30.00 32.00 2896 223.25 0.10 3.50 12.00 0.03 0.09 06 20170928160202
B0 0002 00 00 00 00 80 FF FF 00 FF 29.50 30.00 32.00 2896 223.00 0.10 3.50 12.00 0.03 0.09 06 20170928160202
B0 0002 00 00 00 00 80 FF FF 00 FF 29.50 30.00 32.00 2896 223.00 0.10 3.50 12.00 0.03 0.09 06 20170928160202
B0 0002 00 00 00 00 80 FF FF 00 FF 29.50 30.00 32.00 2896 223.25 0.10 3.50 12.00 0.03 0.09 06 20170928160203
B0 0002 00 00 00 00 80 FF FF 00 FF 29.50 30.00 32.00 2896 223.00 0.10 3.50 12.00 0.03 0.09 06 20170928160203
B0 0002 00 00 00 00 80 FF FF 00 FF 29.50 30.00 32.00 2896 223.25 0.10 3.50 12.00 0.01 0.09 06 20170928160203
B0 0002 00 00 00 00 80 FF FF 00 FF 29.50 30.00 32.00 2896 223.00 0.10 3.50 12.00 0.01 0.09 06 20170928160203
B0 0002 00 00 00 00 80 FF FF 00 FF 29.50 30.00 32.00 2896 223.00 0.10 3.50 12.00 0.01 0.38 06 20170928160203
B0 0002 00 00 00 00 80 FF FF 00 FF 29.50 30.00 32.00 2896 222.75 0.10 3.50 12.00 0.03 0.38 06 20170928160203
B0 0002 00 00 00 00 80 FF FF 00 FF 29.50 30.00 32.00 2896 223.25 0.10 3.50 12.00 0.03 0.38 06 20170928160204
B0 0002 00 00 00 00 80 FF FF 00 FF 29.50 30.00 32.00 2896 223.25 0.10 3.50 12.00 0.03 0.38 06 20170928160204
B0 0002 00 00 00 00 80 FF FF 00 FF 29.50 30.00 32.00 2896 223.00 0.10 3.50 12.00 0.03 0.09 06 20170928160204
B0 0002 00 00 00 00 80 FF FF 00 FF 29.50 30.00 32.00 2896 223.25 0.10 3.50 12.00 0.03 0.09 06 20170928160204
B0 0002 00 00 00 00 80 FF FF 00 FF 29.50 30.00 32.00 2896 222.75 0.10 3.50 12.00 0.03 0.09 06 20170928160204
B0 0002 00 00 00 00 80 FF FF 00 FF 29.50 30.00 32.00 2896 223.00 0.10 3.50 12.00 0.03 0.38 06 20170928160204
B0 0002 00 00 00 00 80 FF FF 00 FF 29.50 30.50 32.00 2896 223.00 0.10 3.50 12.00 0.03 0.38 06 20170928160205
B0 0002 00 00 00 00 80 FF FF 00 FF 29.50 30.50 32.00 2896 223.00 0.10 3.50 12.00 0.03 0.38 06 20170928160205
B0 0002 00 00 00 00 80 FF FF 00 FF 29.50 30.00 32.00 2896 223.00 0.10 3.50 12.00 0.01 0.09 06 20170928160205
B0 0002 00 00 00 00 80 FF FF 00 FF 29.50 30.00 32.00 2896 222.75 0.10 3.50 12.00 0.03 0.38 06 20170928160205
B0 0002 00 00 00 00 80 FF FF 00 FF 29.50 30.00 32.00 2896 222.75 0.10 3.50 12.00 0.01 0.38 06 20170928160205
B0 0002 00 00 00 00 80 FF FF 00 FF 29.50 30.00 32.00 2896 223.00 0.10 3.50 12.00 0.03 0.38 06 20170928160206
B0 0002 00 00 00 00 80 FF FF 00 FF 29.50 30.00 32.00 2896 223.25 0.10 3.50 12.00 0.03 0.09 06 20170928160206
B0 0002 00 00 00 00 80 FF FF 00 FF 29.50 30.00 32.00 2896 223.25 0.10 3.50 12.00 0.03 0.38 06 20170928160206
B0 0002 00 00 00 00 80 FF FF 00 FF 29.50 30.00 32.00 2896 222.75 0.10 3.50 12.00 0.01 0.09 06 20170928160206
B0 0002 00 00 00 00 80 FF FF 00 FF 29.50 30.00 32.00 2896 222.75 0.10 3.50 12.00 0.03 0.38 06 20170928160206
B0 0002 00 00 00 00 80 FF FF 00 FF 29.50 30.00 32.00 2896 222.75 0.10 3.50 12.00 0.01 0.09 06 20170928160206
B0 0002 00 00 00 00 80 FF FF 00 FF 29.50 30.00 32.00 2896 222.75 0.10 3.50 12.00 0.03 0.09 06 20170928160207
B0 0002 00 00 00 00 80 FF FF 00 FF 29.50 30.00 32.00 2896 222.50 0.10 3.50 12.00 0.01 0.38 06 20170928160207
B0 0002 00 00 00 00 80 FF FF 00 FF 29.50 30.00 32.00 2896 222.75 0.10 3.50 12.00 0.03 0.38 06 20170928160207
B0 0002 00 00 00 00 80 FF FF 00 FF 29.50 30.00 32.00 2896 222.75 0.10 3.50 12.00 0.03 0.38 06 20170928160207
B0 0002 00 00 00 00 80 FF FF 00 FF 29.50 30.00 32.00 2896 222.50 0.10 3.50 12.00 0.03 0.38 06 20170928160207
B0 0002 00 00 00 00 80 FF FF 00 FF 29.50 30.00 32.00 2896 222.75 0.10 3.50 12.00 0.03 0.38 06 20170928160208
B0 0002 00 00 00 00 80 FF FF 00 FF 29.50 30.00 32.00 2896 223.00 0.10 3.50 12.00 0.03 0.09 06 20170928160208
B0 0002 00 00 00 00 80 FF FF 00 FF 29.50 30.00 32.00 2896 223.25 0.10 3.50 12.00 0.01 0.09 06 20170928160208
B0 0002 00 00 00 00 80 FF FF 00 FF 29.50 30.00 32.00 2896 223.00 0.10 3.50 12.00 0.03 0.38 06 20170928160208
B0 0002 00 00 00 00 80 FF FF 00 FF 29.50 30.00 32.00 2896 223.00 0.10 3.50 12.00 0.03 0.09 06 20170928160208
B0 0002 00 00 00 00 80 FF FF 00 FF 29.50 30.00 32.00 2896 222.75 0.10 3.50 12.00 0.01 0.38 06 20170928160208
B0 0002 00 00 00 00 80 FF FF 00 FF 29.50 30.00 32.00 2896 222.75 0.10 3.50 12.00 0.03 0.38 06 20170928160209
B0 0002 00 00 00 00 80 FF FF 00 FF 29.50 30.00 32.00 2896 223.00 0.10 3.50 12.00 0.01 0.38 06 20170928160209
B0 0002 00 00 00 00 80 FF FF 00 FF 29.50 30.00 32.00 2896 222.75 0.10 3.50 12.00 0.03 0.38 06 20170928160209
B0 0002 00 00 00 00 80 FF FF 00 FF 29.50 30.00 32.00 2896 223.00 0.10 3.50 12.00 0.01 0.09 06 20170928160209
B0 0002 00 00 00 00 80 FF FF 00 FF 29.50 30.00 32.00 2896 222.75 0.10 3.50 12.00 0.01 0.38 06 20170928160209
B0 0002 00 00 00 00 80 FF FF 00 FF 29.50 30.00 32.00 2896 222.75 0.10 3.50 12.00 0.03 0.09 06 20170928160209
B0 0002 00 00 00 00 80 FF FF 00 FF 29.50 30.00 32.00 2896 223.00 0.10 3.50 12.00 0.03 0.38 06 20170928160210
B0 0002 00 00 00 00 80 FF FF 00 FF 29.50 30.00 32.00 2896 223.25 0.10 3.50 12.00 0.03 0.09 06 20170928160210
B0 0002 00 00 00 00 80 FF FF 00 FF 29.50 30.00 32.00 2896 223.25 0.10 3.50 12.00 0.03 0.38 06 20170928160210
B0 0002 00 00 00 00 80 FF FF 00 FF 29.50 30.00 32.00 2896 222.75 0.10 3.50 12.00 0.03 0.09 06 20170928160210
B0 0002 00 00 00 00 80 FF FF 00 FF 29.50 30.00 32.00 2896 222.75 0.10 3.50 12.00 0.01 0.38 06 20170928160210
B0 0002 00 00 00 00 80 FF FF 00 FF 29.50 30.00 32.00 2896 222.75 0.10 3.50 12.00 0.03 0.38 06 20170928160211
B0 0002 00 00 00 00 80 FF FF 00 FF 29.50 30.00 32.00 2896 223.25 0.10 3.50 12.00 0.03 0.09 06 20170928160211
B0 0002 00 00 00 00 80 FF FF 00 FF 29.50 30.00 32.00 2896 223.25 0.10 3.50 12.00 0.03 0.38 06 20170928160211
B0 0002 00 00 00 00 80 FF FF 00 FF 29.50 30.00 32.00 2896 223.00 0.10 3.50 12.00 0.03 0.09 06 20170928160211
B0 0002 00 00 00 00 80 FF FF 00 FF 29.50 30.00 32.00 2896 223.00 0.10 3.50 12.00 0.03 0.38 06 20170928160211
B0 0002 00 00 00 00 80 FF FF 00 FF 29.50 30.00 32.00 2896 223.00 0.10 3.50 12.00 0.01 0.38 06 20170928160211
B0 0002 00 00 00 00 80 FF FF 00 FF 29.50 30.00 32.00 2896 223.00 0.10 3.50 12.00 0.03 0.09 06 20170928160212
B0 0002 00 00 00 00 80 FF FF 00 FF 29.50 30.00 32.00 2896 223.25 0.10 3.50 12.00 0.03 0.09 06 20170928160212
B0 0002 00 00 00 00 80 FF FF 00 FF 29.50 30.00 32.00 2896 223.25 0.10 3.50 12.00 0.03 0.09 06 20170928160212
B0 0002 00 00 00 00 80 FF FF 00 FF 29.50 30.00 32.00 2896 222.75 0.10 3.50 12.00 0.03 0.09 06 20170928160212
B0 0002 00 00 00 00 80 FF FF 00 FF 29.50 30.00 32.00 2896 223.00 0.10 3.50 12.00 0.03 0.09 06 20170928160212
B0 0002 00 00 00 00 80 FF FF 00 FF 29.50 30.00 32.00 2896 222.75 0.10 3.50 12.00 0.03 0.38 06 20170928160213
B0 0002 00 00 00 00 80 FF FF 00 FF 29.50 30.00 32.00 2896 223.00 0.10 3.50 12.00 0.03 0.38 06 20170928160213
B0 0002 00 00 00 00 80 FF FF 00 FF 29.50 30.00 32.00 2896 223.25 0.10 3.50 12.00 0.01 0.09 06 20170928160213
B0 0002 00 00 00 00 80 FF FF 00 FF 29.50 30.00 32.00 2896 222.75 0.10 3.50 12.00 0.01 0.09 06 20170928160213
B0 0002 00 00 00 00 80 FF FF 00 FF 29.50 30.00 32.00 2896 222.75 0.10 3.50 12.00 0.03 0.38 06 20170928160213
B0 0002 00 00 00 00 80 FF FF 00 FF 29.50 30.00 32.00 2896 222.75 0.10 3.50 12.00 0.01 0.38 06 20170928160213
B0 0002 00 00 00 00 80 FF FF 00 FF 29.50 30.00 32.00 2896 223.00 0.10 3.50 12.00 0.03 0.38 06 20170928160214
B0 0002 00 00 00 00 80 FF FF 00 FF 29.50 30.00 32.00 2896 223.25 0.10 3.50 12.00 0.01 0.38 06 20170928160214
B0 0002 00 00 00 00 80 FF FF 00 FF 29.50 30.00 32.00 2896 223.25 0.10 3.50 12.00 0.03 0.38 06 20170928160214
B0 0002 00 00 00 00 80 FF FF 00 FF 29.50 30.00 32.00 2896 223.00 0.10 3.50 12.00 0.03 0.38 06 20170928160214
B0 0002 00 00 00 00 80 FF FF 00 FF 29.50 30.00 32.00 2896 222.75 0.10 3.50 12.00 0.01 0.09 06 20170928160214
B0 0002 00 00 00 00 80 FF FF 00 FF 29.50 30.00 32.00 2896 222.75 0.10 3.50 12.00 0.03 0.38 06 20170928160214
B0 0002 00 00 00 00 80 FF FF 00 FF 29.50 30.00 32.00 2896 223.00 0.10 3.50 12.00 0.01 0.09 06 20170928160215
B0 0002 00 00 00 00 80 FF FF 00 FF 29.50 30.00 32.00 2896 223.00 0.10 3.50 12.00 0.03 0.09 06 20170928160215
B0 0002 00 00 00 00 80 FF FF 00 FF 29.50 30.00 32.00 2896 222.75 0.10 3.50 12.00 0.03 0.09 06 20170928160215
B0 0002 00 00 00 00 80 FF FF 00 FF 29.50 30.00 32.00 2896 222.75 0.10 3.50 12.00 0.03 0.09 06 20170928160215
B0 0002 00 00 00 00 80 FF FF 00 FF 29.50 30.00 32.00 2896 223.00 0.10 3.50 12.00 0.01 0.09 06 20170928160215
B0 0002 00 00 00 00 80 FF FF 00 FF 29.50 30.00 32.00 2896 222.75 0.10 3.50 12.00 0.03 0.09 06 20170928160216
B0 0002 00 00 00 00 80 FF FF 00 FF 29.50 30.00 32.00 2896 223.25 0.10 3.50 12.00 0.03 0.09 06 20170928160216
B0 0002 00 00 00 00 80 FF FF 00 FF 29.50 30.00 32.00 2896 223.25 0.10 3.50 12.00 0.01 0.38 06 20170928160216
B0 0002 00 00 00 00 80 FF FF 00 FF 29.50 30.00 32.00 2896 223.25 0.10 3.50 12.00 0.01 0.38 06 20170928160216
B0 0002 00 00 00 00 80 FF FF 00 FF 29.50 30.00 32.00 2896 222.75 0.10 3.50 12.00 0.03 0.38 06 20170928160216
B0 0002 00 00 00 00 80 FF FF 00 FF 29.50 30.00 32.00 2896 222.75 0.10 3.50 12.00 0.01 0.38 06 20170928160216
B0 0002 00 00 00 00 80 FF FF 00 FF 29.50 30.00 32.00 2896 223.25 0.10 3.50 12.00 0.03 0.38 06 20170928160217
B0 0002 00 00 00 00 80 FF FF 00 FF 29.50 30.00 32.00 2896 223.25 0.10 3.50 12.00 0.03 0.38 06 20170928160217
B0 0002 00 00 00 00 80 FF FF 00 FF 29.50 30.00 32.00 2896 223.00 0.10 3.50 12.00 0.03 0.09 06 20170928160217
B0 0002 00 00 00 00 80 FF FF 00 FF 29.50 30.00 32.00 2896 223.00 0.10 3.50 12.00 0.03 0.09 06 20170928160217
B0 0002 00 00 00 00 80 FF FF 00 FF 29.50 30.00 32.00 2896 222.75 0.10 3.50 12.00 0.03 0.38 06 20170928160217
B0 0002 00 00 00 00 80 FF FF 00 FF 29.50 30.00 32.00 2896 222.75 0.10 3.50 12.00 0.01 0.09 06 20170928160217
B0 0002 00 00 00 00 80 FF FF 00 FF 29.50 30.00 32.00 2896 223.00 0.10 3.50 12.00 0.03 0.38 06 20170928160218
B0 0002 00 00 00 00 80 FF FF 00 FF 29.50 30.00 32.00 2896 223.25 0.10 3.50 12.00 0.03 0.38 06 20170928160218
B0 0002 00 00 00 00 80 FF FF 00 FF 29.50 30.00 32.00 2896 223.25 0.10 3.50 12.00 0.03 0.38 06 20170928160218
B0 0002 00 00 00 00 80 FF FF 00 FF 29.50 30.00 32.00 2896 223.00 0.10 3.50 12.00 0.03 0.09 06 20170928160218
B0 0002 00 00 00 00 80 FF FF 00 FF 29.50 30.00 32.00 2896 223.00 0.10 3.50 12.00 0.03 0.38 06 20170928160218
B0 0002 00 00 00 00 80 FF FF 00 FF 29.50 30.00 32.00 2896 223.25 0.10 3.50 12.00 0.01 0.09 06 20170928160219
B0 0002 00 00 00 00 80 FF FF 00 FF 29.50 30.00 32.00 2896 223.25 0.10 3.50 12.00 0.03 0.38 06 20170928160219
B0 0002 00 00 00 00 80 FF FF 00 FF 29.50 30.00 32.00 2896 223.25 0.10 3.50 12.00 0.03 0.09 06 20170928160219
B0 0002 00 00 00 00 80 FF FF 00 FF 29.50 30.00 32.00 2896 223.25 0.10 3.50 12.00 0.01 0.09 06 20170928160219
B0 0002 00 00 00 00 80 FF FF 00 FF 29.50 30.00 32.00 2896 223.00 0.10 3.50 12.00 0.01 0.38 06 20170928160219
B0 0002 00 00 00 00 80 FF FF 00 FF 29.50 30.00 32.00 2896 222.75 0.10 3.50 12.00 0.01 0.09 06 20170928160219
B0 0002 00 00 00 00 80 FF FF 00 FF 29.50 30.00 32.00 2896 223.00 0.10 3.50 12.00 0.03 0.38 06 20170928160220
B0 0002 00 00 00 00 80 FF FF 00 FF 29.50 30.00 32.00 2896 223.00 0.10 3.50 12.00 0.01 0.09 06 20170928160220
B0 0002 00 00 00 00 80 FF FF 00 FF 29.50 30.00 32.00 2896 223.25 0.10 3.50 12.00 0.03 0.38 06 20170928160220
B0 0002 00 00 00 00 80 FF FF 00 FF 29.50 30.00 32.00 2896 222.75 0.10 3.50 12.00 0.03 0.09 06 20170928160220
B0 0002 00 00 00 00 80 FF FF 00 FF 29.50 30.00 32.00 2896 222.75 0.10 3.50 12.00 0.03 0.09 06 20170928160220
B0 0002 00 00 00 00 80 FF FF 00 FF 29.50 30.00 32.00 2896 223.00 0.10 3.50 12.00 0.03 0.38 06 20170928160221
B0 0002 00 00 00 00 80 FF FF 00 FF 29.50 30.00 32.00 2896 223.25 0.10 3.50 12.00 0.03 0.38 06 20170928160221
B0 0002 00 00 00 00 80 FF FF 00 FF 29.50 30.00 32.00 2896 223.00 0.10 3.50 12.00 0.03 0.38 06 20170928160221
B0 0002 00 00 00 00 80 FF FF 00 FF 29.50 30.00 32.00 2896 222.75 0.10 3.50 12.00 0.03 0.38 06 20170928160221
B0 0002 00 00 00 00 80 FF FF 00 FF 29.50 30.50 32.00 2896 222.75 0.10 3.50 12.00 0.01 0.38 06 20170928160221
B0 0002 00 00 00 00 80 FF FF 00 FF 29.50 30.00 32.00 2896 223.00 0.10 3.50 12.00 0.03 0.38 06 20170928160221
B0 0002 00 00 00 00 80 FF FF 00 FF 29.50 30.00 32.00 2896 222.75 0.10 3.50 12.00 0.03 0.09 06 20170928160222
B0 0002 00 00 00 00 80 FF FF 00 FF 29.50 30.00 32.00 2896 223.00 0.10 3.50 12.00 0.01 0.38 06 20170928160222
B0 0002 00 00 00 00 80 FF FF 00 FF 29.50 30.00 32.00 2896 223.25 0.10 3.50 12.00 0.03 0.38 06 20170928160222
B0 0002 00 00 00 00 80 FF FF 00 FF 29.50 30.00 32.00 2896 222.75 0.10 3.50 12.00 0.03 0.38 06 20170928160222
B0 0002 00 00 00 00 80 FF FF 00 FF 29.50 30.00 32.00 2896 223.00 0.10 3.50 12.00 0.01 0.38 06 20170928160222
B0 0002 00 00 00 00 80 FF FF 00 FF 29.50 30.00 32.00 2896 223.25 0.10 3.50 12.00 0.03 0.38 06 20170928160223
B0 0002 00 00 00 00 80 FF FF 00 FF 29.50 30.00 32.00 2896 222.75 0.10 3.50 12.00 0.01 0.38 06 20170928160223
B0 0002 00 00 00 00 80 FF FF 00 FF 29.50 30.00 32.00 2896 223.00 0.10 3.50 12.00 0.01 0.38 06 20170928160223
B0 0002 00 00 00 00 80 FF FF 00 FF 29.50 30.00 32.00 2896 223.00 0.10 3.50 12.00 0.03 0.38 06 20170928160223
B0 0002 00 00 00 00 80 FF FF 00 FF 29.50 30.00 32.00 2896 222.75 0.10 3.50 12.00 0.03 0.09 06 20170928160223
B0 0002 00 00 00 00 80 FF FF 00 FF 29.50 30.00 32.00 2896 222.75 0.10 3.50 12.00 0.03 0.09 06 20170928160223
B0 0002 00 00 00 00 80 FF FF 00 FF 29.50 30.00 32.00 2896 222.25 0.10 3.50 12.00 0.03 0.38 06 20170928160224
B0 0002 00 00 00 00 80 FF FF 00 FF 29.50 30.00 32.00 2896 222.25 0.10 3.50 12.00 0.01 0.09 06 20170928160224
B0 0002 00 00 00 00 80 FF FF 00 FF 29.50 30.00 32.00 2896 222.25 0.10 3.50 12.00 0.01 0.38 06 20170928160224
B0 0002 00 00 00 00 80 FF FF 00 FF 29.50 30.00 32.00 2896 222.00 0.10 3.50 12.00 0.03 0.38 06 20170928160224
B0 0002 00 00 00 00 80 FF FF 00 FF 29.50 30.00 32.00 2896 222.00 0.10 3.50 12.00 0.03 0.38 06 20170928160224
B0 0002 00 00 00 00 80 FF FF 00 FF 29.50 30.00 32.00 2896 222.50 0.10 3.50 12.00 0.03 0.38 06 20170928160225
B0 0002 00 00 00 00 80 FF FF 00 FF 29.50 30.00 32.00 2896 222.25 0.10 3.50 12.00 0.01 0.09 06 20170928160225
B0 0002 00 00 00 00 80 FF FF 00 FF 29.50 30.00 32.00 2896 222.50 0.10 3.50 12.00 0.03 0.38 06 20170928160225
B0 0002 00 00 00 00 80 FF FF 00 FF 29.50 30.00 32.00 2896 222.50 0.10 3.50 12.00 0.03 0.38 06 20170928160225
B0 0002 00 00 00 00 80 FF FF 00 FF 29.50 30.00 32.00 2896 222.50 0.10 3.50 12.00 0.03 0.38 06 20170928160225
B0 0002 00 00 00 00 80 FF FF 00 FF 29.50 30.00 32.00 2896 222.75 0.10 3.50 12.00 0.03 0.38 06 20170928160225
B0 0002 00 00 00 00 80 FF FF 00 FF 29.50 30.00 32.00 2896 222.75 0.10 3.50 12.00 0.01 0.38 06 20170928160226
B0 0002 00 00 00 00 80 FF FF 00 FF 29.50 30.00 32.00 2896 222.75 0.10 3.50 12.00 0.01 0.09 06 20170928160226
B0 0002 00 00 00 00 80 FF FF 00 FF 29.50 30.00 32.00 2896 222.75 0.10 3.50 12.00 0.03 0.09 06 20170928160226
B0 0002 00 00 00 00 80 FF FF 00 FF 29.50 30.00 32.00 2896 222.75 0.10 3.50 12.00 0.01 0.38 06 20170928160226
B0 0002 00 00 00 00 80 FF FF 00 FF 29.50 30.00 32.00 2896 222.50 0.10 3.50 12.00 0.03 0.38 06 20170928160226
B0 0002 00 00 00 00 80 FF FF 00 FF 29.50 30.50 32.00 2896 222.50 0.10 3.50 12.00 0.01 0.38 06 20170928160227
B0 0002 00 00 00 00 80 FF FF 00 FF 29.50 30.00 32.00 2896 222.75 0.10 3.50 12.00 0.03 0.09 06 20170928160227
B0 0002 00 00 00 00 80 FF FF 00 FF 29.50 30.00 32.00 2896 222.75 0.10 3.50 12.00 0.01 0.38 06 20170928160227
B0 0002 00 00 00 00 80 FF FF 00 FF 29.50 30.00 32.00 2896 222.50 0.10 3.50 12.00 0.01 0.09 06 20170928160227
B0 0002 00 00 00 00 80 FF FF 00 FF 29.50 30.00 32.00 2896 222.25 0.10 3.50 12.00 0.03 0.38 06 20170928160227
B0 0002 00 00 00 00 80 FF FF 00 FF 29.50 30.00 32.00 2896 222.25 0.10 3.50 12.00 0.01 0.09 06 20170928160227
B0 0002 00 00 00 00 80 FF FF 00 FF 29.50 30.00 32.00 2896 222.50 0.10 3.50 12.00 0.01 0.38 06 20170928160228
B0 0002 00 00 00 00 80 FF FF 00 FF 29.50 30.00 32.00 2896 222.50 0.10 3.50 12.00 0.01 0.38 06 20170928160228
B0 0002 00 00 00 00 80 FF FF 00 FF 29.50 30.00 32.00 2896 222.75 0.10 3.50 12.00 0.01 0.38 06 20170928160228
B0 0002 00 00 00 00 80 FF FF 00 FF 29.50 30.00 32.00 2896 222.25 0.10 3.50 12.00 0.01 0.09 06 20170928160228
B0 0002 00 00 00 00 80 FF FF 00 FF 29.50 30.00 32.00 2896 222.25 0.10 3.50 12.00 0.03 0.38 06 20170928160228
B0 0002 00 00 00 00 80 FF FF 00 FF 29.50 30.00 32.00 2896 222.50 0.10 3.50 12.00 0.01 0.09 06 20170928160229
B0 0002 00 00 00 00 80 FF FF 00 FF 29.50 30.00 32.00 2896 222.50 0.10 3.50 12.00 0.03 0.38 06 20170928160229
B0 0002 00 00 00 00 80 FF FF 00 FF 29.50 30.00 32.00 2896 222.50 0.10 3.50 12.00 0.01 0.09 06 20170928160229
B0 0002 00 00 00 00 80 FF FF 00 FF 29.50 30.00 32.00 2896 222.75 0.10 3.50 12.00 0.03 0.38 06 20170928160229
B0 0002 00 00 00 00 80 FF FF 00 FF 29.50 30.00 32.00 2896 222.25 0.10 3.50 12.00 0.01 0.09 06 20170928160229
B0 0002 00 00 00 00 80 FF FF 00 FF 29.50 30.00 32.00 2896 222.25 0.10 3.50 12.00 0.03 0.38 06 20170928160229
B0 0002 00 00 00 00 80 FF FF 00 FF 29.50 30.00 32.00 2896 222.50 0.10 3.50 12.00 0.01 0.38 06 20170928160230
B0 0002 00 00 00 00 80 FF FF 00 FF 29.50 30.00 32.00 2896 222.75 0.10 3.50 12.00 0.03 0.38 06 20170928160230
B0 0002 00 00 00 00 80 FF FF 00 FF 29.50 30.00 32.00 2896 222.75 0.10 3.50 12.00 0.01 0.38 06 20170928160230
B0 0002 00 00 00 00 80 FF FF 00 FF 29.50 30.00 32.00 2896 222.25 0.10 3.50 12.00 0.01 0.09 06 20170928160230
B0 0002 00 00 00 00 80 FF FF 00 FF 29.50 30.00 32.00 2896 222.50 0.10 3.50 12.00 0.03 0.09 06 20170928160230
B0 0002 00 00 00 00 80 FF FF 00 FF 29.50 30.00 32.00 2896 222.50 0.10 3.50 12.00 0.03 0.09 06 20170928160231
B0 0002 00 00 00 00 80 FF FF 00 FF 29.50 30.00 32.00 2896 222.50 0.10 3.50 12.00 0.01 0.38 06 20170928160231
B0 0002 00 00 00 00 80 FF FF 00 FF 29.50 30.00 32.00 2896 222.50 0.10 3.50 12.00 0.01 0.38 06 20170928160231
B0 0002 00 00 00 00 80 FF FF 00 FF 29.50 30.00 32.00 2896 222.50 0.10 3.50 12.00 0.01 0.09 06 20170928160231
B0 0002 00 00 00 00 80 FF FF 00 FF 29.50 30.00 32.00 2896 222.25 0.10 3.50 12.00 0.03 0.38 06 20170928160231
B0 0002 00 00 00 00 80 FF FF 00 FF 29.50 30.00 32.00 2896 222.25 0.10 3.50 12.00 0.03 0.38 06 20170928160231
B0 0002 00 00 00 00 80 FF FF 00 FF 29.50 30.00 32.00 2896 222.50 0.10 3.50 12.00 0.03 0.09 06 20170928160232
B0 0002 00 00 00 00 80 FF FF 00 FF 29.50 30.00 32.00 2896 222.75 0.10 3.50 12.00 0.03 0.38 06 20170928160232
B0 0002 00 00 00 00 80 FF FF 00 FF 29.50 30.00 32.00 2896 222.75 0.10 3.50 12.00 0.03 0.09 06 20170928160232
B0 0002 00 00 00 00 80 FF FF 00 FF 29.50 30.00 32.00 2896 222.50 0.10 3.50 12.00 0.03 0.09 06 20170928160232
B0 0002 00 00 00 00 80 FF FF 00 FF 29.50 30.00 32.00 2896 222.50 0.10 3.50 12.00 0.03 0.09 06 20170928160232
B0 0002 00 00 00 00 80 FF FF 00 FF 29.50 30.00 32.00 2896 222.75 0.10 3.50 12.00 0.03 0.38 06 20170928160233
B0 0002 00 00 00 00 80 FF FF 00 FF 29.50 30.00 32.00 2896 222.75 0.10 3.50 12.00 0.01 0.38 06 20170928160233
B0 0002 00 00 00 00 80 FF FF 00 FF 29.50 30.00 32.00 2896 222.50 0.10 3.50 12.00 0.03 0.09 06 20170928160233
B0 0002 00 00 00 00 80 FF FF 00 FF 29.50 30.00 32.00 2896 222.50 0.10 3.50 12.00 0.03 0.09 06 20170928160233
B0 0002 00 00 00 00 80 FF FF 00 FF 29.50 30.00 32.00 2896 222.25 0.10 3.50 12.00 0.01 0.38 06 20170928160233
B0 0002 00 00 00 00 80 FF FF 00 FF 29.50 30.00 32.00 2896 222.50 0.10 3.50 12.00 0.03 0.38 06 20170928160234
B0 0002 00 00 00 00 80 FF FF 00 FF 29.50 30.00 32.00 2896 222.75 0.10 3.50 12.00 0.01 0.09 06 20170928160234
B0 0002 00 00 00 00 80 FF FF 00 FF 29.50 30.00 32.00 2896 222.75 0.10 3.50 12.00 0.03 0.38 06 20170928160234
B0 0002 00 00 00 00 80 FF FF 00 FF 29.50 30.50 32.00 2896 222.75 0.10 3.50 12.00 0.01 0.38 06 20170928160234
B0 0002 00 00 00 00 80 FF FF 00 FF 29.50 30.50 32.00 2896 222.25 0.10 3.50 12.00 0.03 0.09 06 20170928160234
B0 0002 00 00 00 00 80 FF FF 00 FF 29.50 30.00 32.00 2896 222.25 0.10 3.50 12.00 0.01 0.09 06 20170928160234
B0 0002 00 00 00 00 80 FF FF 00 FF 29.50 30.00 32.00 2896 222.75 0.10 3.50 12.00 0.03 0.38 06 20170928160235
B0 0002 00 00 00 00 80 FF FF 00 FF 29.50 30.00 32.00 2896 222.50 0.10 3.50 12.00 0.03 0.38 06 20170928160235
B0 0002 00 00 00 00 80 FF FF 00 FF 29.50 30.00 32.00 2896 222.50 0.10 3.50 12.00 0.03 0.38 06 20170928160235
B0 0002 00 00 00 00 80 FF FF 00 FF 29.50 30.00 32.00 2896 222.50 0.10 3.50 12.00 0.03 0.09 06 20170928160235
B0 0002 00 00 00 00 80 FF FF 00 FF 29.50 30.50 32.00 2896 222.25 0.10 3.50 12.00 0.01 0.38 06 20170928160235
B0 0002 00 00 00 00 80 FF FF 00 FF 29.50 30.00 32.00 2896 222.50 0.10 3.50 12.00 0.03 0.38 06 20170928160236
B0 0002 00 00 00 00 80 FF FF 00 FF 29.50 30.00 32.00 2896 222.50 0.10 3.50 12.00 0.03 0.38 06 20170928160236
B0 0002 00 00 00 00 80 FF FF 00 FF 29.50 30.00 32.00 2896 222.75 0.10 3.50 12.00 0.03 0.09 06 20170928160236
B0 0002 00 00 00 00 80 FF FF 00 FF 29.50 30.00 32.00 2896 222.50 0.10 3.50 12.00 0.03 0.09 06 20170928160236
B0 0002 00 00 00 00 80 FF FF 00 FF 29.50 30.00 32.00 2896 222.50 0.10 3.50 12.00 0.01 0.38 06 20170928160236
B0 0002 00 00 00 00 80 FF FF 00 FF 29.50 30.00 32.00 2896 222.50 0.10 3.50 12.00 0.03 0.38 06 20170928160236
B0 0002 00 00 00 00 80 FF FF 00 FF 29.50 30.00 32.00 2896 222.50 0.10 3.50 12.00 0.01 0.09 06 20170928160237
B0 0002 00 00 00 00 80 FF FF 00 FF 29.50 30.00 32.00 2896 222.50 0.10 3.50 12.00 0.03 0.38 06 20170928160237
B0 0002 00 00 00 00 80 FF FF 00 FF 29.50 30.00 32.00 2896 222.25 0.10 3.50 12.00 0.03 0.38 06 20170928160237
B0 0002 00 00 00 00 80 FF FF 00 FF 29.50 30.00 32.00 2896 222.50 0.10 3.50 12.00 0.03 0.09 06 20170928160237
B0 0002 00 00 00 00 80 FF FF 00 FF 29.50 30.00 32.00 2896 222.50 0.10 3.50 12.00 0.01 0.09 06 20170928160237
B0 0002 00 00 00 00 80 FF FF 00 FF 29.50 30.00 32.00 2896 222.50 0.10 3.50 12.00 0.03 0.38 06 20170928160238
B0 0002 00 00 00 00 80 FF FF 00 FF 29.50 30.00 32.00 2896 222.50 0.10 3.50 12.00 0.01 0.09 06 20170928160238
B0 0002 00 00 00 00 80 FF FF 00 FF 29.50 30.00 32.00 2896 223.00 0.10 3.50 12.00 0.03 0.38 06 20170928160238
B0 0002 00 00 00 00 80 FF FF 00 FF 29.50 30.00 32.00 2896 223.00 0.10 3.50 12.00 0.01 0.09 06 20170928160238
B0 0002 00 00 00 00 80 FF FF 00 FF 29.50 30.00 32.00 2896 222.50 0.10 3.50 12.00 0.01 0.38 06 20170928160238
B0 0002 00 00 00 00 80 FF FF 00 FF 29.50 30.00 32.00 2896 223.00 0.10 3.50 12.00 0.03 0.38 06 20170928160238
B0 0002 00 00 00 00 80 FF FF 00 FF 29.50 30.00 32.00 2896 222.75 0.10 3.50 12.00 0.01 0.09 06 20170928160239
B0 0002 00 00 00 00 80 FF FF 00 FF 29.50 30.00 32.00 2896 222.50 0.10 3.50 12.00 0.03 0.09 06 20170928160239
B0 0002 00 00 00 00 80 FF FF 00 FF 29.50 30.00 32.00 2896 222.75 0.10 3.50 12.00 0.03 0.38 06 20170928160239
B0 0002 00 00 00 00 80 FF FF 00 FF 29.50 30.00 32.00 2896 222.50 0.10 3.50 12.00 0.03 0.38 06 20170928160239
B0 0002 00 00 00 00 80 FF FF 00 FF 29.50 30.00 32.00 2896 222.75 0.10 3.50 12.00 0.01 0.38 06 20170928160239
B0 0002 00 00 00 00 80 FF FF 00 FF 29.50 30.00 32.00 2896 222.50 0.10 3.50 12.00 0.03 0.38 06 20170928160240
B0 0002 00 00 00 00 80 FF FF 00 FF 29.50 30.00 32.00 2896 222.50 0.10 3.50 12.00 0.01 0.38 06 20170928160240
B0 0002 00 00 00 00 80 FF FF 00 FF 29.50 30.00 32.00 2896 223.00 0.10 3.50 12.00 0.01 0.09 06 20170928160240
B0 0002 00 00 00 00 80 FF FF 00 FF 29.50 30.00 32.00 2896 222.50 0.10 3.50 12.00 0.03 0.38 06 20170928160240
B0 0002 00 00 00 00 80 FF FF 00 FF 29.50 30.00 32.00 2896 222.50 0.10 3.50 12.00 0.01 0.09 06 20170928160240
B0 0002 00 00 00 00 80 FF FF 00 FF 29.50 30.00 32.00 2896 222.50 0.10 3.50 12.00 0.03 0.38 06 20170928160241
B0 0002 00 00 00 00 80 FF FF 00 FF 29.50 30.00 32.00 2896 222.50 0.10 3.50 12.00 0.01 0.38 06 20170928160241
B0 0002 00 00 00 00 80 FF FF 00 FF 29.50 30.00 32.00 2896 222.75 0.10 3.50 12.00 0.03 0.09 06 20170928160241
B0 0002 00 00 00 00 80 FF FF 00 FF 29.50 30.00 32.00 2896 222.50 0.10 3.50 12.00 0.01 0.38 06 20170928160241
B0 0002 00 00 00 00 80 FF FF 00 FF 29.50 30.00 32.00 2896 222.75 0.10 3.50 12.00 0.03 0.38 06 20170928160241
B0 0002 00 00 00 00 80 FF FF 00 FF 29.50 30.00 32.00 2896 222.50 0.10 3.50 12.00 0.03 0.09 06 20170928160241
B0 0002 00 00 00 00 80 FF FF 00 FF 29.50 30.00 32.00 2896 222.75 0.10 3.50 12.00 0.01 0.38 06 20170928160242
B0 0002 00 00 00 00 80 FF FF 00 FF 29.50 30.00 32.00 2896 222.75 0.10 3.50 12.00 0.01 0.09 06 20170928160242
B0 0002 00 00 00 00 80 FF FF 00 FF 29.50 30.00 32.00 2896 222.75 0.10 3.50 12.00 0.01 0.38 06 20170928160242
B0 0002 00 00 00 00 80 FF FF 00 FF 29.50 30.00 32.00 2896 223.00 0.10 3.50 12.00 0.01 0.38 06 20170928160242
B0 0002 00 00 00 00 80 FF FF 00 FF 29.50 30.00 32.00 2896 222.75 0.10 3.50 12.00 0.03 0.38 06 20170928160242
B0 0002 00 00 00 00 80 FF FF 00 FF 29.50 30.00 32.00 2896 222.50 0.10 3.50 12.00 0.03 0.38 06 20170928160243
B0 0002 00 00 00 00 80 FF FF 00 FF 29.50 30.00 32.00 2896 222.75 0.10 3.50 12.00 0.01 0.38 06 20170928160243
B0 0002 00 00 00 00 80 FF FF 00 FF 29.50 30.00 32.00 2896 222.75 0.10 3.50 12.00 0.03 0.09 06 20170928160243
B0 0002 00 00 00 00 80 FF FF 00 FF 29.50 30.00 32.00 2896 222.75 0.10 3.50 12.00 0.01 0.38 06 20170928160243
B0 0002 00 00 00 00 80 FF FF 00 FF 29.50 30.00 32.00 2896 222.50 0.10 3.50 12.00 0.03 0.09 06 20170928160243
B0 0002 00 00 00 00 80 FF FF 00 FF 29.50 30.00 32.00 2896 222.50 0.10 3.50 12.00 0.03 0.38 06 20170928160243
B0 0002 00 00 00 00 80 FF FF 00 FF 29.50 30.00 32.00 2896 222.75 0.10 3.50 12.00 0.01 0.38 06 20170928160244
B0 0002 00 00 00 00 80 FF FF 00 FF 29.50 30.00 32.00 2896 222.50 0.10 3.50 12.00 0.01 0.38 06 20170928160244
B0 0002 00 00 00 00 80 FF FF 00 FF 29.50 30.00 32.00 2896 222.75 0.10 3.50 12.00 0.01 0.38 06 20170928160244
B0 0002 00 00 00 00 80 FF FF 00 FF 29.50 30.00 32.00 2896 222.75 0.10 3.50 12.00 0.03 0.09 06 20170928160244
B0 0002 00 00 00 00 80 FF FF 00 FF 29.50 30.00 32.00 2896 222.50 0.10 3.50 12.00 0.03 0.09 06 20170928160244
B0 0002 00 00 00 00 80 FF FF 00 FF 29.50 30.00 32.00 2896 222.50 0.10 3.50 12.00 0.03 0.38 06 20170928160245
B0 0002 00 00 00 00 80 FF FF 00 FF 29.50 30.00 32.00 2896 223.00 0.10 3.50 12.00 0.03 0.38 06 20170928160245
B0 0002 00 00 00 00 80 FF FF 00 FF 29.50 30.00 32.00 2896 223.00 0.10 3.50 12.00 0.03 0.09 06 20170928160245
B0 0002 00 00 00 00 80 FF FF 00 FF 29.50 30.00 32.00 2896 222.75 0.10 3.50 12.00 0.03 0.38 06 20170928160245
B0 0002 00 00 00 00 80 FF FF 00 FF 29.50 30.00 32.00 2896 222.75 0.10 3.50 12.00 0.01 0.09 06 20170928160245
B0 0002 00 00 00 00 80 FF FF 00 FF 29.50 30.00 32.00 2896 222.50 0.10 3.50 12.00 0.03 0.09 06 20170928160245
B0 0002 00 00 00 00 80 FF FF 00 FF 29.50 30.00 32.00 2896 223.00 0.10 3.50 12.00 0.03 0.09 06 20170928160246
B0 0002 00 00 00 00 80 FF FF 00 FF 29.50 30.00 32.00 2896 222.75 0.10 3.50 12.00 0.03 0.09 06 20170928160246
B0 0002 00 00 00 00 80 FF FF 00 FF 29.50 30.00 32.00 2896 223.00 0.10 3.50 12.00 0.03 0.09 06 20170928160246
B0 0002 00 00 00 00 80 FF FF 00 FF 29.50 30.00 32.00 2896 222.75 0.10 3.50 12.00 0.03 0.09 06 20170928160246
B0 0002 00 00 00 00 80 FF FF 00 FF 29.50 30.00 32.00 2896 222.50 0.10 3.50 12.00 0.03 0.09 06 20170928160246
B0 0002 00 00 00 00 80 FF FF 00 FF 29.50 30.00 32.00 2896 222.50 0.10 3.50 12.00 0.03 0.38 06 20170928160247
B0 0002 00 00 00 00 80 FF FF 00 FF 29.50 30.00 32.00 2896 222.75 0.10 3.50 12.00 0.03 0.09 06 20170928160247
B0 0002 00 00 00 00 80 FF FF 00 FF 29.50 30.00 32.00 2896 222.75 0.10 3.50 12.00 0.03 0.38 06 20170928160247
B0 0002 00 00 00 00 80 FF FF 00 FF 29.50 30.00 32.00 2896 222.75 0.10 3.50 12.00 0.01 0.38 06 20170928160247
B0 0002 00 00 00 00 80 FF FF 00 FF 29.50 30.00 32.00 2896 222.75 0.10 3.50 12.00 0.03 0.38 06 20170928160247
B0 0002 00 00 00 00 80 FF FF 00 FF 29.50 30.00 32.00 2896 222.50 0.10 3.50 12.00 0.03 0.38 06 20170928160247
B0 0002 00 00 00 00 80 FF FF 00 FF 29.50 30.00 32.00 2896 223.00 0.10 3.50 12.00 0.03 0.38 06 20170928160248
B0 0002 00 00 00 00 80 FF FF 00 FF 29.50 30.00 32.00 2896 222.75 0.10 3.50 12.00 0.03 0.38 06 20170928160248
B0 0002 00 00 00 00 80 FF FF 00 FF 29.50 30.00 32.00 2896 223.25 0.10 3.50 12.00 0.01 0.38 06 20170928160248
B0 0002 00 00 00 00 80 FF FF 00 FF 29.50 30.00 32.00 2896 222.50 0.10 3.50 12.00 0.01 0.09 06 20170928160248
B0 0002 00 00 00 00 80 FF FF 00 FF 29.50 30.00 32.00 2896 222.50 0.10 3.50 12.00 0.03 0.09 06 20170928160248
B0 0002 00 00 00 00 80 FF FF 00 FF 29.50 30.00 32.00 2896 222.75 0.10 3.50 12.00 0.01 0.38 06 20170928160249
B0 0002 00 00 00 00 80 FF FF 00 FF 29.50 30.00 32.00 2896 223.00 0.10 3.50 12.00 0.01 0.09 06 20170928160249
B0 0002 00 00 00 00 80 FF FF 00 FF 29.50 30.00 32.00 2896 222.75 0.10 3.50 12.00 0.01 0.09 06 20170928160249
B0 0002 00 00 00 00 80 FF FF 00 FF 29.50 30.00 32.00 2896 223.00 0.10 3.50 12.00 0.01 0.38 06 20170928160249
B0 0002 00 00 00 00 80 FF FF 00 FF 29.50 30.00 32.00 2896 222.50 0.10 3.50 12.00 0.01 0.09 06 20170928160249
B0 0002 00 00 00 00 80 FF FF 00 FF 29.50 30.00 32.00 2896 222.75 0.10 3.50 12.00 0.03 0.38 06 20170928160249
B0 0002 00 00 00 00 80 FF FF 00 FF 29.50 30.00 32.00 2896 222.75 0.10 3.50 12.00 0.01 0.38 06 20170928160250
B0 0002 00 00 00 00 80 FF FF 00 FF 29.50 30.00 32.00 2896 222.75 0.10 3.50 12.00 0.03 0.38 06 20170928160250
B0 0002 00 00 00 00 80 FF FF 00 FF 29.50 30.00 32.00 2896 222.75 0.10 3.50 12.00 0.03 0.38 06 20170928160250
B0 0002 00 00 00 00 80 FF FF 00 FF 29.50 30.00 32.00 2896 222.50 0.10 3.50 12.00 0.03 0.38 06 20170928160250
B0 0002 00 00 00 00 80 FF FF 00 FF 29.50 30.00 32.00 2896 222.50 0.10 3.50 12.00 0.03 0.38 06 20170928160250
B0 0002 00 00 00 00 80 FF FF 00 FF 29.50 30.00 32.00 2896 222.50 0.10 3.50 12.00 0.01 0.38 06 20170928160251
B0 0002 00 00 00 00 80 FF FF 00 FF 29.50 30.00 32.00 2896 222.75 0.10 3.50 12.00 0.03 0.09 06 20170928160251
B0 0002 00 00 00 00 80 FF FF 00 FF 29.50 30.00 32.00 2896 223.00 0.10 3.50 12.00 0.03 0.09 06 20170928160251
B0 0002 00 00 00 00 80 FF FF 00 FF 29.50 30.00 32.00 2896 222.75 0.10 3.50 12.00 0.01 0.38 06 20170928160251
B0 0002 00 00 00 00 80 FF FF 00 FF 29.50 30.00 32.00 2896 222.50 0.10 3.50 12.00 0.03 0.09 06 20170928160251
B0 0002 00 00 00 00 80 FF FF 00 FF 29.50 30.00 32.00 2896 222.75 0.10 3.50 12.00 0.03 0.38 06 20170928160252
B0 0002 00 00 00 00 80 FF FF 00 FF 29.50 30.00 32.00 2896 222.75 0.10 3.50 12.00 0.03 0.38 06 20170928160252
B0 0002 00 00 00 00 80 FF FF 00 FF 29.50 30.00 32.00 2896 222.75 0.10 3.50 12.00 0.03 0.38 06 20170928160252
B0 0002 00 00 00 00 80 FF FF 00 FF 29.50 30.00 32.00 2896 223.00 0.10 3.50 12.00 0.03 0.38 06 20170928160252
B0 0002 00 00 00 00 80 FF FF 00 FF 29.50 30.00 32.00 2896 222.75 0.10 3.50 12.00 0.03 0.09 06 20170928160252
B0 0002 00 00 00 00 80 FF FF 00 FF 29.50 30.00 32.00 2896 222.50 0.10 3.50 12.00 0.01 0.09 06 20170928160252
B0 0002 00 00 00 00 80 FF FF 00 FF 29.50 30.00 32.00 2896 222.75 0.10 3.50 12.00 0.01 0.09 06 20170928160253
B0 0002 00 00 00 00 80 FF FF 00 FF 29.50 30.00 32.00 2896 223.00 0.10 3.50 12.00 0.03 0.09 06 20170928160253
B0 0002 00 00 00 00 80 FF FF 00 FF 29.50 30.00 32.00 2896 222.75 0.10 3.50 12.00 0.03 0.38 06 20170928160253
B0 0002 00 00 00 00 80 FF FF 00 FF 29.50 30.00 32.00 2896 222.75 0.10 3.50 12.00 0.01 0.09 06 20170928160253
B0 0002 00 00 00 00 80 FF FF 00 FF 29.50 30.00 32.00 2896 222.50 0.10 3.50 12.00 0.01 0.38 06 20170928160253
B0 0002 00 00 00 00 80 FF FF 00 FF 29.50 30.00 32.00 2896 222.75 0.10 3.50 12.00 0.03 0.38 06 20170928160254
B0 0002 00 00 00 00 80 FF FF 00 FF 29.50 30.00 32.00 2896 222.75 0.10 3.50 12.00 0.03 0.38 06 20170928160254
B0 0002 00 00 00 00 80 FF FF 00 FF 29.50 30.00 32.00 2896 223.00 0.10 3.50 12.00 0.03 0.38 06 20170928160254
B0 0002 00 00 00 00 80 FF FF 00 FF 29.50 30.00 32.00 2896 222.75 0.10 3.50 12.00 0.03 0.38 06 20170928160254
B0 0002 00 00 00 00 80 FF FF 00 FF 29.50 30.00 32.00 2896 222.75 0.10 3.50 12.00 0.01 0.09 06 20170928160254
B0 0002 00 00 00 00 80 FF FF 00 FF 29.50 30.00 32.00 2896 222.50 0.10 3.50 12.00 0.03 0.09 06 20170928160254
B0 0002 00 00 00 00 80 FF FF 00 FF 29.50 30.00 32.00 2896 223.00 0.10 3.50 12.00 0.03 0.38 06 20170928160255
B0 0002 00 00 00 00 80 FF FF 00 FF 29.50 30.00 32.00 2896 222.75 0.10 3.50 12.00 0.03 0.09 06 20170928160255
B0 0002 00 00 00 00 80 FF FF 00 FF 29.50 30.00 32.00 2896 223.00 0.10 3.50 12.00 0.01 0.38 06 20170928160255
B0 0002 00 00 00 00 80 FF FF 00 FF 29.50 30.00 32.00 2896 222.50 0.10 3.50 12.00 0.01 0.38 06 20170928160255
B0 0002 00 00 00 00 80 FF FF 00 FF 29.50 30.00 32.00 2896 222.75 0.10 3.50 12.00 0.01 0.38 06 20170928160255
B0 0002 00 00 00 00 80 FF FF 00 FF 29.50 30.00 32.00 2896 222.50 0.10 3.50 12.00 0.01 0.09 06 20170928160256
B0 0002 00 00 00 00 80 FF FF 00 FF 29.50 30.00 32.00 2896 222.75 0.10 3.50 12.00 0.03 0.38 06 20170928160256
B0 0002 00 00 00 00 80 FF FF 00 FF 29.50 30.00 32.00 2896 222.50 0.10 3.50 12.00 0.03 0.38 06 20170928160256
B0 0002 00 00 00 00 80 FF FF 00 FF 29.50 30.00 32.00 2896 222.50 0.10 3.50 12.00 0.01 0.38 06 20170928160256
B0 0002 00 00 00 00 80 FF FF 00 FF 29.50 30.00 32.00 2896 222.25 0.10 3.50 12.00 0.01 0.09 06 20170928160256
B0 0002 00 00 00 00 80 FF FF 00 FF 29.50 30.00 32.00 2896 222.25 0.10 3.50 12.00 0.03 0.09 06 20170928160256
B0 0002 00 00 00 00 80 FF FF 00 FF 29.50 30.00 32.00 2896 222.75 0.10 3.50 12.00 0.03 0.09 06 20170928160257
B0 0002 00 00 00 00 80 FF FF 00 FF 29.50 30.00 32.00 2896 222.75 0.10 3.50 12.00 0.03 0.38 06 20170928160257
B0 0002 00 00 00 00 80 FF FF 00 FF 29.50 30.00 32.00 2896 222.75 0.10 3.50 12.00 0.03 0.09 06 20170928160257
B0 0002 00 00 00 00 80 FF FF 00 FF 29.50 30.00 32.00 2896 222.25 0.10 3.50 12.00 0.03 0.09 06 20170928160257
B0 0002 00 00 00 00 80 FF FF 00 FF 29.50 30.00 32.00 2896 222.25 0.10 3.50 12.00 0.03 0.09 06 20170928160257
B0 0002 00 00 00 00 80 FF FF 00 FF 29.50 30.00 32.00 2896 222.50 0.10 3.50 12.00 0.01 0.09 06 20170928160258
B0 0002 00 00 00 00 80 FF FF 00 FF 29.50 30.00 32.00 2896 222.75 0.10 3.50 12.00 0.03 0.09 06 20170928160258
B0 0002 00 00 00 00 80 FF FF 00 FF 29.50 30.00 32.00 2896 222.50 0.10 3.50 12.00 0.03 0.09 06 20170928160258
B0 0002 00 00 00 00 80 FF FF 00 FF 29.50 30.00 32.00 2896 222.25 0.10 3.50 12.00 0.03 0.38 06 20170928160258
B0 0002 00 00 00 00 80 FF FF 00 FF 29.50 30.00 32.00 2896 222.25 0.10 3.50 12.00 0.01 0.09 06 20170928160258
B0 0002 00 00 00 00 80 FF FF 00 FF 29.50 30.00 32.00 2896 222.00 0.10 3.50 12.00 0.03 0.38 06 20170928160258
B0 0002 00 00 00 00 80 FF FF 00 FF 29.50 30.00 32.00 2896 222.00 0.10 3.50 12.00 0.03 0.38 06 20170928160259
B0 0002 00 00 00 00 80 FF FF 00 FF 29.50 30.00 32.00 2896 222.25 0.10 3.50 12.00 0.03 0.09 06 20170928160259
B0 0002 00 00 00 00 80 FF FF 00 FF 29.50 30.00 32.00 2896 222.25 0.10 3.50 12.00 0.01 0.38 06 20170928160259
B0 0002 00 00 00 00 80 FF FF 00 FF 29.50 30.00 32.00 2896 222.00 0.10 3.50 12.00 0.01 0.09 06 20170928160259
B0 0002 00 00 00 00 80 FF FF 00 FF 29.50 30.00 32.00 2896 222.25 0.10 3.50 12.00 0.01 0.38 06 20170928160259
B0 0002 00 00 00 00 80 FF FF 00 FF 29.50 30.00 32.00 2896 222.50 0.10 3.50 12.00 0.01 0.09 06 20170928160300
B0 0002 00 00 00 00 80 FF FF 00 FF 29.50 30.00 32.00 2896 222.25 0.10 3.50 12.00 0.01 0.09 06 20170928160300
B0 0002 00 00 00 00 80 FF FF 00 FF 29.50 30.00 32.00 2896 222.50 0.10 3.50 12.00 0.03 0.38 06 20170928160300
B0 0002 00 00 00 00 80 FF FF 00 FF 29.50 30.00 32.00 2896 222.25 0.10 3.50 12.00 0.03 0.38 06 20170928160300
B0 0002 00 00 00 00 80 FF FF 00 FF 29.50 30.00 32.00 2896 222.50 0.10 3.50 12.00 0.03 0.09 06 20170928160300
B0 0002 00 00 00 00 80 FF FF 00 FF 29.50 30.00 32.00 2896 222.25 0.10 3.50 12.00 0.03 0.09 06 20170928160301
B0 0002 00 00 00 00 80 FF FF 00 FF 29.50 30.00 32.00 2896 222.50 0.10 3.50 12.00 0.03 0.09 06 20170928160301
B0 0002 00 00 00 00 80 FF FF 00 FF 29.50 30.00 32.00 2896 222.50 0.10 3.50 12.00 0.01 0.38 06 20170928160301
B0 0002 00 00 00 00 80 FF FF 00 FF 29.50 30.00 32.00 2896 222.25 0.10 3.50 12.00 0.03 0.38 06 20170928160301
B0 0002 00 00 00 00 80 FF FF 00 FF 29.50 30.00 32.00 2896 222.50 0.10 3.50 12.00 0.01 0.38 06 20170928160301
B0 0002 00 00 00 00 80 FF FF 00 FF 29.50 30.00 32.00 2896 222.25 0.10 3.50 12.00 0.03 0.38 06 20170928160301
B0 0002 00 00 00 00 80 FF FF 00 FF 29.50 30.00 32.00 2896 222.25 0.10 3.50 12.00 0.01 0.38 06 20170928160302
B0 0002 00 00 00 00 80 FF FF 00 FF 29.50 30.00 32.00 2896 222.75 0.10 3.50 12.00 0.03 0.09 06 20170928160302
B0 0002 00 00 00 00 80 FF FF 00 FF 29.50 30.00 32.00 2896 222.50 0.10 3.50 12.00 0.03 0.38 06 20170928160302
B0 0002 00 00 00 00 80 FF FF 00 FF 29.50 30.00 32.00 2896 222.25 0.10 3.50 12.00 0.01 0.38 06 20170928160302
B0 0002 00 00 00 00 80 FF FF 00 FF 29.50 30.00 32.00 2896 222.25 0.10 3.50 12.00 0.03 0.09 06 20170928160302
B0 0002 00 00 00 00 80 FF FF 00 FF 29.50 30.00 32.00 2896 222.25 0.10 3.50 12.00 0.01 0.09 06 20170928160303
B0 0002 00 00 00 00 80 FF FF 00 FF 29.50 30.00 32.00 2896 222.75 0.10 3.50 12.00 0.01 0.09 06 20170928160303
B0 0002 00 00 00 00 80 FF FF 00 FF 29.50 30.00 32.00 2896 222.50 0.10 3.50 12.00 0.03 0.09 06 20170928160303
B0 0002 00 00 00 00 80 FF FF 00 FF 29.50 30.00 32.00 2896 222.25 0.10 3.50 12.00 0.01 0.38 06 20170928160303
B0 0002 00 00 00 00 80 FF FF 00 FF 29.50 30.00 32.00 2896 222.25 0.10 3.50 12.00 0.01 0.38 06 20170928160303
B0 0002 00 00 00 00 80 FF FF 00 FF 29.50 30.00 32.00 2896 222.25 0.10 3.50 12.00 0.01 0.38 06 20170928160303
B0 0002 00 00 00 00 80 FF FF 00 FF 29.50 30.00 32.00 2896 222.75 0.10 3.50 12.00 0.03 0.09 06 20170928160304
B0 0002 00 00 00 00 80 FF FF 00 FF 29.50 30.00 32.00 2896 222.75 0.10 3.50 12.00 0.01 0.38 06 20170928160304
B0 0002 00 00 00 00 80 FF FF 00 FF 29.50 30.00 32.00 2896 222.75 0.10 3.50 12.00 0.01 0.38 06 20170928160304
B0 0002 00 00 00 00 80 FF FF 00 FF 29.50 30.00 32.00 2896 222.00 0.10 3.50 12.00 0.03 0.09 06 20170928160304
B0 0002 00 00 00 00 80 FF FF 00 FF 29.50 30.00 32.00 2896 222.25 0.10 3.50 12.00 0.01 0.38 06 20170928160304
B0 0002 00 00 00 00 80 FF FF 00 FF 29.50 30.00 32.00 2896 222.50 0.10 3.50 12.00 0.01 0.09 06 20170928160305
B0 0002 00 00 00 00 80 FF FF 00 FF 29.50 30.00 32.00 2896 222.50 0.10 3.50 12.00 0.01 0.38 06 20170928160305
B0 0002 00 00 00 00 80 FF FF 00 FF 29.50 30.00 32.00 2896 222.50 0.10 3.50 12.00 0.01 0.09 06 20170928160305
B0 0002 00 00 00 00 80 FF FF 00 FF 29.50 30.00 32.00 2896 222.50 0.10 3.50 12.00 0.01 0.09 06 20170928160305
B0 0002 00 00 00 00 80 FF FF 00 FF 29.50 30.00 32.00 2896 222.25 0.10 3.50 12.00 0.01 0.09 06 20170928160305
B0 0002 00 00 00 00 80 FF FF 00 FF 29.50 30.00 32.00 2896 222.25 0.10 3.50 12.00 0.03 0.09 06 20170928160305
B0 0002 00 00 00 00 80 FF FF 00 FF 29.50 30.00 32.00 2896 222.50 0.10 3.50 12.00 0.03 0.09 06 20170928160306
B0 0002 00 00 00 00 80 FF FF 00 FF 29.50 30.00 32.00 2896 222.50 0.10 3.50 12.00 0.01 0.38 06 20170928160306
B0 0002 00 00 00 00 80 FF FF 00 FF 29.50 30.00 32.00 2896 222.50 0.10 3.50 12.00 0.03 0.09 06 20170928160306
B0 0002 00 00 00 00 80 FF FF 00 FF 29.50 30.00 32.00 2896 222.25 0.10 3.50 12.00 0.03 0.09 06 20170928160306
B0 0002 00 00 00 00 80 FF FF 00 FF 29.50 30.00 32.00 2896 222.00 0.10 3.50 12.00 0.03 0.09 06 20170928160306
B0 0002 00 00 00 00 80 FF FF 00 FF 29.50 30.00 32.00 2896 222.25 0.10 3.50 12.00 0.03 0.38 06 20170928160307
B0 0002 00 00 00 00 80 FF FF 00 FF 29.50 30.00 32.00 2896 222.25 0.10 3.50 12.00 0.03 0.38 06 20170928160307
B0 0002 00 00 00 00 80 FF FF 00 FF 29.50 30.00 32.00 2896 222.50 0.10 3.50 12.00 0.03 0.38 06 20170928160307
B0 0002 00 00 00 00 80 FF FF 00 FF 29.50 30.00 32.00 2896 222.25 0.10 3.50 12.00 0.03 0.09 06 20170928160307
B0 0002 00 00 00 00 80 FF FF 00 FF 29.50 30.00 32.00 2896 222.25 0.10 3.50 12.00 0.03 0.09 06 20170928160307
B0 0002 00 00 00 00 80 FF FF 00 FF 29.50 30.00 32.00 2896 222.75 0.10 3.50 12.00 0.01 0.09 06 20170928160308
B0 0002 00 00 00 00 80 FF FF 00 FF 29.50 30.00 32.00 2896 222.50 0.10 3.50 12.00 0.01 0.09 06 20170928160308
B0 0002 00 00 00 00 80 FF FF 00 FF 29.50 30.00 32.00 2896 222.50 0.10 3.50 12.00 0.01 0.09 06 20170928160308
B0 0002 00 00 00 00 80 FF FF 00 FF 29.50 30.00 32.00 2896 222.50 0.10 3.50 12.00 0.03 0.38 06 20170928160308
B0 0002 00 00 00 00 80 FF FF 00 FF 29.50 30.00 32.00 2896 222.25 0.10 3.50 12.00 0.01 0.38 06 20170928160308
B0 0002 00 00 00 00 80 FF FF 00 FF 29.50 30.00 32.00 2896 222.25 0.10 3.50 12.00 0.03 0.38 06 20170928160308
B0 0002 00 00 00 00 80 FF FF 00 FF 29.50 30.00 32.00 2896 222.25 0.10 3.50 12.00 0.01 0.09 06 20170928160309
B0 0002 00 00 00 00 80 FF FF 00 FF 29.50 30.00 32.00 2896 222.50 0.10 3.50 12.00 0.03 0.38 06 20170928160309
B0 0002 00 00 00 00 80 FF FF 00 FF 29.50 30.00 32.00 2896 222.50 0.10 3.50 12.00 0.01 0.09 06 20170928160309
B0 0002 00 00 00 00 80 FF FF 00 FF 29.50 30.00 32.00 2896 222.25 0.10 3.50 12.00 0.01 0.38 06 20170928160309
B0 0002 00 00 00 00 80 FF FF 00 FF 29.50 30.00 32.00 2896 222.00 0.10 3.50 12.00 0.01 0.09 06 20170928160309
B0 0002 00 00 00 00 80 FF FF 00 FF 29.50 30.00 32.00 2896 222.25 0.10 3.50 12.00 0.01 0.38 06 20170928160310
B0 0002 00 00 00 00 80 FF FF 00 FF 29.50 30.00 32.00 2896 222.25 0.10 3.50 12.00 0.03 0.38 06 20170928160310
B0 0002 00 00 00 00 80 FF FF 00 FF 29.50 30.00 32.00 2896 222.50 0.10 3.50 12.00 0.03 0.38 06 20170928160310
B0 0002 00 00 00 00 80 FF FF 00 FF 29.50 30.00 32.00 2896 222.75 0.10 3.50 12.00 0.01 0.38 06 20170928160310
B0 0002 00 00 00 00 80 FF FF 00 FF 29.50 30.00 32.00 2896 222.25 0.10 3.50 12.00 0.01 0.38 06 20170928160310
B0 0002 00 00 00 00 80 FF FF 00 FF 29.50 30.00 32.00 2896 222.25 0.10 3.50 12.00 0.01 0.38 06 20170928160310
B0 0002 00 00 00 00 80 FF FF 00 FF 29.50 30.00 32.00 2896 222.25 0.10 3.50 12.00 0.01 0.09 06 20170928160311
B0 0002 00 00 00 00 80 FF FF 00 FF 29.50 30.00 32.00 2896 222.50 0.10 3.50 12.00 0.03 0.38 06 20170928160311
B0 0002 00 00 00 00 80 FF FF 00 FF 29.50 30.00 32.00 2896 222.25 0.10 3.50 12.00 0.01 0.09 06 20170928160311
B0 0002 00 00 00 00 80 FF FF 00 FF 29.50 30.00 32.00 2896 222.25 0.10 3.50 12.00 0.03 0.09 06 20170928160311
B0 0002 00 00 00 00 80 FF FF 00 FF 29.50 30.00 32.00 2896 222.25 0.10 3.50 12.00 0.03 0.38 06 20170928160311
B0 0002 00 00 00 00 80 FF FF 00 FF 29.50 30.00 32.00 2896 222.25 0.10 3.50 12.00 0.03 0.38 06 20170928160312
B0 0002 00 00 00 00 80 FF FF 00 FF 29.50 30.00 32.00 2896 222.50 0.10 3.50 12.00 0.03 0.38 06 20170928160312
B0 0002 00 00 00 00 80 FF FF 00 FF 29.50 30.00 32.00 2896 222.75 0.10 3.50 12.00 0.01 0.38 06 20170928160312
B0 0002 00 00 00 00 80 FF FF 00 FF 29.50 30.00 32.00 2896 222.25 0.10 3.50 12.00 0.03 0.38 06 20170928160312
B0 0002 00 00 00 00 80 FF FF 00 FF 29.50 30.00 32.00 2896 222.00 0.10 3.50 12.00 0.01 0.09 06 20170928160312
B0 0002 00 00 00 00 80 FF FF 00 FF 29.50 30.00 32.00 2896 222.25 0.10 3.50 12.00 0.01 0.09 06 20170928160312
B0 0002 00 00 00 00 80 FF FF 00 FF 29.50 30.00 32.00 2896 222.25 0.10 3.50 12.00 0.01 0.09 06 20170928160313
B0 0002 00 00 00 00 80 FF FF 00 FF 29.50 30.00 32.00 2896 222.25 0.10 3.50 12.00 0.03 0.09 06 20170928160313
B0 0002 00 00 00 00 80 FF FF 00 FF 29.50 30.00 32.00 2896 222.50 0.10 3.50 12.00 0.03 0.38 06 20170928160313
B0 0002 00 00 00 00 80 FF FF 00 FF 29.50 30.00 32.00 2896 222.25 0.10 3.50 12.00 0.03 0.38 06 20170928160313
B0 0002 00 00 00 00 80 FF FF 00 FF 29.50 30.00 32.00 2896 222.25 0.10 3.50 12.00 0.01 0.38 06 20170928160313
B0 0002 00 00 00 00 80 FF FF 00 FF 29.50 30.00 32.00 2896 222.50 0.10 3.50 12.00 0.03 0.38 06 20170928160314
B0 0002 00 00 00 00 80 FF FF 00 FF 29.50 30.00 32.00 2896 222.75 0.10 3.50 12.00 0.03 0.38 06 20170928160314
B0 0002 00 00 00 00 80 FF FF 00 FF 29.50 30.00 32.00 2896 222.75 0.10 3.50 12.00 0.03 0.38 06 20170928160314
B0 0002 00 00 00 00 80 FF FF 00 FF 29.50 30.00 32.00 2896 222.50 0.10 3.50 12.00 0.01 0.09 06 20170928160314
B0 0002 00 00 00 00 80 FF FF 00 FF 29.50 30.00 32.00 2896 222.00 0.10 3.50 12.00 0.03 0.38 06 20170928160314
B0 0002 00 00 00 00 80 FF FF 00 FF 29.50 30.00 32.00 2896 222.25 0.10 3.50 12.00 0.03 0.38 06 20170928160315
B0 0002 00 00 00 00 80 FF FF 00 FF 29.50 30.00 32.00 2896 222.75 0.10 3.50 12.00 0.01 0.38 06 20170928160315
B0 0002 00 00 00 00 80 FF FF 00 FF 29.50 30.00 32.00 2896 222.25 0.10 3.50 12.00 0.01 0.38 06 20170928160315
B0 0002 00 00 00 00 80 FF FF 00 FF 29.50 30.00 32.00 2896 222.50 0.10 3.50 12.00 0.03 0.38 06 20170928160315
B0 0002 00 00 00 00 80 FF FF 00 FF 29.50 30.00 32.00 2896 222.25 0.10 3.50 12.00 0.03 0.09 06 20170928160315
B0 0002 00 00 00 00 80 FF FF 00 FF 29.50 30.00 32.00 2896 222.50 0.10 3.50 12.00 0.01 0.09 06 20170928160315
B0 0002 00 00 00 00 80 FF FF 00 FF 29.50 30.00 32.00 2896 222.50 0.10 3.50 12.00 0.03 0.09 06 20170928160316
B0 0002 00 00 00 00 80 FF FF 00 FF 29.50 30.00 32.00 2896 222.75 0.10 3.50 12.00 0.03 0.38 06 20170928160316
B0 0002 00 00 00 00 80 FF FF 00 FF 29.50 30.00 32.00 2896 222.75 0.10 3.50 12.00 0.01 0.38 06 20170928160316
B0 0002 00 00 00 00 80 FF FF 00 FF 29.50 30.00 32.00 2896 222.50 0.10 3.50 12.00 0.01 0.38 06 20170928160316
B0 0002 00 00 00 00 80 FF FF 00 FF 29.50 30.00 32.00 2896 222.25 0.10 3.50 12.00 0.03 0.38 06 20170928160316
B0 0002 00 00 00 00 80 FF FF 00 FF 29.50 30.00 32.00 2896 222.50 0.10 3.50 12.00 0.03 0.38 06 20170928160317
B0 0002 00 00 00 00 80 FF FF 00 FF 29.50 30.00 32.00 2896 222.75 0.10 3.50 12.00 0.03 0.38 06 20170928160317
B0 0002 00 00 00 00 80 FF FF 00 FF 29.50 30.00 32.00 2896 222.50 0.10 3.50 12.00 0.01 0.09 06 20170928160317
B0 0002 00 00 00 00 80 FF FF 00 FF 29.50 30.00 32.00 2896 222.50 0.10 3.50 12.00 0.01 0.09 06 20170928160317
B0 0002 00 00 00 00 80 FF FF 00 FF 29.50 30.00 32.00 2896 222.50 0.10 3.50 12.00 0.03 0.38 06 20170928160317
B0 0002 00 00 00 00 80 FF FF 00 FF 29.50 30.00 32.00 2896 222.50 0.10 3.50 12.00 0.03 0.09 06 20170928160317
B0 0002 00 00 00 00 80 FF FF 00 FF 29.50 30.00 32.00 2896 223.00 0.10 3.50 12.00 0.01 0.38 06 20170928160318
B0 0002 00 00 00 00 80 FF FF 00 FF 29.50 30.00 32.00 2896 222.50 0.10 3.50 12.00 0.03 0.09 06 20170928160318
B0 0002 00 00 00 00 80 FF FF 00 FF 29.50 30.00 32.00 2896 222.75 0.10 3.50 12.00 0.01 0.38 06 20170928160318
B0 0002 00 00 00 00 80 FF FF 00 FF 29.50 30.00 32.00 2896 222.75 0.10 3.50 12.00 0.03 0.38 06 20170928160318
B0 0002 00 00 00 00 80 FF FF 00 FF 29.50 30.00 32.00 2896 222.25 0.10 3.50 12.00 0.01 0.09 06 20170928160318
B0 0002 00 00 00 00 80 FF FF 00 FF 29.50 30.00 32.00 2896 222.25 0.10 3.50 12.00 0.01 0.09 06 20170928160319
B0 0002 00 00 00 00 80 FF FF 00 FF 29.50 30.00 32.00 2896 222.50 0.10 3.50 12.00 0.03 0.38 06 20170928160319
B0 0002 00 00 00 00 80 FF FF 00 FF 29.50 30.00 32.00 2896 222.50 0.10 3.50 12.00 0.03 0.38 06 20170928160319
B0 0002 00 00 00 00 80 FF FF 00 FF 29.50 30.00 32.00 2896 222.50 0.10 3.50 12.00 0.03 0.38 06 20170928160319
B0 0002 00 00 00 00 80 FF FF 00 FF 29.50 30.00 32.00 2896 222.50 0.10 3.50 12.00 0.01 0.09 06 20170928160319
B0 0002 00 00 00 00 80 FF FF 00 FF 29.50 30.00 32.00 2896 222.50 0.10 3.50 12.00 0.01 0.09 06 20170928160319
B0 0002 00 00 00 00 80 FF FF 00 FF 29.50 30.00 32.00 2896 222.50 0.10 3.50 12.00 0.03 0.09 06 20170928160320
B0 0002 00 00 00 00 80 FF FF 00 FF 29.50 30.00 32.00 2896 222.75 0.10 3.50 12.00 0.03 0.38 06 20170928160320
B0 0002 00 00 00 00 80 FF FF 00 FF 29.50 30.00 32.00 2896 222.75 0.10 3.50 12.00 0.03 0.09 06 20170928160320
B0 0002 00 00 00 00 80 FF FF 00 FF 29.50 30.00 32.00 2896 222.50 0.10 3.50 12.00 0.01 0.09 06 20170928160320
B0 0002 00 00 00 00 80 FF FF 00 FF 29.50 30.00 32.00 2896 222.50 0.10 3.50 12.00 0.01 0.09 06 20170928160320
B0 0002 00 00 00 00 80 FF FF 00 FF 29.50 30.00 32.00 2896 222.50 0.10 3.50 12.00 0.01 0.38 06 20170928160321
B0 0002 00 00 00 00 80 FF FF 00 FF 29.50 30.00 32.00 2896 222.50 0.10 3.50 12.00 0.03 0.09 06 20170928160321
B0 0002 00 00 00 00 80 FF FF 00 FF 29.50 30.00 32.00 2896 222.50 0.10 3.50 12.00 0.03 0.38 06 20170928160321
B0 0002 00 00 00 00 80 FF FF 00 FF 29.50 30.00 32.00 2896 222.50 0.10 3.50 12.00 0.03 0.38 06 20170928160321
B0 0002 00 00 00 00 80 FF FF 00 FF 29.50 30.00 32.00 2896 222.50 0.10 3.50 12.00 0.03 0.38 06 20170928160321
B0 0002 00 00 00 00 80 FF FF 00 FF 29.50 30.00 32.00 2896 222.50 0.10 3.50 12.00 0.03 0.09 06 20170928160321
B0 0002 00 00 00 00 80 FF FF 00 FF 29.50 30.00 32.00 2896 222.75 0.10 3.50 12.00 0.03 0.09 06 20170928160322
B0 0002 00 00 00 00 80 FF FF 00 FF 29.50 30.00 32.00 2896 222.75 0.10 3.50 12.00 0.01 0.38 06 20170928160322
B0 0002 00 00 00 00 80 FF FF 00 FF 29.50 30.00 32.00 2896 222.75 0.10 3.50 12.00 0.03 0.09 06 20170928160322
B0 0002 00 00 00 00 80 FF FF 00 FF 29.50 30.00 32.00 2896 222.50 0.10 3.50 12.00 0.01 0.09 06 20170928160322
B0 0002 00 00 00 00 80 FF FF 00 FF 29.50 30.00 32.00 2896 222.25 0.10 3.50 12.00 0.01 0.38 06 20170928160322
B0 0002 00 00 00 00 80 FF FF 00 FF 29.50 30.50 32.00 2896 222.50 0.10 3.50 12.00 0.01 0.38 06 20170928160323
B0 0002 00 00 00 00 80 FF FF 00 FF 29.50 30.00 32.00 2896 222.75 0.10 3.50 12.00 0.03 0.38 06 20170928160323
B0 0002 00 00 00 00 80 FF FF 00 FF 29.50 30.00 32.00 2896 223.00 0.10 3.50 12.00 0.01 0.09 06 20170928160323
B0 0002 00 00 00 00 80 FF FF 00 FF 29.50 30.00 32.00 2880 222.50 0.10 3.50 12.00 0.03 0.38 06 20170928160323
B0 0002 00 00 00 00 80 FF FF 00 FF 29.50 30.00 32.00 2896 222.75 0.10 3.50 12.00 0.03 0.09 06 20170928160323
B0 0002 00 00 00 00 80 FF FF 00 FF 29.50 30.00 32.00 2896 222.75 0.10 3.50 12.00 0.03 0.38 06 20170928160324
B0 0002 00 00 00 00 80 FF FF 00 FF 29.50 30.00 32.00 2896 223.00 0.10 3.50 12.00 0.03 0.38 06 20170928160324
B0 0002 00 00 00 00 80 FF FF 00 FF 29.50 30.00 32.00 2896 222.75 0.10 3.50 12.00 0.03 0.09 06 20170928160324
B0 0002 00 00 00 00 80 FF FF 00 FF 29.50 30.00 32.00 2896 222.75 0.10 3.50 12.00 0.03 0.09 06 20170928160324
B0 0002 00 00 00 00 80 FF FF 00 FF 29.50 30.00 32.00 2880 222.75 0.10 3.50 12.00 0.01 0.38 06 20170928160324
B0 0002 00 00 00 00 80 FF FF 00 FF 29.50 30.00 32.00 2880 222.75 0.10 3.50 12.00 0.03 0.38 06 20170928160324
B0 0002 00 00 00 00 80 FF FF 00 FF 29.50 30.00 32.00 2896 222.75 0.10 3.50 12.00 0.03 0.09 06 20170928160325
B0 0002 00 00 00 00 80 FF FF 00 FF 29.50 30.00 32.00 2880 222.75 0.10 3.50 12.00 0.03 0.09 06 20170928160325
B0 0002 00 00 00 00 80 FF FF 00 FF 29.50 30.00 32.00 2880 222.75 0.10 3.50 12.00 0.03 0.38 06 20170928160325
B0 0002 00 00 00 00 80 FF FF 00 FF 29.50 30.00 32.00 2880 222.50 0.10 3.50 12.00 0.01 0.09 06 20170928160325
B0 0002 00 00 00 00 80 FF FF 00 FF 29.50 30.00 32.00 2880 222.50 0.10 3.50 12.00 0.01 0.09 06 20170928160325
B0 0002 00 00 00 00 80 FF FF 00 FF 29.50 30.00 32.00 2896 222.75 0.10 3.50 12.00 0.01 0.38 06 20170928160326
B0 0002 00 00 00 00 80 FF FF 00 FF 29.50 30.00 32.00 2880 222.75 0.10 3.50 12.00 0.03 0.38 06 20170928160326
B0 0002 00 00 00 00 80 FF FF 00 FF 29.50 30.00 32.00 2880 223.00 0.10 3.50 12.00 0.01 0.38 06 20170928160326
B0 0002 00 00 00 00 80 FF FF 00 FF 29.50 30.00 32.00 2896 223.00 0.10 3.50 12.00 0.03 0.09 06 20170928160326
B0 0002 00 00 00 00 80 FF FF 00 FF 29.50 30.00 32.00 2896 222.75 0.10 3.50 12.00 0.01 0.38 06 20170928160326
B0 0002 00 00 00 00 80 FF FF 00 FF 29.50 30.00 32.00 2896 222.50 0.10 3.50 12.00 0.03 0.38 06 20170928160326
B0 0002 00 00 00 00 80 FF FF 00 FF 29.50 30.00 32.00 2896 222.75 0.10 3.50 12.00 0.03 0.09 06 20170928160327
B0 0002 00 00 00 00 80 FF FF 00 FF 29.50 30.00 32.00 2880 222.50 0.10 3.50 12.00 0.03 0.09 06 20170928160327
B0 0002 00 00 00 00 80 FF FF 00 FF 29.50 30.00 32.00 2896 222.25 0.10 3.50 12.00 0.01 0.38 06 20170928160327
B0 0002 00 00 00 00 80 FF FF 00 FF 29.50 30.50 32.00 2896 222.25 0.10 3.50 12.00 0.01 0.09 06 20170928160327
B0 0002 00 00 00 00 80 FF FF 00 FF 29.50 30.00 32.00 2896 222.50 0.10 3.50 12.00 0.03 0.09 06 20170928160327
B0 0002 00 00 00 00 80 FF FF 00 FF 29.50 30.00 32.00 2896 222.50 0.10 3.50 12.00 0.01 0.09 06 20170928160328
B0 0002 00 00 00 00 80 FF FF 00 FF 29.50 30.50 32.00 2896 222.50 0.10 3.50 12.00 0.03 0.38 06 20170928160328
B0 0002 00 00 00 00 80 FF FF 00 FF 29.50 30.00 32.00 2896 222.75 0.10 3.50 12.00 0.03 0.38 06 20170928160328
B0 0002 00 00 00 00 80 FF FF 00 FF 29.50 30.00 32.00 2896 222.75 0.10 3.50 12.00 0.03 0.09 06 20170928160328
B0 0002 00 00 00 00 80 FF FF 00 FF 29.50 30.00 32.00 2896 222.25 0.10 3.50 12.00 0.01 0.38 06 20170928160328
B0 0002 00 00 00 00 80 FF FF 00 FF 29.50 30.00 32.00 2896 222.25 0.10 3.50 12.00 0.03 0.09 06 20170928160328
B0 0002 00 00 00 00 80 FF FF 00 FF 29.50 30.00 32.00 2896 222.50 0.10 3.50 12.00 0.01 0.38 06 20170928160329
B0 0002 00 00 00 00 80 FF FF 00 FF 29.50 30.00 32.00 2896 222.25 0.10 3.50 12.00 0.03 0.38 06 20170928160329
B0 0002 00 00 00 00 80 FF FF 00 FF 29.50 30.00 32.00 2896 222.50 0.10 3.50 12.00 0.01 0.38 06 20170928160329
B0 0002 00 00 00 00 80 FF FF 00 FF 29.50 30.00 32.00 2896 222.50 0.10 3.50 12.00 0.03 0.38 06 20170928160329
B0 0002 00 00 00 00 80 FF FF 00 FF 29.50 30.00 32.00 2896 222.75 0.10 3.50 12.00 0.01 0.09 06 20170928160329
B0 0002 00 00 00 00 80 FF FF 00 FF 29.50 30.00 32.00 2896 222.75 0.10 3.50 12.00 0.01 0.09 06 20170928160330
B0 0002 00 00 00 00 80 FF FF 00 FF 29.50 30.00 32.00 2896 222.75 0.10 3.50 12.00 0.03 0.38 06 20170928160330
B0 0002 00 00 00 00 80 FF FF 00 FF 29.50 30.00 32.00 2896 223.00 0.10 3.50 12.00 0.03 0.38 06 20170928160330
B0 0002 00 00 00 00 80 FF FF 00 FF 29.50 30.00 32.00 2896 222.25 0.10 3.50 12.00 0.03 0.09 06 20170928160330
B0 0002 00 00 00 00 80 FF FF 00 FF 29.50 30.00 32.00 2896 222.50 0.10 3.50 12.00 0.03 0.38 06 20170928160330
B0 0002 00 00 00 00 80 FF FF 00 FF 29.50 30.00 32.00 2896 222.50 0.10 3.50 12.00 0.01 0.38 06 20170928160331
B0 0002 00 00 00 00 80 FF FF 00 FF 29.50 30.00 32.00 2896 222.50 0.10 3.50 12.00 0.01 0.38 06 20170928160331
B0 0002 00 00 00 00 80 FF FF 00 FF 29.50 30.00 32.00 2896 222.50 0.10 3.50 12.00 0.03 0.38 06 20170928160331
B0 0002 00 00 00 00 80 FF FF 00 FF 29.50 30.00 32.00 2896 222.50 0.10 3.50 12.00 0.03 0.09 06 20170928160331
B0 0002 00 00 00 00 80 FF FF 00 FF 29.50 30.00 32.00 2896 222.25 0.10 3.50 12.00 0.03 0.09 06 20170928160331
B0 0002 00 00 00 00 80 FF FF 00 FF 29.50 30.00 32.00 2896 222.00 0.10 3.50 12.00 0.03 0.09 06 20170928160331
B0 0002 00 00 00 00 80 FF FF 00 FF 29.50 30.00 32.00 2896 222.50 0.10 3.50 12.00 0.03 0.09 06 20170928160332
B0 0002 00 00 00 00 80 FF FF 00 FF 29.50 30.50 32.00 2896 222.75 0.10 3.50 12.00 0.01 0.09 06 20170928160332
B0 0002 00 00 00 00 80 FF FF 00 FF 29.50 30.00 32.00 2896 222.75 0.10 3.50 12.00 0.03 0.09 06 20170928160332
B0 0002 00 00 00 00 80 FF FF 00 FF 29.50 30.00 32.00 2896 222.50 0.10 3.50 12.00 0.01 0.38 06 20170928160332
B0 0002 00 00 00 00 80 FF FF 00 FF 29.50 30.00 32.00 2896 222.25 0.10 3.50 12.00 0.01 0.38 06 20170928160332
B0 0002 00 00 00 00 80 FF FF 00 FF 29.50 30.00 32.00 2896 222.50 0.10 3.50 12.00 0.03 0.09 06 20170928160333
B0 0002 00 00 00 00 80 FF FF 00 FF 29.50 30.00 32.00 2896 222.75 0.10 3.50 12.00 0.03 0.09 06 20170928160333
B0 0002 00 00 00 00 80 FF FF 00 FF 29.50 30.00 32.00 2896 222.75 0.10 3.50 12.00 0.01 0.09 06 20170928160333
B0 0002 00 00 00 00 80 FF FF 00 FF 29.50 30.00 32.00 2896 222.50 0.10 3.50 12.00 0.01 0.38 06 20170928160333
B0 0002 00 00 00 00 80 FF FF 00 FF 29.50 30.00 32.00 2896 222.25 0.10 3.50 12.00 0.01 0.09 06 20170928160333
B0 0002 00 00 00 00 80 FF FF 00 FF 29.50 30.00 32.00 2896 222.50 0.10 3.50 12.00 0.03 0.09 06 20170928160333
B0 0002 00 00 00 00 80 FF FF 00 FF 29.50 30.00 32.00 2896 222.50 0.10 3.50 12.00 0.01 0.38 06 20170928160334
B0 0002 00 00 00 00 80 FF FF 00 FF 29.50 30.00 32.00 2896 222.50 0.10 3.50 12.00 0.03 0.38 06 20170928160334
B0 0002 00 00 00 00 80 FF FF 00 FF 29.50 30.00 32.00 2896 222.75 0.10 3.50 12.00 0.03 0.09 06 20170928160334
B0 0002 00 00 00 00 80 FF FF 00 FF 29.50 30.00 32.00 2896 222.50 0.10 3.50 12.00 0.01 0.38 06 20170928160334
B0 0002 00 00 00 00 80 FF FF 00 FF 29.50 30.00 32.00 2896 222.25 0.10 3.50 12.00 0.01 0.09 06 20170928160334
B0 0002 00 00 00 00 80 FF FF 00 FF 29.50 30.00 32.00 2896 222.50 0.10 3.50 12.00 0.01 0.09 06 20170928160335
B0 0002 00 00 00 00 80 FF FF 00 FF 29.50 30.00 32.00 2896 222.75 0.10 3.50 12.00 0.03 0.09 06 20170928160335
B0 0002 00 00 00 00 80 FF FF 00 FF 29.50 30.00 32.00 2896 222.25 0.10 3.50 12.00 0.03 0.38 06 20170928160335
B0 0002 00 00 00 00 80 FF FF 00 FF 29.50 30.00 32.00 2896 222.25 0.10 3.50 12.00 0.01 0.38 06 20170928160335
B0 0002 00 00 00 00 80 FF FF 00 FF 29.50 30.00 32.00 2896 222.25 0.10 3.50 12.00 0.01 0.09 06 20170928160335
B0 0002 00 00 00 00 80 FF FF 00 FF 29.50 30.00 32.00 2896 222.50 0.10 3.50 12.00 0.03 0.38 06 20170928160335
B0 0002 00 00 00 00 80 FF FF 00 FF 29.50 30.00 32.00 2896 222.50 0.10 3.50 12.00 0.01 0.09 06 20170928160336
B0 0002 00 00 00 00 80 FF FF 00 FF 29.50 30.00 32.00 2896 222.75 0.10 3.50 12.00 0.01 0.38 06 20170928160336
B0 0002 00 00 00 00 80 FF FF 00 FF 29.50 30.00 32.00 2896 222.75 0.10 3.50 12.00 0.01 0.38 06 20170928160336
B0 0002 00 00 00 00 80 FF FF 00 FF 29.50 30.00 32.00 2896 222.25 0.10 3.50 12.00 0.01 0.38 06 20170928160336
B0 0002 00 00 00 00 80 FF FF 00 FF 29.50 30.00 32.00 2896 222.25 0.10 3.50 12.00 0.03 0.09 06 20170928160336
B0 0002 00 00 00 00 80 FF FF 00 FF 29.50 30.00 32.00 2896 222.75 0.10 3.50 12.00 0.03 0.09 06 20170928160337
B0 0002 00 00 00 00 80 FF FF 00 FF 29.50 30.00 32.00 2896 222.50 0.10 3.50 12.00 0.01 0.38 06 20170928160337
B0 0002 00 00 00 00 80 FF FF 00 FF 29.50 30.00 32.00 2896 222.50 0.10 3.50 12.00 0.03 0.38 06 20170928160337
B0 0002 00 00 00 00 80 FF FF 00 FF 29.50 30.00 32.00 2896 222.50 0.10 3.50 12.00 0.01 0.38 06 20170928160337
B0 0002 00 00 00 00 80 FF FF 00 FF 29.50 30.00 32.00 2896 222.50 0.10 3.50 12.00 0.03 0.09 06 20170928160337
B0 0002 00 00 00 00 80 FF FF 00 FF 29.50 30.00 32.00 2896 222.50 0.10 3.50 12.00 0.03 0.38 06 20170928160337
B0 0002 00 00 00 00 80 FF FF 00 FF 29.50 30.00 32.00 2896 222.25 0.10 3.50 12.00 0.01 0.09 06 20170928160338
B0 0002 00 00 00 00 80 FF FF 00 FF 29.50 30.00 32.00 2896 222.25 0.10 3.50 12.00 0.03 0.09 06 20170928160338
B0 0002 00 00 00 00 80 FF FF 00 FF 29.50 30.00 32.00 2896 223.00 0.10 3.50 12.00 0.03 0.09 06 20170928160338
B0 0002 00 00 00 00 80 FF FF 00 FF 29.50 30.00 32.00 2896 222.25 0.10 3.50 12.00 0.03 0.38 06 20170928160338
B0 0002 00 00 00 00 80 FF FF 00 FF 29.50 30.00 32.00 2896 222.25 0.10 3.50 12.00 0.03 0.09 06 20170928160338
B0 0002 00 00 00 00 80 FF FF 00 FF 29.50 30.00 32.00 2896 222.50 0.10 3.50 12.00 0.03 0.38 06 20170928160339
B0 0002 00 00 00 00 80 FF FF 00 FF 29.50 30.00 32.00 2896 222.50 0.10 3.50 12.00 0.03 0.09 06 20170928160339
B0 0002 00 00 00 00 80 FF FF 00 FF 29.50 30.00 32.00 2896 222.25 0.10 3.50 12.00 0.03 0.38 06 20170928160339
B0 0002 00 00 00 00 80 FF FF 00 FF 29.50 30.00 32.00 2896 222.25 0.10 3.50 12.00 0.03 0.38 06 20170928160339
B0 0002 00 00 00 00 80 FF FF 00 FF 29.50 30.00 32.00 2896 222.25 0.10 3.50 12.00 0.01 0.38 06 20170928160339
B0 0002 00 00 00 00 80 FF FF 00 FF 29.50 30.00 32.00 2896 222.25 0.10 3.50 12.00 0.03 0.38 06 20170928160340
B0 0002 00 00 00 00 80 FF FF 00 FF 29.50 30.00 32.00 2896 222.75 0.10 3.50 12.00 0.03 0.38 06 20170928160340
B0 0002 00 00 00 00 80 FF FF 00 FF 29.50 30.00 32.00 2896 222.75 0.10 3.50 12.00 0.03 0.38 06 20170928160340
B0 0002 00 00 00 00 80 FF FF 00 FF 29.50 30.00 32.00 2896 222.75 0.10 3.50 12.00 0.03 0.38 06 20170928160340
B0 0002 00 00 00 00 80 FF FF 00 FF 29.50 30.00 32.00 2896 222.50 0.10 3.50 12.00 0.01 0.38 06 20170928160340
B0 0002 00 00 00 00 80 FF FF 00 FF 29.50 30.00 32.00 2896 222.50 0.10 3.50 12.00 0.01 0.09 06 20170928160340
B0 0002 00 00 00 00 80 FF FF 00 FF 29.50 30.00 32.00 2896 222.50 0.10 3.50 12.00 0.03 0.38 06 20170928160341
B0 0002 00 00 00 00 80 FF FF 00 FF 29.50 30.00 32.00 2896 222.50 0.10 3.50 12.00 0.03 0.38 06 20170928160341
B0 0002 00 00 00 00 80 FF FF 00 FF 29.50 30.00 32.00 2896 222.50 0.10 3.50 12.00 0.01 0.38 06 20170928160341
B0 0002 00 00 00 00 80 FF FF 00 FF 29.50 30.00 32.00 2896 222.25 0.10 3.50 12.00 0.03 0.38 06 20170928160341
B0 0002 00 00 00 00 80 FF FF 00 FF 29.50 30.00 32.00 2896 222.50 0.10 3.50 12.00 0.01 0.38 06 20170928160341
B0 0002 00 00 00 00 80 FF FF 00 FF 29.50 30.00 32.00 2896 222.75 0.10 3.50 12.00 0.03 0.38 06 20170928160342
B0 0002 00 00 00 00 80 FF FF 00 FF 29.50 30.00 32.00 2896 223.00 0.10 3.50 12.00 0.03 0.09 06 20170928160342
B0 0002 00 00 00 00 80 FF FF 00 FF 29.50 30.00 32.00 2896 222.75 0.10 3.50 12.00 0.01 0.38 06 20170928160342
B0 0002 00 00 00 00 80 FF FF 00 FF 29.50 30.00 32.00 2896 222.75 0.10 3.50 12.00 0.01 0.09 06 20170928160342
B0 0002 00 00 00 00 80 FF FF 00 FF 29.50 30.00 32.00 2896 222.50 0.10 3.50 12.00 0.03 0.38 06 20170928160342
B0 0002 00 00 00 00 80 FF FF 00 FF 29.50 30.00 32.00 2896 222.25 0.10 3.50 12.00 0.03 0.38 06 20170928160342
B0 0002 00 00 00 00 80 FF FF 00 FF 29.50 30.00 32.00 2896 222.50 0.10 3.50 12.00 0.01 0.38 06 20170928160343
B0 0002 00 00 00 00 80 FF FF 00 FF 29.50 30.00 32.00 2896 222.50 0.10 3.50 12.00 0.03 0.38 06 20170928160343
B0 0002 00 00 00 00 80 FF FF 00 FF 29.50 30.00 32.00 2896 222.50 0.10 3.50 12.00 0.01 0.38 06 20170928160343
B0 0002 00 00 00 00 80 FF FF 00 FF 29.50 30.00 32.00 2896 222.50 0.10 3.50 12.00 0.03 0.38 06 20170928160343
B0 0002 00 00 00 00 80 FF FF 00 FF 29.50 30.00 32.00 2896 222.25 0.10 3.50 12.00 0.03 0.09 06 20170928160343
B0 0002 00 00 00 00 80 FF FF 00 FF 29.50 30.00 32.00 2896 222.75 0.10 3.50 12.00 0.03 0.38 06 20170928160344
B0 0002 00 00 00 00 80 FF FF 00 FF 29.50 30.00 32.00 2896 222.50 0.10 3.50 12.00 0.03 0.38 06 20170928160344
B0 0002 00 00 00 00 80 FF FF 00 FF 29.50 30.00 32.00 2896 222.75 0.10 3.50 12.00 0.03 0.38 06 20170928160344
B0 0002 00 00 00 00 80 FF FF 00 FF 29.50 30.00 32.00 2896 222.75 0.10 3.50 12.00 0.03 0.38 06 20170928160344
B0 0002 00 00 00 00 80 FF FF 00 FF 29.50 30.00 32.00 2896 222.25 0.10 3.50 12.00 0.01 0.09 06 20170928160344
B0 0002 00 00 00 00 80 FF FF 00 FF 29.50 30.00 32.00 2896 222.75 0.10 3.50 12.00 0.01 0.38 06 20170928160344
B0 0002 00 00 00 00 80 FF FF 00 FF 29.50 30.00 32.00 2896 222.75 0.10 3.50 12.00 0.03 0.38 06 20170928160345
B0 0002 00 00 00 00 80 FF FF 00 FF 29.50 30.00 32.00 2896 222.50 0.10 3.50 12.00 0.03 0.38 06 20170928160345
B0 0002 00 00 00 00 80 FF FF 00 FF 29.50 30.00 32.00 2896 222.50 0.10 3.50 12.00 0.03 0.09 06 20170928160345
B0 0002 00 00 00 00 80 FF FF 00 FF 29.50 30.00 32.00 2896 222.50 0.10 3.50 12.00 0.03 0.09 06 20170928160345
B0 0002 00 00 00 00 80 FF FF 00 FF 29.50 30.00 32.00 2896 222.25 0.10 3.50 12.00 0.01 0.09 06 20170928160345
B0 0002 00 00 00 00 80 FF FF 00 FF 29.50 30.00 32.00 2896 222.25 0.10 3.50 12.00 0.03 0.09 06 20170928160346
B0 0002 00 00 00 00 80 FF FF 00 FF 29.50 30.00 32.00 2896 222.75 0.10 3.50 12.00 0.03 0.38 06 20170928160346
B0 0002 00 00 00 00 80 FF FF 00 FF 29.50 30.00 32.00 2896 222.75 0.10 3.50 12.00 0.03 0.38 06 20170928160346
B0 0002 00 00 00 00 80 FF FF 00 FF 29.50 30.00 32.00 2896 222.50 0.10 3.50 12.00 0.01 0.38 06 20170928160346
B0 0002 00 00 00 00 80 FF FF 00 FF 29.50 30.00 32.00 2896 222.50 0.10 3.50 12.00 0.03 0.38 06 20170928160346
B0 0002 00 00 00 00 80 FF FF 00 FF 29.50 30.00 32.00 2896 222.50 0.10 3.50 12.00 0.01 0.09 06 20170928160347
B0 0002 00 00 00 00 80 FF FF 00 FF 29.50 30.00 32.00 2896 222.75 0.10 3.50 12.00 0.03 0.38 06 20170928160347
B0 0002 00 00 00 00 80 FF FF 00 FF 29.50 30.00 32.00 2896 222.50 0.10 3.50 12.00 0.01 0.38 06 20170928160347
B0 0002 00 00 00 00 80 FF FF 00 FF 29.50 30.00 32.00 2896 222.75 0.10 3.50 12.00 0.01 0.38 06 20170928160347
B0 0002 00 00 00 00 80 FF FF 00 FF 29.50 30.00 32.00 2896 222.50 0.10 3.50 12.00 0.03 0.09 06 20170928160347
B0 0002 00 00 00 00 80 FF FF 00 FF 29.50 30.00 32.00 2896 222.50 0.10 3.50 12.00 0.03 0.09 06 20170928160347
B0 0002 00 00 00 00 80 FF FF 00 FF 29.50 30.00 32.00 2896 222.75 0.10 3.50 12.00 0.03 0.38 06 20170928160348
B0 0002 00 00 00 00 80 FF FF 00 FF 29.50 30.00 32.00 2896 223.00 0.10 3.50 12.00 0.01 0.38 06 20170928160348
B0 0002 00 00 00 00 80 FF FF 00 FF 29.50 30.00 32.00 2896 222.75 0.10 3.50 12.00 0.03 0.09 06 20170928160348
B0 0002 00 00 00 00 80 FF FF 00 FF 29.50 30.00 32.00 2896 222.50 0.10 3.50 12.00 0.03 0.38 06 20170928160348
B0 0002 00 00 00 00 80 FF FF 00 FF 29.50 30.00 32.00 2896 222.50 0.10 3.50 12.00 0.01 0.38 06 20170928160348
B0 0002 00 00 00 00 80 FF FF 00 FF 29.50 30.00 32.00 2896 222.75 0.10 3.50 12.00 0.03 0.09 06 20170928160349
B0 0002 00 00 00 00 80 FF FF 00 FF 29.50 30.00 32.00 2896 222.50 0.10 3.50 12.00 0.01 0.09 06 20170928160349
B0 0002 00 00 00 00 80 FF FF 00 FF 29.50 30.00 32.00 2896 222.75 0.10 3.50 12.00 0.03 0.09 06 20170928160349
B0 0002 00 00 00 00 80 FF FF 00 FF 29.50 30.00 32.00 2896 222.50 0.10 3.50 12.00 0.01 0.38 06 20170928160349
