Address 79 7A 7B 7C 7D 7E 7F 80 81 82 8D 8E 8F 90 88 89 97 8B 8C 96 86 87 Time
B0 0002 00 00 00 00 80 FF FF 00 FF 29.50 30.00 31.50 2880 222.25 0.10 3.50 12.00 0.03 0.38 3.700 0.100 20170929100101
B0 0002 00 00 00 00 80 FF FF 00 FF 29.50 30.00 31.50 2880 222.25 0.10 3.50 12.00 0.03 0.09 3.600 0.300 20170929100102
B0 0002 00 00 00 00 80 FF FF 00 FF 29.50 30.00 31.50 2880 222.00 0.10 3.50 12.00 0.03 0.38 3.700 0.300 20170929100103
B0 0002 00 00 00 00 80 FF FF 00 FF 29.50 30.00 31.50 2880 221.75 0.10 3.50 12.00 0.03 0.38 3.700 0.100 20170929100104
B0 0002 00 00 00 00 80 FF FF 00 FF 29.50 30.00 31.50 2880 222.25 0.10 3.50 12.00 0.03 0.09 3.600 0.200 20170929100105
B0 0002 00 00 00 00 80 FF FF 00 FF 29.50 30.00 31.50 2864 222.25 0.10 3.50 12.00 0.03 0.38 3.600 0.100 20170929100107
B0 0002 00 00 00 00 80 FF FF 00 FF 29.50 30.00 31.50 2864 222.25 0.10 3.50 12.00 0.03 0.09 3.600 0.100 20170929100108
B0 0002 00 00 00 00 80 FF FF 00 FF 29.50 30.00 31.50 2864 222.75 0.10 3.50 12.00 0.01 0.38 3.600 0.200 20170929100109
B0 0002 00 00 00 00 80 FF FF 00 FF 29.50 30.00 31.50 2880 222.00 0.10 3.50 12.00 0.03 0.38 3.600 0.400 20170929100110
B0 0002 00 00 00 00 80 FF FF 00 FF 29.50 30.00 31.50 2880 222.00 0.10 3.50 12.00 0.03 0.38 3.700 0.400 20170929100111
B0 0002 00 00 00 00 80 FF FF 00 FF 29.00 30.00 31.50 2880 222.25 0.10 3.50 12.00 0.03 0.38 3.700 0.200 20170929100112
B0 0002 00 00 00 00 80 FF FF 00 FF 29.50 30.00 31.50 2880 222.75 0.10 3.50 12.00 0.03 0.09 3.600 0.200 20170929100113
B0 0002 00 00 00 00 80 FF FF 00 FF 29.50 30.00 31.50 2880 222.25 0.10 3.50 12.00 0.01 0.09 3.600 0.300 20170929100115
B0 0002 00 00 00 00 80 FF FF 00 FF 29.50 30.00 31.50 2880 222.25 0.10 3.50 12.00 0.03 0.09 3.600 0.200 20170929100116
B0 0002 00 00 00 00 80 FF FF 00 FF 29.00 30.00 31.50 2880 222.50 0.10 3.50 12.00 0.03 0.38 3.700 0.300 20170929100117
B0 0002 00 00 00 00 80 FF FF 00 FF 29.50 30.00 31.50 2880 222.25 0.10 3.50 12.00 0.03 0.38 3.600 0.400 20170929100118
B0 0002 00 00 00 00 80 FF FF 00 FF 29.50 30.00 31.50 2880 222.75 0.10 3.50 12.00 0.03 0.09 3.600 0.100 20170929100119
B0 0002 00 00 00 00 80 FF FF 00 FF 29.50 30.00 31.50 2880 222.75 0.10 3.50 12.00 0.03 0.38 3.600 0.300 20170929100120
B0 0002 00 00 00 00 80 FF FF 00 FF 29.00 30.00 31.50 2880 222.25 0.10 3.50 12.00 0.03 0.38 3.700 0.100 20170929100122
B0 0002 00 00 00 00 80 FF FF 00 FF 29.00 30.00 31.50 2880 222.75 0.10 3.50 12.00 0.03 0.38 3.600 0.200 20170929100123
B0 0002 00 00 00 00 80 FF FF 00 FF 29.00 30.00 31.50 2880 222.25 0.10 3.50 12.00 0.01 0.38 3.700 0.200 20170929100124
B0 0002 00 00 00 00 80 FF FF 00 FF 29.50 30.00 31.50 2880 222.50 0.10 3.50 12.00 0.03 0.38 3.600 0.300 20170929100125
B0 0002 00 00 00 00 80 FF FF 00 FF 29.00 30.00 31.50 2880 223.00 0.10 3.50 12.00 0.01 0.38 3.600 0.300 20170929100126
B0 0002 00 00 00 00 80 FF FF 00 FF 29.00 30.00 31.50 2880 222.25 0.10 3.50 12.00 0.03 0.38 3.600 0.200 20170929100127
B0 0002 00 00 00 00 80 FF FF 00 FF 29.50 30.00 31.50 2880 222.50 0.10 3.50 12.00 0.03 0.09 3.600 0.400 20170929100128
B0 0002 00 00 00 00 80 FF FF 00 FF 29.50 30.00 31.50 2880 222.50 0.10 3.50 12.00 0.03 0.38 3.700 0.200 20170929100130
B0 0002 00 00 00 00 80 FF FF 00 FF 29.50 30.00 31.50 2880 222.50 0.10 3.50 12.00 0.03 0.38 3.600 0.200 20170929100131
B0 0002 00 00 00 00 80 FF FF 00 FF 29.00 30.00 31.50 2880 222.75 0.10 3.50 12.00 0.03 0.38 3.700 0.200 20170929100132
B0 0002 00 00 00 00 80 FF FF 00 FF 29.50 30.00 31.50 2880 222.25 0.10 3.50 12.00 0.03 0.09 3.700 0.300 20170929100133
B0 0002 00 00 00 00 80 FF FF 00 FF 29.50 30.00 31.50 2864 222.50 0.10 3.50 12.00 0.03 0.38 3.600 0.300 20170929100135
B0 0002 00 00 00 00 80 FF FF 00 FF 29.00 30.00 31.50 2880 222.75 0.10 3.50 12.00 0.03 0.38 3.700 0.300 20170929100136
B0 0002 00 00 00 00 80 FF FF 00 FF 29.50 30.00 31.50 2880 222.75 0.10 3.50 12.00 0.03 0.38 3.600 0.200 20170929100137
B0 0002 00 00 00 00 80 FF FF 00 FF 29.50 30.00 31.50 2880 222.75 0.10 3.50 12.00 0.03 0.09 3.700 0.200 20170929100138
B0 0002 00 00 00 00 80 FF FF 00 FF 29.50 30.00 31.50 2880 223.00 0.10 3.50 12.00 0.01 0.38 3.600 0.200 20170929100139
B0 0002 00 00 00 00 80 FF FF 00 FF 29.50 30.00 31.50 2880 222.75 0.10 3.50 12.00 0.03 0.38 3.600 0.100 20170929100140
B0 0002 00 00 00 00 80 FF FF 00 FF 29.50 30.00 31.50 2880 222.50 0.10 3.50 12.00 0.03 0.09 3.700 0.200 20170929100142
B0 0002 00 00 00 00 80 FF FF 00 FF 29.50 30.00 31.50 2880 222.50 0.10 3.50 12.00 0.01 0.38 3.600 0.400 20170929100143
B0 0002 00 00 00 00 80 FF FF 00 FF 29.50 30.00 31.50 2880 222.75 0.10 3.50 12.00 0.03 0.38 3.600 0.300 20170929100144
B0 0002 00 00 00 00 80 FF FF 00 FF 29.50 29.50 31.50 2880 222.75 0.10 3.50 12.00 0.03 0.09 3.700 0.200 20170929100145
B0 0002 00 00 00 00 80 FF FF 00 FF 29.00 30.00 31.50 2896 222.75 0.10 3.50 12.00 0.01 0.38 3.600 0.100 20170929100146
B0 0002 00 00 00 00 80 FF FF 00 FF 29.00 30.00 31.50 2880 222.75 0.10 3.50 12.00 0.01 0.38 3.700 0.100 20170929100147
B0 0002 00 00 00 00 80 FF FF 00 FF 29.50 30.00 31.50 2880 222.75 0.10 3.50 12.00 0.03 0.38 3.700 0.100 20170929100149
B0 0002 00 00 00 00 80 FF FF 00 FF 29.00 30.00 31.50 2880 222.75 0.10 3.50 12.00 0.01 0.09 3.700 0.200 20170929100150
B0 0002 00 00 00 00 80 FF FF 00 FF 29.00 30.00 31.50 2880 222.25 0.10 3.50 12.00 0.03 0.38 3.700 0.200 20170929100151
B0 0002 00 00 00 00 80 FF FF 00 FF 29.00 30.00 31.50 2880 223.00 0.10 3.50 12.00 0.03 0.38 3.700 0.300 20170929100152
B0 0002 00 00 00 00 80 FF FF 00 FF 29.50 30.00 31.50 2880 222.00 0.10 3.50 12.00 0.03 0.38 3.700 0.200 20170929100153
B0 0002 00 00 00 00 80 FF FF 00 FF 29.00 30.00 31.50 2880 222.25 0.10 3.50 12.00 0.03 0.38 3.600 0.200 20170929100154
B0 0002 00 00 00 00 80 FF FF 00 FF 29.00 30.00 31.50 2896 222.50 0.10 3.50 12.00 0.03 0.38 3.600 0.300 20170929100156
B0 0002 00 00 00 00 80 FF FF 00 FF 29.00 30.00 31.50 2896 222.25 0.10 3.50 12.00 0.03 0.38 3.600 0.400 20170929100157
B0 0002 00 00 00 00 80 FF FF 00 FF 29.00 30.00 31.50 2896 222.50 0.10 3.50 12.00 0.01 0.38 3.700 0.400 20170929100158
B0 0002 00 00 00 00 80 FF FF 00 FF 29.00 30.00 31.50 2880 223.00 0.10 3.50 12.00 0.01 0.38 3.600 0.200 20170929100159
B0 0002 00 00 00 00 80 FF FF 00 FF 29.00 30.00 31.50 2880 222.50 0.10 3.50 12.00 0.01 0.38 3.600 0.200 20170929100200
B0 0002 00 00 00 00 80 FF FF 00 FF 29.00 30.00 31.50 2864 223.00 0.10 3.50 12.00 0.03 0.38 3.600 0.000 20170929100202
B0 0002 00 00 00 00 80 FF FF 00 FF 29.50 30.00 31.50 2864 222.75 0.10 3.50 12.00 0.03 0.09 3.700 0.300 20170929100203
B0 0002 00 00 00 00 80 FF FF 00 FF 29.50 30.00 31.50 2880 223.00 0.10 3.50 12.00 0.01 0.38 3.600 0.300 20170929100204
B0 0002 00 00 00 00 80 FF FF 00 FF 29.00 30.00 31.50 2880 222.75 0.10 3.50 12.00 0.03 0.38 3.600 0.200 20170929100205
B0 0002 00 00 00 00 80 FF FF 00 FF 29.00 30.00 31.50 2864 222.25 0.10 3.50 12.00 0.03 0.09 3.700 0.300 20170929100206
B0 0002 00 00 00 00 80 FF FF 00 FF 29.50 30.00 31.50 2864 223.00 0.10 3.50 12.00 0.01 0.09 3.700 0.400 20170929100207
B0 0002 00 00 00 00 80 FF FF 00 FF 29.00 30.00 31.50 2880 223.00 0.10 3.50 12.00 0.03 0.38 3.700 0.100 20170929100209
B0 0002 00 00 00 00 80 FF FF 00 FF 29.00 30.00 31.50 2880 223.00 0.10 3.50 12.00 0.01 0.38 3.700 0.200 20170929100210
B0 0002 00 00 00 00 80 FF FF 00 FF 29.00 30.00 31.50 2880 223.50 0.10 3.50 12.00 0.03 0.09 3.700 0.300 20170929100211
B0 0002 00 00 00 00 80 FF FF 00 FF 29.00 30.00 31.50 2880 222.50 0.10 3.50 12.00 0.01 0.38 3.600 0.200 20170929100212
B0 0002 00 00 00 00 80 FF FF 00 FF 29.00 30.00 31.50 2880 222.50 0.10 3.50 12.00 0.01 0.38 3.600 0.100 20170929100213
B0 0002 00 00 00 00 80 FF FF 00 FF 29.00 30.00 31.50 2880 222.50 0.10 3.50 12.00 0.03 0.09 3.700 0.100 20170929100214
B0 0002 00 00 00 00 80 FF FF 00 FF 29.00 30.00 31.50 2880 222.75 0.10 3.50 12.00 0.03 0.38 3.600 0.300 20170929100215
B0 0002 00 00 00 00 80 FF FF 00 FF 29.00 30.00 31.50 2880 223.25 0.10 3.50 12.00 0.03 0.38 3.600 0.100 20170929100217
B0 0002 00 00 00 00 80 FF FF 00 FF 29.00 30.00 31.50 2880 223.00 0.10 3.50 12.00 0.03 0.09 3.700 0.200 20170929100218
B0 0002 00 00 00 00 80 FF FF 00 FF 29.00 30.00 31.50 2880 223.00 0.10 3.50 12.00 0.03 0.38 3.700 0.200 20170929100219
B0 0002 00 00 00 00 80 FF FF 00 FF 29.00 30.00 31.50 2880 223.00 0.10 3.50 12.00 0.03 0.38 3.700 0.300 20170929100220
B0 0002 00 00 00 00 80 FF FF 00 FF 29.00 30.00 31.50 2880 222.50 0.10 3.50 12.00 0.03 0.09 3.600 0.200 20170929100221
B0 0002 00 00 00 00 80 FF FF 00 FF 29.50 30.00 31.50 2880 223.00 0.10 3.50 12.00 0.01 0.38 3.600 0.000 20170929100223
B0 0002 00 00 00 00 80 FF FF 00 FF 29.00 30.00 31.50 2880 223.00 0.10 3.50 12.00 0.01 0.38 3.600 0.200 20170929100224
B0 0002 00 00 00 00 80 FF FF 00 FF 29.00 30.00 31.50 2880 222.25 0.10 3.50 12.00 0.03 0.09 3.700 0.100 20170929100225
B0 0002 00 00 00 00 80 FF FF 00 FF 29.00 30.00 31.50 2880 222.00 0.10 3.50 12.00 0.03 0.38 3.600 0.300 20170929100226
B0 0002 00 00 00 00 80 FF FF 00 FF 29.00 30.00 31.50 2896 222.50 0.10 3.50 12.00 0.03 0.38 3.600 0.300 20170929100227
B0 0002 00 00 00 00 80 FF FF 00 FF 29.00 29.50 31.50 2896 223.00 0.10 3.50 12.00 0.01 0.38 3.700 0.200 20170929100228
B0 0002 00 00 00 00 80 FF FF 00 FF 29.00 30.00 31.50 2896 223.00 0.10 3.50 12.00 0.03 0.09 3.700 0.300 20170929100229
B0 0002 00 00 00 00 80 FF FF 00 FF 29.00 30.00 31.50 2896 222.50 0.10 3.50 12.00 0.03 0.38 3.700 0.300 20170929100231
B0 0002 00 00 00 00 80 FF FF 00 FF 29.00 30.00 31.50 2896 223.00 0.10 3.50 12.00 0.01 0.38 3.700 0.300 20170929100232
B0 0002 00 00 00 00 80 FF FF 00 FF 29.00 30.00 31.50 2880 222.75 0.10 3.50 12.00 0.03 0.38 3.700 0.300 20170929100233
B0 0002 00 00 00 00 80 FF FF 00 FF 29.00 30.00 31.50 2880 222.75 0.10 3.50 12.00 0.03 0.38 3.600 0.200 20170929100234
B0 0002 00 00 00 00 80 FF FF 00 FF 29.00 30.00 31.50 2880 222.50 0.10 3.50 12.00 0.03 0.38 3.600 0.300 20170929100235
B0 0002 00 00 00 00 80 FF FF 00 FF 29.00 30.00 31.50 2864 222.50 0.10 3.50 12.00 0.03 0.09 3.700 0.200 20170929100236
B0 0002 00 00 00 00 80 FF FF 00 FF 29.50 30.00 31.50 2864 223.00 0.10 3.50 12.00 0.03 0.38 3.700 0.300 20170929100238
B0 0002 00 00 00 00 80 FF FF 00 FF 29.00 30.00 31.50 2880 223.25 0.10 3.50 12.00 0.03 0.38 3.700 0.200 20170929100239
B0 0002 00 00 00 00 80 FF FF 00 FF 29.50 30.00 31.50 2880 222.50 0.10 3.50 12.00 0.03 0.38 3.600 0.300 20170929100240
B0 0002 00 00 00 00 80 FF FF 00 FF 29.50 30.00 31.50 2864 222.00 0.10 3.50 12.00 0.03 0.38 3.700 0.200 20170929100241
B0 0002 00 00 00 00 80 FF FF 00 FF 29.50 30.00 31.50 2864 222.25 0.10 3.50 12.00 0.03 0.38 3.700 0.100 20170929100242
B0 0002 00 00 00 00 80 FF FF 00 FF 29.50 30.00 31.50 2864 222.75 0.10 3.50 12.00 0.01 0.38 3.600 0.100 20170929100243
B0 0002 00 00 00 00 80 FF FF 00 FF 29.00 30.00 31.50 2880 223.50 0.10 3.50 12.00 0.03 0.38 3.700 0.300 20170929100244
B0 0002 00 00 00 00 80 FF FF 00 FF 29.00 30.00 31.50 2896 223.00 0.10 3.50 12.00 0.03 0.38 3.700 0.200 20170929100246
B0 0002 00 00 00 00 80 FF FF 00 FF 29.00 30.00 31.50 2896 222.50 0.10 3.50 12.00 0.01 0.38 3.600 0.200 20170929100247
B0 0002 00 00 00 00 80 FF FF 00 FF 29.00 29.50 31.50 2896 222.50 0.10 3.50 12.00 0.01 0.09 3.700 0.100 20170929100248
B0 0002 00 00 00 00 80 FF FF 00 FF 29.00 30.00 31.50 2896 222.75 0.10 3.50 12.00 0.01 0.09 3.600 0.300 20170929100249
B0 0002 00 00 00 00 80 FF FF 00 FF 29.00 30.00 31.50 2896 223.00 0.10 3.50 12.00 0.03 0.09 3.700 0.200 20170929100250
B0 0002 00 00 00 00 80 FF FF 00 FF 29.00 30.00 31.50 2880 222.50 0.10 3.50 12.00 0.03 0.38 3.700 0.400 20170929100251
B0 0002 00 00 00 00 80 FF FF 00 FF 29.00 30.00 31.50 2880 222.75 0.10 3.50 12.00 0.01 0.38 3.600 0.100 20170929100252
B0 0002 00 00 00 00 80 FF FF 00 FF 29.00 30.00 31.50 2880 223.00 0.10 3.50 12.00 0.03 0.09 3.700 0.200 20170929100254
B0 0002 00 00 00 00 80 FF FF 00 FF 29.00 30.00 31.50 2880 223.50 0.10 3.50 12.00 0.01 0.09 3.600 0.200 20170929100255
B0 0002 00 00 00 00 80 FF FF 00 FF 29.00 30.00 31.50 2880 222.50 0.10 3.50 12.00 0.03 0.38 3.700 0.200 20170929100256
B0 0002 00 00 00 00 80 FF FF 00 FF 29.50 30.00 31.50 2880 222.50 0.10 3.50 12.00 0.03 0.09 3.600 0.300 20170929100257
B0 0002 00 00 00 00 80 FF FF 00 FF 29.00 30.00 31.50 2880 222.75 0.10 3.50 12.00 0.03 0.38 3.600 0.200 20170929100258
B0 0002 00 00 00 00 80 FF FF 00 FF 29.00 30.00 31.50 2880 222.50 0.10 3.50 12.00 0.03 0.09 3.600 0.300 20170929100300
B0 0002 00 00 00 00 80 FF FF 00 FF 29.00 30.00 31.50 2880 222.50 0.10 3.50 12.00 0.03 0.38 3.600 0.300 20170929100301
B0 0002 00 00 00 00 80 FF FF 00 FF 29.50 30.00 31.50 2880 222.75 0.10 3.50 12.00 0.03 0.38 3.700 0.200 20170929100302
B0 0002 00 00 00 00 80 FF FF 00 FF 29.50 30.00 31.50 2880 222.25 0.10 3.50 12.00 0.01 0.38 3.600 0.300 20170929100303
B0 0002 00 00 00 00 80 FF FF 00 FF 29.00 30.00 31.50 2880 222.75 0.10 3.50 12.00 0.01 0.38 3.700 0.100 20170929100304
B0 0002 00 00 00 00 80 FF FF 00 FF 29.50 30.00 31.50 2880 223.00 0.10 3.50 12.00 0.03 0.38 3.600 0.200 20170929100305
B0 0002 00 00 00 00 80 FF FF 00 FF 29.00 30.00 31.50 2880 222.75 0.10 3.50 12.00 0.03 0.09 3.700 0.000 20170929100307
B0 0002 00 00 00 00 80 FF FF 00 FF 29.50 30.00 31.50 2864 223.25 0.10 3.50 12.00 0.01 0.38 3.600 0.100 20170929100308
B0 0002 00 00 00 00 80 FF FF 00 FF 29.00 30.00 31.50 2864 223.00 0.10 3.50 12.00 0.03 0.38 3.700 0.400 20170929100309
B0 0002 00 00 00 00 80 FF FF 00 FF 29.50 30.00 31.50 2864 222.00 0.10 3.50 12.00 0.01 0.09 3.700 0.200 20170929100310
B0 0002 00 00 00 00 80 FF FF 00 FF 29.50 30.00 31.50 2880 222.25 0.10 3.50 12.00 0.03 0.38 3.600 0.200 20170929100311
B0 0002 00 00 00 00 80 FF FF 00 FF 29.50 30.00 31.50 2880 223.00 0.10 3.50 12.00 0.03 0.38 3.600 0.300 20170929100312
B0 0002 00 00 00 00 80 FF FF 00 FF 29.50 30.00 31.50 2880 223.00 0.10 3.50 12.00 0.03 0.38 3.700 0.200 20170929100313
B0 0002 00 00 00 00 80 FF FF 00 FF 29.50 30.00 31.50 2880 222.50 0.10 3.50 12.00 0.03 0.09 3.600 0.400 20170929100315
B0 0002 00 00 00 00 80 FF FF 00 FF 29.00 30.00 31.50 2880 222.50 0.10 3.50 12.00 0.01 0.38 3.700 0.100 20170929100316
B0 0002 00 00 00 00 80 FF FF 00 FF 29.50 30.00 31.50 2880 222.50 0.10 3.50 12.00 0.03 0.38 3.600 0.100 20170929100317
B0 0002 00 00 00 00 80 FF FF 00 FF 29.50 30.00 31.50 2880 222.75 0.10 3.50 12.00 0.01 0.38 3.700 0.200 20170929100318
B0 0002 00 00 00 00 80 FF FF 00 FF 29.50 30.00 31.50 2880 223.00 0.10 3.50 12.00 0.03 0.09 3.700 0.100 20170929100319
B0 0002 00 00 00 00 80 FF FF 00 FF 29.50 30.00 31.50 2864 222.75 0.10 3.50 12.00 0.03 0.38 3.600 0.200 20170929100321
B0 0002 00 00 00 00 80 FF FF 00 FF 29.50 30.00 31.50 2864 222.25 0.10 3.50 12.00 0.03 0.09 3.600 0.200 20170929100322
B0 0002 00 00 00 00 80 FF FF 00 FF 29.00 30.00 31.50 2864 222.00 0.10 3.50 12.00 0.03 0.38 3.700 0.400 20170929100323
B0 0002 00 00 00 00 80 FF FF 00 FF 29.50 30.00 31.50 2864 222.25 0.10 3.50 12.00 0.03 0.09 3.700 0.200 20170929100324
B0 0002 00 00 00 00 80 FF FF 00 FF 29.00 30.00 31.50 2864 222.50 0.10 3.50 12.00 0.03 0.09 3.700 0.300 20170929100325
B0 0002 00 00 00 00 80 FF FF 00 FF 29.00 30.00 31.50 2864 223.50 0.10 3.50 12.00 0.03 0.09 3.600 0.300 20170929100326
B0 0002 00 00 00 00 80 FF FF 00 FF 29.00 30.00 31.50 2864 223.25 0.10 3.50 12.00 0.03 0.38 3.700 0.100 20170929100328
B0 0002 00 00 00 00 80 FF FF 00 FF 29.50 30.00 31.50 2848 223.00 0.10 3.50 12.00 0.03 0.38 3.700 0.100 20170929100329
B0 0002 00 00 00 00 80 FF FF 00 FF 29.50 30.00 31.50 2848 222.75 0.10 3.50 12.00 0.03 0.38 3.600 0.100 20170929100330
B0 0002 00 00 00 00 80 FF FF 00 FF 29.00 30.00 31.50 2848 223.00 0.10 3.50 12.00 0.01 0.38 3.700 0.200 20170929100331
B0 0002 00 00 00 00 80 FF FF 00 FF 29.00 30.00 31.50 2864 222.75 0.10 3.50 12.00 0.03 0.38 3.600 0.300 20170929100332
B0 0002 00 00 00 00 80 FF FF 00 FF 29.00 30.00 31.50 2848 223.00 0.10 3.50 12.00 0.01 0.38 3.700 0.100 20170929100334
B0 0002 00 00 00 00 80 FF FF 00 FF 29.00 30.00 31.50 2864 223.25 0.10 3.50 12.00 0.03 0.09 3.700 0.100 20170929100335
B0 0002 00 00 00 00 80 FF FF 00 FF 29.50 30.00 31.50 2864 223.00 0.10 3.50 12.00 0.01 0.09 3.700 0.000 20170929100336
B0 0002 00 00 00 00 80 FF FF 00 FF 29.00 30.00 31.50 2864 223.00 0.10 3.50 12.00 0.03 0.38 3.700 0.200 20170929100337
B0 0002 00 00 00 00 80 FF FF 00 FF 29.50 30.00 31.50 2864 223.00 0.10 3.50 12.00 0.03 0.09 3.700 0.100 20170929100338
B0 0002 00 00 00 00 80 FF FF 00 FF 29.00 30.00 31.50 2864 223.00 0.10 3.50 12.00 0.03 0.38 3.600 0.200 20170929100339
B0 0002 00 00 00 00 80 FF FF 00 FF 29.00 30.00 31.50 2864 223.50 0.10 3.50 12.00 0.03 0.09 3.700 0.300 20170929100341
B0 0002 00 00 00 00 80 FF FF 00 FF 29.00 30.00 31.50 2864 223.00 0.10 3.50 12.00 0.03 0.38 3.600 0.200 20170929100342
B0 0002 00 00 00 00 80 FF FF 00 FF 29.00 30.00 31.50 2864 223.00 0.10 3.50 12.00 0.03 0.38 3.700 0.100 20170929100343
B0 0002 00 00 00 00 80 FF FF 00 FF 29.00 30.00 31.50 2864 223.25 0.10 3.50 12.00 0.03 0.38 3.600 0.200 20170929100344
B0 0002 00 00 00 00 80 FF FF 00 FF 29.00 30.00 31.50 2864 223.25 0.10 3.50 12.00 0.01 0.38 3.600 0.200 20170929100345
B0 0002 00 00 00 00 80 FF FF 00 FF 29.00 30.00 31.50 2864 223.00 0.10 3.50 12.00 0.03 0.09 3.700 0.200 20170929100347
B0 0002 00 00 00 00 80 FF FF 00 FF 29.00 30.00 31.50 2864 223.00 0.10 3.50 12.00 0.03 0.09 3.700 0.200 20170929100348
B0 0002 00 00 00 00 80 FF FF 00 FF 29.00 30.00 31.50 2864 222.75 0.10 3.50 12.00 0.03 0.38 3.700 0.200 20170929100349
B0 0002 00 00 00 00 80 FF FF 00 FF 29.00 30.00 31.50 2864 222.75 0.10 3.50 12.00 0.03 0.38 3.700 0.100 20170929100350
B0 0002 00 00 00 00 80 FF FF 00 FF 29.00 30.00 31.50 2880 223.00 0.10 3.50 12.00 0.01 0.38 3.600 0.100 20170929100351
B0 0002 00 00 00 00 80 FF FF 00 FF 29.00 30.00 31.50 2880 223.00 0.10 3.50 12.00 0.03 0.09 3.700 0.200 20170929100352
B0 0002 00 00 00 00 80 FF FF 00 FF 29.50 30.00 31.50 2880 223.25 0.10 3.50 12.00 0.03 0.38 3.700 0.300 20170929100354
B0 0002 00 00 00 00 80 FF FF 00 FF 29.00 30.00 31.50 2880 223.25 0.10 3.50 12.00 0.03 0.38 3.700 0.000 20170929100355
B0 0002 00 00 00 00 80 FF FF 00 FF 29.00 30.00 31.50 2880 222.25 0.10 3.50 12.00 0.01 0.09 3.700 0.100 20170929100356
B0 0002 00 00 00 00 80 FF FF 00 FF 29.00 30.00 31.50 2880 222.50 0.10 3.50 12.00 0.03 0.38 3.600 0.200 20170929100357
B0 0002 00 00 00 00 80 FF FF 00 FF 29.50 30.00 31.50 2880 222.50 0.10 3.50 12.00 0.03 0.09 3.600 0.200 20170929100358
B0 0002 00 00 00 00 80 FF FF 00 FF 29.00 30.00 31.50 2880 223.00 0.10 3.50 12.00 0.03 0.09 3.700 0.100 20170929100359
B0 0002 00 00 00 00 80 FF FF 00 FF 29.50 29.50 31.50 2880 223.00 0.10 3.50 12.00 0.03 0.38 3.700 0.300 20170929100401
B0 0002 00 00 00 00 80 FF FF 00 FF 29.00 30.00 31.50 2880 222.75 0.10 3.50 12.00 0.01 0.38 3.600 0.100 20170929100402
B0 0002 00 00 00 00 80 FF FF 00 FF 29.50 29.50 31.50 2880 223.00 0.10 3.50 12.00 0.01 0.38 3.600 0.200 20170929100403
B0 0002 00 00 00 00 80 FF FF 00 FF 29.50 30.00 31.50 2880 223.00 0.10 3.50 12.00 0.01 0.38 3.700 0.000 20170929100404
B0 0002 00 00 00 00 80 FF FF 00 FF 29.50 30.00 31.50 2880 223.25 0.10 3.50 12.00 0.03 0.38 3.700 0.200 20170929100405
B0 0002 00 00 00 00 80 FF FF 00 FF 29.50 30.00 31.50 2880 223.00 0.10 3.50 12.00 0.03 0.09 3.600 0.300 20170929100406
B0 0002 00 00 00 00 80 FF FF 00 FF 29.50 30.00 31.50 2864 223.00 0.10 3.50 12.00 0.01 0.38 3.600 0.200 20170929100407
B0 0002 00 00 00 00 80 FF FF 00 FF 29.50 30.00 31.50 2864 222.75 0.10 3.50 12.00 0.03 0.38 3.600 0.200 20170929100409
B0 0002 00 00 00 00 80 FF FF 00 FF 29.50 30.00 31.50 2880 223.50 0.10 3.50 12.00 0.03 0.38 3.600 0.400 20170929100410
B0 0002 00 00 00 00 80 FF FF 00 FF 29.50 30.00 31.50 2880 223.00 0.10 3.50 12.00 0.03 0.38 3.700 0.200 20170929100411
B0 0002 00 00 00 00 80 FF FF 00 FF 29.50 29.50 31.50 2880 222.75 0.10 3.50 12.00 0.01 0.38 3.700 0.300 20170929100412
B0 0002 00 00 00 00 80 FF FF 00 FF 29.50 30.00 31.50 2880 222.50 0.10 3.50 12.00 0.03 0.38 3.700 0.200 20170929100413
B0 0002 00 00 00 00 80 FF FF 00 FF 29.50 30.00 31.50 2880 223.00 0.10 3.50 12.00 0.03 0.38 3.600 0.300 20170929100414
B0 0002 00 00 00 00 80 FF FF 00 FF 29.50 30.00 31.50 2880 223.25 0.10 3.50 12.00 0.03 0.38 3.600 0.200 20170929100415
B0 0002 00 00 00 00 80 FF FF 00 FF 29.50 30.00 31.50 2880 222.75 0.10 3.50 12.00 0.01 0.38 3.700 0.200 20170929100416
B0 0002 00 00 00 00 80 FF FF 00 FF 29.50 30.00 31.50 2896 223.00 0.10 3.50 12.00 0.03 0.09 3.700 0.200 20170929100418
B0 0002 00 00 00 00 80 FF FF 00 FF 29.50 30.00 31.50 2880 223.00 0.10 3.50 12.00 0.03 0.09 3.700 0.500 20170929100419
B0 0002 00 00 00 00 80 FF FF 00 FF 29.50 30.00 31.50 2880 222.25 0.10 3.50 12.00 0.03 0.38 3.600 0.000 20170929100420
B0 0002 00 00 00 00 80 FF FF 00 FF 29.50 30.00 31.50 2880 222.75 0.10 3.50 12.00 0.03 0.38 3.700 0.200 20170929100421
B0 0002 00 00 00 00 80 FF FF 00 FF 29.50 30.00 31.50 2880 222.75 0.10 3.50 12.00 0.03 0.38 3.700 0.200 20170929100422
B0 0002 00 00 00 00 80 FF FF 00 FF 29.50 30.00 31.50 2880 223.25 0.10 3.50 12.00 0.03 0.38 3.700 0.300 20170929100423
B0 0002 00 00 00 00 80 FF FF 00 FF 29.50 30.00 31.50 2880 222.75 0.10 3.50 12.00 0.03 0.38 3.700 0.300 20170929100424
B0 0002 00 00 00 00 80 FF FF 00 FF 29.00 30.00 31.50 2864 222.75 0.10 3.50 12.00 0.01 0.38 3.600 0.000 20170929100425
B0 0002 00 00 00 00 80 FF FF 00 FF 29.50 30.00 31.50 2880 223.00 0.10 3.50 12.00 0.03 0.09 3.600 0.300 20170929100427
B0 0002 00 00 00 00 80 FF FF 00 FF 29.00 30.00 31.50 2880 223.25 0.10 3.50 12.00 0.01 0.38 3.600 0.200 20170929100428
B0 0002 00 00 00 00 80 FF FF 00 FF 29.50 30.00 31.50 2880 222.75 0.10 3.50 12.00 0.03 0.38 3.600 0.200 20170929100429
B0 0002 00 00 00 00 80 FF FF 00 FF 29.50 30.00 31.50 2880 222.75 0.10 3.50 12.00 0.03 0.38 3.700 0.100 20170929100430
B0 0002 00 00 00 00 80 FF FF 00 FF 29.00 30.00 31.50 2880 222.75 0.10 3.50 12.00 0.03 0.38 3.700 0.100 20170929100431
B0 0002 00 00 00 00 80 FF FF 00 FF 29.00 30.00 31.50 2880 223.00 0.10 3.50 12.00 0.01 0.38 3.600 0.300 20170929100432
B0 0002 00 00 00 00 80 FF FF 00 FF 29.00 30.00 31.50 2880 223.00 0.10 3.50 12.00 0.03 0.38 3.600 0.000 20170929100433
B0 0002 00 00 00 00 80 FF FF 00 FF 29.50 30.00 31.50 2880 223.25 0.10 3.50 12.00 0.03 0.38 3.600 0.200 20170929100435
B0 0002 00 00 00 00 80 FF FF 00 FF 29.50 30.00 31.50 2880 223.50 0.10 3.50 12.00 0.03 0.38 3.600 0.100 20170929100436
B0 0002 00 00 00 00 80 FF FF 00 FF 29.50 30.00 31.50 2880 223.50 0.10 3.50 12.00 0.03 0.09 3.600 0.100 20170929100437
B0 0002 00 00 00 00 80 FF FF 00 FF 29.50 30.00 31.50 2880 222.50 0.10 3.50 12.00 0.03 0.38 3.600 0.200 20170929100438
B0 0002 00 00 00 00 80 FF FF 00 FF 29.00 30.00 31.50 2880 222.75 0.10 3.50 12.00 0.03 0.38 3.600 0.300 20170929100439
B0 0002 00 00 00 00 80 FF FF 00 FF 29.50 30.00 31.50 2880 223.25 0.10 3.50 12.00 0.03 0.38 3.600 0.200 20170929100440
B0 0002 00 00 00 00 80 FF FF 00 FF 29.50 30.00 31.50 2880 223.00 0.10 3.50 12.00 0.01 0.38 3.600 0.100 20170929100441
B0 0002 00 00 00 00 80 FF FF 00 FF 29.50 30.00 31.50 2880 223.25 0.10 3.50 12.00 0.03 0.38 3.600 0.200 20170929100442
B0 0002 00 00 00 00 80 FF FF 00 FF 29.50 30.00 31.50 2880 222.75 0.10 3.50 12.00 0.03 0.09 3.700 0.400 20170929100444
B0 0002 00 00 00 00 80 FF FF 00 FF 29.50 30.00 31.50 2880 223.00 0.10 3.50 12.00 0.01 0.38 3.700 0.100 20170929100445
B0 0002 00 00 00 00 80 FF FF 00 FF 29.50 30.00 31.50 2880 223.00 0.10 3.50 12.00 0.01 0.38 3.600 0.200 20170929100446
B0 0002 00 00 00 00 80 FF FF 00 FF 29.00 30.00 31.50 2880 222.50 0.10 3.50 12.00 0.03 0.38 3.600 0.300 20170929100447
B0 0002 00 00 00 00 80 FF FF 00 FF 29.00 30.00 31.50 2880 222.75 0.10 3.50 12.00 0.03 0.09 3.700 0.200 20170929100448
B0 0002 00 00 00 00 80 FF FF 00 FF 29.50 30.00 31.50 2880 222.75 0.10 3.50 12.00 0.01 0.38 3.700 0.200 20170929100449
B0 0002 00 00 00 00 80 FF FF 00 FF 29.00 30.00 31.50 2880 223.00 0.10 3.50 12.00 0.03 0.38 3.700 0.300 20170929100450
B0 0002 00 00 00 00 80 FF FF 00 FF 29.50 30.00 31.50 2880 222.25 0.10 3.50 12.00 0.03 0.38 3.700 0.300 20170929100452
B0 0002 00 00 00 00 80 FF FF 00 FF 29.00 30.00 31.50 2880 222.75 0.10 3.50 12.00 0.01 0.09 3.700 0.200 20170929100453
B0 0002 00 00 00 00 80 FF FF 00 FF 29.00 30.00 31.50 2880 222.50 0.10 3.50 12.00 0.03 0.09 3.700 0.200 20170929100454
B0 0002 00 00 00 00 80 FF FF 00 FF 29.50 30.00 31.50 2880 222.50 0.10 3.50 12.00 0.03 0.38 3.600 0.300 20170929100455
B0 0002 00 00 00 00 80 FF FF 00 FF 29.00 30.00 31.50 2880 223.25 0.10 3.50 12.00 0.03 0.38 3.600 0.300 20170929100456
B0 0002 00 00 00 00 80 FF FF 00 FF 29.00 30.00 31.50 2880 222.75 0.10 3.50 12.00 0.03 0.38 3.600 0.200 20170929100457
B0 0002 00 00 00 00 80 FF FF 00 FF 29.00 29.50 31.50 2880 222.50 0.10 3.50 12.00 0.03 0.38 3.600 0.200 20170929100458
B0 0002 00 00 00 00 80 FF FF 00 FF 29.00 30.00 31.50 2864 222.50 0.10 3.50 12.00 0.03 0.09 3.700 0.200 20170929100500
B0 0002 00 00 00 00 80 FF FF 00 FF 29.00 30.00 31.50 2880 223.25 0.10 3.50 12.00 0.03 0.38 3.700 0.400 20170929100501
B0 0002 00 00 00 00 80 FF FF 00 FF 29.50 30.00 31.50 2880 222.75 0.10 3.50 12.00 0.03 0.38 3.600 0.300 20170929100502
B0 0002 00 00 00 00 80 FF FF 00 FF 29.00 30.00 31.50 2880 222.50 0.10 3.50 12.00 0.03 0.38 3.700 0.300 20170929100503
B0 0002 00 00 00 00 80 FF FF 00 FF 29.50 30.00 31.50 2880 223.00 0.10 3.50 12.00 0.03 0.38 3.700 0.300 20170929100504
B0 0002 00 00 00 00 80 FF FF 00 FF 29.50 30.00 31.50 2880 222.75 0.10 3.50 12.00 0.03 0.38 3.700 0.200 20170929100506
B0 0002 00 00 00 00 80 FF FF 00 FF 29.50 30.00 31.50 2880 223.00 0.10 3.50 12.00 0.03 0.38 3.700 0.100 20170929100507
B0 0002 00 00 00 00 80 FF FF 00 FF 29.50 30.00 31.50 2896 223.25 0.10 3.50 12.00 0.03 0.38 3.600 0.200 20170929100508
B0 0002 00 00 00 00 80 FF FF 00 FF 29.00 30.00 31.50 2896 222.50 0.10 3.50 12.00 0.03 0.38 3.600 0.400 20170929100509
B0 0002 00 00 00 00 80 FF FF 00 FF 29.50 30.00 31.50 2880 222.75 0.10 3.50 12.00 0.03 0.38 3.700 0.200 20170929100510
B0 0002 00 00 00 00 80 FF FF 00 FF 29.00 30.00 31.50 2880 222.75 0.10 3.50 12.00 0.03 0.38 3.600 0.100 20170929100511
B0 0002 00 00 00 00 80 FF FF 00 FF 29.00 30.00 31.50 2864 223.00 0.10 3.50 12.00 0.03 0.09 3.600 0.100 20170929100512
B0 0002 00 00 00 00 80 FF FF 00 FF 29.50 30.00 31.50 2864 223.00 0.10 3.50 12.00 0.03 0.38 3.600 0.100 20170929100514
B0 0002 00 00 00 00 80 FF FF 00 FF 29.50 30.00 31.50 2880 222.75 0.10 3.50 12.00 0.03 0.38 3.600 0.200 20170929100515
B0 0002 00 00 00 00 80 FF FF 00 FF 29.50 30.00 31.50 2880 222.25 0.10 3.50 12.00 0.03 0.09 3.600 0.200 20170929100516
B0 0002 00 00 00 00 80 FF FF 00 FF 29.50 30.00 31.50 2864 222.25 0.10 3.50 12.00 0.03 0.38 3.700 0.300 20170929100517
B0 0002 00 00 00 00 80 FF FF 00 FF 29.00 30.00 31.50 2864 222.75 0.10 3.50 12.00 0.03 0.38 3.600 0.200 20170929100518
B0 0002 00 00 00 00 80 FF FF 00 FF 29.50 30.00 31.50 2864 222.75 0.10 3.50 12.00 0.03 0.38 3.600 0.400 20170929100519
B0 0002 00 00 00 00 80 FF FF 00 FF 29.50 30.00 31.50 2864 222.25 0.10 3.50 12.00 0.03 0.38 3.600 0.300 20170929100521
B0 0002 00 00 00 00 80 FF FF 00 FF 29.50 30.00 31.50 2864 222.50 0.10 3.50 12.00 0.03 0.38 3.600 0.300 20170929100522
B0 0002 00 00 00 00 80 FF FF 00 FF 29.50 30.00 31.50 2864 222.25 0.10 3.50 12.00 0.03 0.38 3.600 0.400 20170929100523
B0 0002 00 00 00 00 80 FF FF 00 FF 29.50 30.00 31.50 2864 222.50 0.10 3.50 12.00 0.03 0.38 3.600 0.300 20170929100524
B0 0002 00 00 00 00 80 FF FF 00 FF 29.50 30.00 31.50 2864 223.00 0.10 3.50 12.00 0.03 0.38 3.700 0.100 20170929100525
B0 0002 00 00 00 00 80 FF FF 00 FF 29.50 30.00 31.50 2864 223.00 0.10 3.50 12.00 0.03 0.09 3.600 0.100 20170929100527
B0 0002 00 00 00 00 80 FF FF 00 FF 29.50 30.00 31.50 2864 222.50 0.10 3.50 12.00 0.03 0.38 3.700 0.400 20170929100528
B0 0002 00 00 00 00 80 FF FF 00 FF 29.00 30.00 31.50 2864 222.00 0.10 3.50 12.00 0.03 0.38 3.700 0.200 20170929100529
B0 0002 00 00 00 00 80 FF FF 00 FF 29.50 29.50 31.50 2864 222.50 0.10 3.50 12.00 0.03 0.38 3.600 0.200 20170929100530
B0 0002 00 00 00 00 80 FF FF 00 FF 29.50 29.50 31.50 2864 222.75 0.10 3.50 12.00 0.03 0.38 3.700 0.200 20170929100531
B0 0002 00 00 00 00 80 FF FF 00 FF 29.50 30.00 31.50 2864 222.75 0.10 3.50 12.00 0.03 0.09 3.600 0.200 20170929100532
B0 0002 00 00 00 00 80 FF FF 00 FF 29.50 30.00 31.50 2864 222.50 0.10 3.50 12.00 0.01 0.38 3.700 0.200 20170929100534
B0 0002 00 00 00 00 80 FF FF 00 FF 29.50 30.00 31.50 2864 222.50 0.10 3.50 12.00 0.03 0.38 3.600 0.100 20170929100535
B0 0002 00 00 00 00 80 FF FF 00 FF 29.50 30.00 31.50 2864 222.75 0.10 3.50 12.00 0.03 0.38 3.600 0.200 20170929100536
B0 0002 00 00 00 00 80 FF FF 00 FF 29.50 30.00 31.50 2864 222.75 0.10 3.50 12.00 0.03 0.09 3.600 0.100 20170929100537
B0 0002 00 00 00 00 80 FF FF 00 FF 29.50 30.00 31.50 2864 223.50 0.10 3.50 12.00 0.03 0.38 3.600 0.400 20170929100538
B0 0002 00 00 00 00 80 FF FF 00 FF 29.50 30.00 31.50 2864 222.25 0.10 3.50 12.00 0.03 0.38 3.700 0.100 20170929100539
B0 0002 00 00 00 00 80 FF FF 00 FF 29.50 30.00 31.50 2864 222.50 0.10 3.50 12.00 0.03 0.38 3.700 0.300 20170929100540
B0 0002 00 00 00 00 80 FF FF 00 FF 29.50 30.00 31.50 2864 223.25 0.10 3.50 12.00 0.01 0.38 3.600 0.200 20170929100542
B0 0002 00 00 00 00 80 FF FF 00 FF 29.50 30.00 31.50 2864 223.00 0.10 3.50 12.00 0.03 0.09 3.700 0.300 20170929100543
B0 0002 00 00 00 00 80 FF FF 00 FF 29.50 29.50 31.50 2864 222.25 0.10 3.50 12.00 0.03 0.38 3.700 0.200 20170929100544
B0 0002 00 00 00 00 80 FF FF 00 FF 29.50 30.00 31.50 2864 222.50 0.10 3.50 12.00 0.01 0.38 3.700 0.300 20170929100545
B0 0002 00 00 00 00 80 FF FF 00 FF 29.50 30.00 31.50 2864 222.25 0.10 3.50 12.00 0.03 0.38 3.600 0.300 20170929100546
B0 0002 00 00 00 00 80 FF FF 00 FF 29.50 30.00 31.50 2864 222.75 0.10 3.50 12.00 0.03 0.38 3.700 0.200 20170929100547
B0 0002 00 00 00 00 80 FF FF 00 FF 29.50 29.50 31.50 2864 222.50 0.10 3.50 12.00 0.03 0.09 3.700 0.400 20170929100548
B0 0002 00 00 00 00 80 FF FF 00 FF 29.50 30.00 31.50 2864 223.00 0.10 3.50 12.00 0.01 0.38 3.700 0.200 20170929100549
B0 0002 00 00 00 00 80 FF FF 00 FF 29.50 30.00 31.50 2864 222.75 0.10 3.50 12.00 0.03 0.38 3.600 0.200 20170929100551
B0 0002 00 00 00 00 80 FF FF 00 FF 29.50 30.00 31.50 2864 222.75 0.10 3.50 12.00 0.03 0.09 3.700 0.300 20170929100552
B0 0002 00 00 00 00 80 FF FF 00 FF 29.50 30.00 31.50 2864 222.25 0.10 3.50 12.00 0.03 0.09 3.600 0.300 20170929100553
B0 0002 00 00 00 00 80 FF FF 00 FF 29.50 30.00 31.50 2848 222.50 0.10 3.50 12.00 0.01 0.38 3.600 0.200 20170929100554
B0 0002 00 00 00 00 80 FF FF 00 FF 29.50 30.00 31.50 2848 222.75 0.10 3.50 12.00 0.01 0.38 3.700 0.000 20170929100555
B0 0002 00 00 00 00 80 FF FF 00 FF 29.50 30.00 31.50 2864 223.00 0.10 3.50 12.00 0.03 0.38 3.600 0.200 20170929100556
B0 0002 00 00 00 00 80 FF FF 00 FF 29.50 30.00 31.50 2864 222.50 0.10 3.50 12.00 0.03 0.38 3.600 0.100 20170929100557
B0 0002 00 00 00 00 80 FF FF 00 FF 29.50 30.00 31.50 2864 222.50 0.10 3.50 12.00 0.03 0.09 3.700 0.300 20170929100558
B0 0002 00 00 00 00 80 FF FF 00 FF 29.50 30.00 31.50 2848 223.00 0.10 3.50 12.00 0.03 0.09 3.700 0.200 20170929100600
B0 0002 00 00 00 00 80 FF FF 00 FF 29.00 30.00 31.50 2848 222.50 0.10 3.50 12.00 0.03 0.38 3.700 0.200 20170929100601
B0 0002 00 00 00 00 80 FF FF 00 FF 29.00 30.00 31.50 2864 222.75 0.10 3.50 12.00 0.03 0.38 3.600 0.200 20170929100602
B0 0002 00 00 00 00 80 FF FF 00 FF 29.50 30.00 31.50 2864 222.75 0.10 3.50 12.00 0.01 0.38 3.600 0.300 20170929100603
B0 0002 00 00 00 00 80 FF FF 00 FF 29.50 30.00 31.50 2864 222.75 0.10 3.50 12.00 0.01 0.09 3.700 0.100 20170929100604
B0 0002 00 00 00 00 80 FF FF 00 FF 29.50 30.00 31.50 2880 222.50 0.10 3.50 12.00 0.03 0.09 3.600 0.100 20170929100605
B0 0002 00 00 00 00 80 FF FF 00 FF 29.50 30.00 31.50 2880 223.00 0.10 3.50 12.00 0.03 0.09 3.700 0.300 20170929100606
B0 0002 00 00 00 00 80 FF FF 00 FF 29.00 30.00 31.50 2880 223.00 0.10 3.50 12.00 0.03 0.38 3.700 0.200 20170929100607
B0 0002 00 00 00 00 80 FF FF 00 FF 29.50 30.00 31.50 2880 223.50 0.10 3.50 12.00 0.03 0.38 3.600 0.100 20170929100609
B0 0002 00 00 00 00 80 FF FF 00 FF 29.50 30.00 31.50 2880 223.50 0.10 3.50 12.00 0.01 0.38 3.700 0.000 20170929100610
B0 0002 00 00 00 00 80 FF FF 00 FF 29.50 30.00 31.50 2880 222.75 0.10 3.50 12.00 0.03 0.38 3.600 0.300 20170929100611
B0 0002 00 00 00 00 80 FF FF 00 FF 29.50 30.00 31.50 2880 222.50 0.10 3.50 12.00 0.01 0.38 3.700 0.200 20170929100612
