Address 02 30 01 40 42 44 46 48 10 11 12 20 21 22 Time
B0 0000 0000 0316 0000 0700 07C0 0740 0780 223.00 0.000 6.000 0.000 0.000 0.000 20170414145227
B0 0000 0000 0316 0000 0700 07C0 0740 0780 222.00 0.000 6.000 0.000 0.000 0.000 20170414145227
B0 0000 0000 0316 0000 0700 07C0 0740 0780 223.00 0.000 6.000 0.000 0.000 0.000 20170414145227
B0 0000 0000 0316 0000 0700 07C0 0740 0780 223.00 0.000 6.000 0.000 0.000 0.000 20170414145227
B0 0000 0000 0316 0000 0700 07C0 0740 0780 223.00 0.000 6.000 0.000 0.000 0.000 20170414145227
B0 0000 0000 0316 0000 0700 07C0 0740 0780 223.00 0.000 6.000 0.000 0.000 0.000 20170414145228
B0 0000 0000 0316 0000 0700 07C0 0740 0780 223.00 0.000 6.000 0.000 0.000 0.000 20170414145228
B0 0000 0000 0316 0000 0700 07C0 0740 0780 223.00 0.000 6.000 0.000 0.000 0.000 20170414145228
B0 0000 0000 0316 0000 0700 07C0 0740 0780 223.00 0.000 6.000 0.000 0.000 0.000 20170414145228
B0 0000 0000 0316 0000 0700 07C0 0740 0780 223.00 0.000 6.000 0.000 0.000 0.000 20170414145228
B0 0000 0000 0316 0000 0700 07C0 0740 0780 223.00 0.000 6.000 0.000 0.000 0.000 20170414145228
B0 0000 0000 0316 0000 0700 07C0 0740 0780 222.00 0.000 6.000 0.000 0.000 0.000 20170414145228
B0 0000 0000 0316 0000 0700 07C0 0740 0780 222.00 0.000 6.000 0.000 0.000 0.000 20170414145228
B0 0000 0000 0316 0000 0700 07C0 0740 0780 223.00 0.000 6.000 0.000 0.000 0.000 20170414145229
B0 0000 0000 0316 0000 0700 07C0 0740 0780 223.00 0.000 6.000 0.000 0.000 0.000 20170414145229
B0 0000 0000 0316 0000 0700 07C0 0740 0780 223.00 0.000 6.000 0.000 0.000 0.000 20170414145229
B0 0000 0000 0316 0000 0700 07C0 0740 0780 223.00 0.000 6.000 0.000 0.000 0.000 20170414145229
B0 0000 0000 0316 0000 0700 07C0 0740 0780 222.00 0.000 6.000 0.000 0.000 0.000 20170414145229
B0 0000 0000 0316 0000 0700 07C0 0740 0780 222.00 0.000 6.000 0.000 0.000 0.000 20170414145229
B0 0000 0000 0316 0000 0700 07C0 0740 0780 223.00 0.000 6.000 0.000 0.000 0.000 20170414145229
B0 0000 0000 0316 0000 0700 07C0 0740 0780 223.00 0.000 6.000 0.000 0.000 0.000 20170414145229
B0 0000 0000 0316 0000 0700 07C0 0740 0780 223.00 0.000 6.000 0.000 0.000 0.000 20170414145230
B0 0000 0000 0316 0000 0700 07C0 0740 0780 223.00 0.000 6.000 0.000 0.000 0.000 20170414145230
B0 0000 0000 0316 0000 0700 07C0 0740 0780 223.00 0.000 6.000 0.000 0.000 0.000 20170414145230
B0 0000 0000 0316 0000 0700 07C0 0740 0780 223.00 0.000 6.000 0.000 0.000 0.000 20170414145230
B0 0000 0000 0316 0000 0700 07C0 0740 0780 223.00 0.000 6.000 0.000 0.000 0.000 20170414145230
B0 0000 0000 0316 0000 0700 07C0 0740 0780 223.00 0.000 6.000 0.000 0.000 0.000 20170414145230
B0 0000 0000 0316 0000 0700 07C0 0740 0780 223.00 0.000 6.000 0.000 0.000 0.000 20170414145230
B0 0000 0000 0316 0000 0700 07C0 0740 0780 223.00 0.000 6.000 0.000 0.000 0.000 20170414145230
B0 0000 0000 0316 0000 0700 07C0 0740 0780 223.00 0.000 6.000 0.000 0.000 0.000 20170414145230
B0 0000 0000 0316 0000 0700 07C0 0740 0780 223.00 0.000 6.000 0.000 0.000 0.000 20170414145231
B0 0000 0000 0316 0000 0700 07C0 0740 0780 223.00 0.000 6.000 0.000 0.000 0.000 20170414145231
B0 0000 0000 0316 0000 0700 07C0 0740 0780 223.00 0.000 6.000 0.000 0.000 0.000 20170414145231
B0 0000 0000 0316 0000 0700 07C0 0740 0780 223.00 0.000 6.000 0.000 0.000 0.000 20170414145231
B0 0000 0000 0316 0000 0700 07C0 0740 0780 223.00 0.000 6.000 0.000 0.000 0.000 20170414145231
B0 0000 0000 0316 0000 0700 07C0 0740 0780 223.00 0.000 6.000 0.000 0.000 0.000 20170414145231
B0 0000 0000 0316 0000 0700 07C0 0740 0780 223.00 0.000 6.000 0.000 0.000 0.000 20170414145231
B0 0000 0000 0316 0000 0700 07C0 0740 0780 223.00 0.000 6.000 0.000 0.000 0.000 20170414145231
B0 0000 0000 0316 0000 0700 07C0 0740 0780 223.00 0.000 6.000 0.000 0.000 0.000 20170414145232
B0 0000 0000 0316 0000 0700 07C0 0740 0780 223.00 0.000 6.000 0.000 0.000 0.000 20170414145232
B0 0000 0000 0316 0000 0700 07C0 0740 0780 223.00 0.000 6.000 0.000 0.000 0.000 20170414145232
B0 0000 0000 0316 0000 0700 07C0 0740 0780 223.00 0.000 6.000 0.000 0.000 0.000 20170414145232
B0 0000 0000 0316 0000 0700 07C0 0740 0780 223.00 0.000 6.000 0.000 0.000 0.000 20170414145232
B0 0000 0000 0316 0000 0700 07C0 0740 0780 223.00 0.000 6.000 0.000 0.000 0.000 20170414145232
B0 0000 0000 031E 0000 0700 07C0 0740 0780 223.00 0.000 6.000 0.000 0.000 0.000 20170414145232
B0 0000 0000 0316 0000 0700 07C0 0740 0780 223.00 0.000 6.000 0.000 0.000 0.000 20170414145232
B0 0000 0000 0316 0000 0700 07C0 0740 0780 223.00 0.000 6.000 0.000 0.000 0.000 20170414145233
B0 0000 0000 0316 0000 0700 07C0 0740 0780 223.00 0.000 6.000 0.000 0.000 0.000 20170414145233
B0 0000 0000 0316 0000 0700 07C0 0740 0780 223.00 0.000 6.000 0.000 0.000 0.000 20170414145233
B0 0000 0000 0316 0000 0700 07C0 0740 0780 223.00 0.000 6.000 0.000 0.000 0.000 20170414145233
B0 0000 0000 0316 0000 0700 07C0 0740 0780 223.00 0.000 6.000 0.000 0.000 0.000 20170414145233
B0 0000 0000 0316 0000 0700 07C0 0740 0780 223.00 0.000 6.000 0.000 0.000 0.000 20170414145233
B0 0000 0000 0316 0000 0700 07C0 0740 0780 223.00 0.000 6.000 0.000 0.000 0.000 20170414145233
B0 0000 0000 0316 0000 0700 07C0 0740 0780 223.00 0.000 6.000 0.000 0.000 0.000 20170414145233
B0 0000 0000 0316 0000 0700 07C0 0740 0780 223.00 0.000 6.000 0.000 0.000 0.000 20170414145234
B0 0000 0000 0316 0000 0700 07C0 0740 0780 223.00 0.000 6.000 0.000 0.000 0.000 20170414145234
B0 0000 0000 0316 0000 0700 07C0 0740 0780 223.00 0.000 6.000 0.000 0.000 0.000 20170414145234
B0 0000 0000 0316 0000 0700 07C0 0740 0780 223.00 0.000 6.000 0.000 0.000 0.000 20170414145234
B0 0000 0000 0316 0000 0700 07C0 0740 0780 223.00 0.000 6.000 0.000 0.000 0.000 20170414145234
B0 0000 0000 0316 0000 0700 07C0 0740 0780 223.00 0.000 6.000 0.000 0.000 0.000 20170414145234
B0 0000 0000 0316 0000 0700 07C0 0740 0780 223.00 0.000 6.000 0.000 0.000 0.000 20170414145234
B0 0000 0000 0316 0000 0700 07C0 0740 0780 223.00 0.000 6.000 0.000 0.000 0.000 20170414145234
B0 0000 0000 0316 0000 0700 07C0 0740 0780 223.00 0.000 6.000 0.000 0.000 0.000 20170414145235
B0 0000 0000 0316 0000 0700 07C0 0740 0780 223.00 0.000 6.000 0.000 0.000 0.000 20170414145235
B0 0000 0000 0316 0000 0700 07C0 0740 0780 223.00 0.000 6.000 0.000 0.000 0.000 20170414145235
B0 0000 0000 0316 0000 0700 07C0 0740 0780 223.00 0.000 6.000 0.000 0.000 0.000 20170414145235
B0 0000 0000 0316 0000 0700 07C0 0740 0780 223.00 0.000 6.000 0.000 0.000 0.000 20170414145235
B0 0000 0000 0316 0000 0700 07C0 0740 0780 223.00 0.000 6.000 0.000 0.000 0.000 20170414145235
B0 0000 0000 0316 0000 0700 07C0 0740 0780 223.00 0.000 6.000 0.000 0.000 0.000 20170414145235
B0 0000 0000 0316 0000 0700 07C0 0740 0780 223.00 0.000 6.000 0.000 0.000 0.000 20170414145235
B0 0000 0000 0316 0000 0700 07C0 0740 0780 222.00 0.000 6.000 0.000 0.000 0.000 20170414145236
B0 0000 0000 0316 0000 0700 07C0 0740 0780 223.00 0.000 6.000 0.000 0.000 0.000 20170414145236
B0 0000 0000 0316 0000 0700 07C0 0740 0780 223.00 0.000 6.000 0.000 0.000 0.000 20170414145236
B0 0000 0000 0316 0000 0700 07C0 0740 0780 223.00 0.000 6.000 0.000 0.000 0.000 20170414145236
B0 0000 0000 031E 0000 0700 07C0 0740 0780 223.00 0.000 6.000 0.000 0.000 0.000 20170414145236
B0 0000 0000 031E 0000 0700 07C0 0740 0780 223.00 0.000 6.000 0.000 0.000 0.000 20170414145236
B0 0000 0000 031E 0000 0700 07C0 0740 0780 223.00 0.000 6.000 0.000 0.000 0.000 20170414145236
B0 0000 0000 031E 0000 0700 07C0 0740 0780 223.00 0.000 6.000 0.000 0.000 0.000 20170414145236
B0 0000 0000 0316 0000 0700 07C0 0740 0780 223.00 0.000 6.000 0.000 0.000 0.000 20170414145237
B0 0000 0000 0316 0000 0700 07C0 0740 0780 223.00 0.000 6.000 0.000 0.000 0.000 20170414145237
B0 0000 0000 0316 0000 0700 07C0 0740 0780 223.00 0.000 6.000 0.000 0.000 0.000 20170414145237
B0 0000 0000 0316 0000 0700 07C0 0740 0780 223.00 0.000 6.000 0.000 0.000 0.000 20170414145237
B0 0000 0000 0316 0000 0700 07C0 0740 0780 223.00 0.000 6.000 0.000 0.000 0.000 20170414145237
B0 0000 0000 0316 0000 0700 07C0 0740 0780 223.00 0.000 6.000 0.000 0.000 0.000 20170414145237
B0 0000 0000 0316 0000 0700 07C0 0740 0780 223.00 0.000 6.000 0.000 0.000 0.000 20170414145237
B0 0000 0000 0316 0000 0700 07C0 0740 0780 223.00 0.000 6.000 0.000 0.000 0.000 20170414145237
B0 0000 0000 0316 0000 0700 07C0 0740 0780 223.00 0.000 6.000 0.000 0.000 0.000 20170414145237
B0 0000 0000 0316 0000 0700 07C0 0740 0780 223.00 0.000 6.000 0.000 0.000 0.000 20170414145238
B0 0000 0000 0316 0000 0700 07C0 0740 0780 223.00 0.000 6.000 0.000 0.000 0.000 20170414145238
B0 0000 0000 0316 0000 0700 07C0 0740 0780 223.00 0.000 6.000 0.000 0.000 0.000 20170414145238
B0 0000 0000 0316 0000 0700 07C0 0740 0780 223.00 0.000 6.000 0.000 0.000 0.000 20170414145238
B0 0000 0000 0316 0000 0700 07C0 0740 0780 223.00 0.000 6.000 0.000 0.000 0.000 20170414145238
B0 0000 0000 0316 0000 0700 07C0 0740 0780 223.00 0.000 6.000 0.000 0.000 0.000 20170414145238
B0 0000 0000 0316 0000 0700 07C0 0740 0780 223.00 0.000 6.000 0.000 0.000 0.000 20170414145238
B0 0000 0000 0316 0000 0700 07C0 0740 0780 223.00 0.000 6.000 0.000 0.000 0.000 20170414145238
B0 0000 0000 0316 0000 0700 07C0 0740 0780 223.00 0.000 6.000 0.000 0.000 0.000 20170414145239
B0 0000 0000 0316 0000 0700 07C0 0740 0780 223.00 0.000 6.000 0.000 0.000 0.000 20170414145239
B0 0000 0000 0316 0000 0700 07C0 0740 0780 223.00 0.000 6.000 0.000 0.000 0.000 20170414145239
B0 0000 0000 0316 0000 0700 07C0 0740 0780 223.00 0.000 6.000 0.000 0.000 0.000 20170414145239
B0 0000 0000 0316 0000 0700 07C0 0740 0780 223.00 0.000 6.000 0.000 0.000 0.000 20170414145239
B0 0000 0000 0316 0000 0700 07C0 0740 0780 223.00 0.000 6.000 0.000 0.000 0.000 20170414145239
B0 0000 0000 0316 0000 0700 07C0 0740 0780 223.00 0.000 6.000 0.000 0.000 0.000 20170414145239
B0 0000 0000 0316 0000 0700 07C0 0740 0780 223.00 0.000 6.000 0.000 0.000 0.000 20170414145239
B0 0000 0000 0316 0000 0700 07C0 0740 0780 223.00 0.000 6.000 0.000 0.000 0.000 20170414145240
B0 0000 0000 0316 0000 0700 07C0 0740 0780 223.00 0.000 6.000 0.000 0.000 0.000 20170414145240
B0 0000 0000 0316 0000 0700 07C0 0740 0780 223.00 0.000 6.000 0.000 0.000 0.000 20170414145240
B0 0000 0000 0316 0000 0700 07C0 0740 0780 222.00 0.000 6.000 0.000 0.000 0.000 20170414145240
B0 0000 0000 0316 0000 0700 07C0 0740 0780 223.00 0.000 6.000 0.000 0.000 0.000 20170414145240
B0 0000 0000 0316 0000 0700 07C0 0740 0780 223.00 0.000 6.000 0.000 0.000 0.000 20170414145240
B0 0000 0000 0316 0000 0700 07C0 0740 0780 223.00 0.000 6.000 0.000 0.000 0.000 20170414145240
B0 0000 0000 0316 0000 0700 07C0 0740 0780 223.00 0.000 6.000 0.000 0.000 0.000 20170414145241
B0 0000 0000 0316 0000 0700 07C0 0740 0780 222.00 0.000 6.000 0.000 0.000 0.000 20170414145241
B0 0000 0000 0316 0000 0700 07C0 0740 0780 223.00 0.000 6.000 0.000 0.000 0.000 20170414145241
B0 0000 0000 0316 0000 0700 07C0 0740 0780 223.00 0.000 6.000 0.000 0.000 0.000 20170414145241
B0 0000 0000 0316 0000 0700 07C0 0740 0780 223.00 0.000 6.000 0.000 0.000 0.000 20170414145241
B0 0000 0000 0316 0000 0700 07C0 0740 0780 223.00 0.000 6.000 0.000 0.000 0.000 20170414145241
B0 0000 0000 0316 0000 0700 07C0 0740 0780 223.00 0.000 6.000 0.000 0.000 0.000 20170414145241
B0 0000 0000 0316 0000 0700 07C0 0740 0780 223.00 0.000 6.000 0.000 0.000 0.000 20170414145241
B0 0000 0000 0316 0000 0700 07C0 0740 0780 223.00 0.000 6.000 0.000 0.000 0.000 20170414145241
B0 0000 0000 0316 0000 0700 07C0 0740 0780 223.00 0.000 6.000 0.000 0.000 0.000 20170414145242
B0 0000 0000 0316 0000 0700 07C0 0740 0780 223.00 0.000 6.000 0.000 0.000 0.000 20170414145242
B0 0000 0000 0316 0000 0700 07C0 0740 0780 223.00 0.000 6.000 0.000 0.000 0.000 20170414145242
B0 0000 0000 0316 0000 0700 07C0 0740 0780 223.00 0.000 6.000 0.000 0.000 0.000 20170414145242
B0 0000 0000 0316 0000 0700 07C0 0740 0780 223.00 0.000 6.000 0.000 0.000 0.000 20170414145242
B0 0000 0000 0316 0000 0700 07C0 0740 0780 223.00 0.000 6.000 0.000 0.000 0.000 20170414145242
B0 0000 0000 0316 0000 0700 07C0 0740 0780 223.00 0.000 6.000 0.000 0.000 0.000 20170414145242
B0 0000 0000 0316 0000 0700 07C0 0740 0780 223.00 0.000 6.000 0.000 0.000 0.000 20170414145242
B0 0000 0000 0316 0000 0700 07C0 0740 0780 223.00 0.000 6.000 0.000 0.000 0.000 20170414145243
B0 0000 0000 0316 0000 0700 07C0 0740 0780 223.00 0.000 6.000 0.000 0.000 0.000 20170414145243
B0 0000 0000 0316 0000 0700 07C0 0740 0780 223.00 0.000 6.000 0.000 0.000 0.000 20170414145243
B0 0000 0000 0316 0000 0700 07C0 0740 0780 223.00 0.000 6.000 0.000 0.000 0.000 20170414145243
B0 0000 0000 0316 0000 0700 07C0 0740 0780 223.00 0.000 6.000 0.000 0.000 0.000 20170414145243
B0 0000 0000 0316 0000 0700 07C0 0740 0780 223.00 0.000 6.000 0.000 0.000 0.000 20170414145243
B0 0000 0000 0316 0000 0700 07C0 0740 0780 223.00 0.000 6.000 0.000 0.000 0.000 20170414145243
B0 0000 0000 0316 0000 0700 07C0 0740 0780 223.00 0.000 6.000 0.000 0.000 0.000 20170414145243
B0 0000 0000 0316 0000 0700 07C0 0740 0780 223.00 0.000 6.000 0.000 0.000 0.000 20170414145244
B0 0000 0000 0316 0000 0700 07C0 0740 0780 223.00 0.000 6.000 0.000 0.000 0.000 20170414145244
B0 0000 0000 0316 0000 0700 07C0 0740 0780 223.00 0.000 6.000 0.000 0.000 0.000 20170414145244
B0 0000 0000 0316 0000 0700 07C0 0740 0780 223.00 0.000 6.000 0.000 0.000 0.000 20170414145244
B0 0000 0000 0316 0000 0700 07C0 0740 0780 223.00 0.000 6.000 0.000 0.000 0.000 20170414145244
B0 0000 0000 0316 0000 0700 07C0 0740 0780 223.00 0.000 6.000 0.000 0.000 0.000 20170414145244
B0 0000 0000 0316 0000 0700 07C0 0740 0780 223.00 0.000 6.000 0.000 0.000 0.000 20170414145244
B0 0000 0000 0316 0000 0700 07C0 0740 0780 223.00 0.000 6.000 0.000 0.000 0.000 20170414145244
B0 0000 0000 0316 0000 0700 07C0 0740 0780 223.00 0.000 6.000 0.000 0.000 0.000 20170414145245
B0 0000 0000 0316 0000 0700 07C0 0740 0780 223.00 0.000 6.000 0.000 0.000 0.000 20170414145245
B0 0000 0000 0316 0000 0700 07C0 0740 0780 223.00 0.000 6.000 0.000 0.000 0.000 20170414145245
B0 0000 0000 0316 0000 0700 07C0 0740 0780 223.00 0.000 6.000 0.000 0.000 0.000 20170414145245
B0 0000 0000 0316 0000 0700 07C0 0740 0780 223.00 0.000 6.000 0.000 0.000 0.000 20170414145245
B0 0000 0000 0316 0000 0700 07C0 0740 0780 223.00 0.000 6.000 0.000 0.000 0.000 20170414145245
B0 0000 0000 0316 0000 0700 07C0 0740 0780 223.00 0.000 6.000 0.000 0.000 0.000 20170414145245
B0 0000 0000 0316 0000 0700 07C0 0740 0780 223.00 0.000 6.000 0.000 0.000 0.000 20170414145245
B0 0000 0000 0316 0000 0700 07C0 0740 0780 223.00 0.000 6.000 0.000 0.000 0.000 20170414145246
B0 0000 0000 0316 0000 0700 07C0 0740 0780 223.00 0.000 6.000 0.000 0.000 0.000 20170414145246
B0 0000 0000 0316 0000 0700 07C0 0740 0780 223.00 0.000 6.000 0.000 0.000 0.000 20170414145246
B0 0000 0000 0316 0000 0700 07C0 0740 0780 223.00 0.000 6.000 0.000 0.000 0.000 20170414145246
B0 0000 0000 0316 0000 0700 07C0 0740 0780 223.00 0.000 6.000 0.000 0.000 0.000 20170414145246
B0 0000 0000 0316 0000 0700 07C0 0740 0780 223.00 0.000 6.000 0.000 0.000 0.000 20170414145246
B0 0000 0000 0316 0000 0700 07C0 0740 0780 223.00 0.000 6.000 0.000 0.000 0.000 20170414145246
B0 0000 0000 0316 0000 0700 07C0 0740 0780 223.00 0.000 6.000 0.000 0.000 0.000 20170414145246
B0 0000 0000 0316 0000 0700 07C0 0740 0780 223.00 0.000 6.000 0.000 0.000 0.000 20170414145247
B0 0000 0000 0316 0000 0700 07C0 0740 0780 223.00 0.000 6.000 0.000 0.000 0.000 20170414145247
B0 0000 0000 0316 0000 0700 07C0 0740 0780 223.00 0.000 6.000 0.000 0.000 0.000 20170414145247
B0 0000 0000 0316 0000 0700 07C0 0740 0780 223.00 0.000 6.000 0.000 0.000 0.000 20170414145247
B0 0000 0000 0316 0000 0700 07C0 0740 0780 223.00 0.000 6.000 0.000 0.000 0.000 20170414145247
B0 0000 0000 0316 0000 0700 07C0 0740 0780 223.00 0.000 6.000 0.000 0.000 0.000 20170414145247
B0 0000 0000 0316 0000 0700 07C0 0740 0780 223.00 0.000 6.000 0.000 0.000 0.000 20170414145247
B0 0000 0000 0316 0000 0700 07C0 0740 0780 223.00 0.000 6.000 0.000 0.000 0.000 20170414145247
B0 0000 0000 0316 0000 0700 07C0 0740 0780 223.00 0.000 6.000 0.000 0.000 0.000 20170414145248
B0 0000 0000 0316 0000 0700 07C0 0740 0780 223.00 0.000 6.000 0.000 0.000 0.000 20170414145248
B0 0000 0000 0316 0000 0700 07C0 0780 0780 223.00 0.000 6.000 0.000 0.000 0.000 20170414145248
B0 0000 0000 0316 0000 0700 07C0 0740 0780 223.00 0.000 6.000 0.000 0.000 0.000 20170414145248
B0 0000 0000 0316 0000 0700 07C0 0740 0780 223.00 0.000 6.000 0.000 0.000 0.000 20170414145248
B0 0000 0000 0316 0000 0700 07C0 0740 0780 223.00 0.000 6.000 0.000 0.000 0.000 20170414145248
B0 0000 0000 0316 0000 0700 07C0 0740 0780 223.00 0.000 6.000 0.000 0.000 0.000 20170414145248
B0 0000 0000 0316 0000 0700 07C0 0780 0780 223.00 0.000 6.000 0.000 0.000 0.000 20170414145248
B0 0000 0000 0316 0000 0700 07C0 0740 0780 223.00 0.000 6.000 0.000 0.000 0.000 20170414145249
B0 0000 0000 0316 0000 0700 07C0 0740 0780 223.00 0.000 6.000 0.000 0.000 0.000 20170414145249
B0 0000 0000 0316 0000 0700 07C0 0780 0780 223.00 0.000 6.000 0.000 0.000 0.000 20170414145249
B0 0000 0000 0316 0000 0700 07C0 0740 0780 223.00 0.000 6.000 0.000 0.000 0.000 20170414145249
B0 0000 0000 0316 0000 0700 07C0 0780 0780 223.00 0.000 6.000 0.000 0.000 0.000 20170414145249
B0 0000 0000 0316 0000 0700 07C0 0740 0780 223.00 0.000 6.000 0.000 0.000 0.000 20170414145249
B0 0000 0000 0316 0000 0700 07C0 0780 0780 223.00 0.000 6.000 0.000 0.000 0.000 20170414145249
B0 0000 0000 0316 0000 0700 07C0 0780 0780 223.00 0.000 6.000 0.000 0.000 0.000 20170414145249
B0 0000 0000 0316 0000 0700 07C0 0780 0780 223.00 0.000 6.000 0.000 0.000 0.000 20170414145250
B0 0000 0000 0316 0000 0700 07C0 0780 0780 223.00 0.000 6.000 0.000 0.000 0.000 20170414145250
B0 0000 0000 0316 0000 0700 07C0 0780 0780 223.00 0.000 6.000 0.000 0.000 0.000 20170414145250
B0 0000 0000 0316 0000 0700 07C0 0780 0780 223.00 0.000 6.000 0.000 0.000 0.000 20170414145250
B0 0000 0000 0316 0000 0700 07C0 0780 0780 223.00 0.000 6.000 0.000 0.000 0.000 20170414145250
B0 0000 0000 0316 0000 0700 07C0 0780 0780 223.00 0.000 6.000 0.000 0.000 0.000 20170414145250
B0 0000 0000 0316 0000 0700 07C0 0780 0780 223.00 0.000 6.000 0.000 0.000 0.000 20170414145250
B0 0000 0000 0316 0000 0700 07C0 0780 0780 223.00 0.000 6.000 0.000 0.000 0.000 20170414145250
B0 0000 0000 0316 0000 0700 07C0 0780 0780 223.00 0.000 6.000 0.000 0.000 0.000 20170414145251
B0 0000 0000 0316 0000 0700 07C0 0780 0780 223.00 0.000 6.000 0.000 0.000 0.000 20170414145251
B0 0000 0000 0316 0000 0700 07C0 0780 0780 223.00 0.000 6.000 0.000 0.000 0.000 20170414145251
B0 0000 0000 0316 0000 0700 07C0 0780 0780 223.00 0.000 6.000 0.000 0.000 0.000 20170414145251
B0 0000 0000 0316 0000 0700 07C0 0780 0780 223.00 0.000 6.000 0.000 0.000 0.000 20170414145251
B0 0000 0000 0316 0000 0700 07C0 0780 0780 223.00 0.000 6.000 0.000 0.000 0.000 20170414145251
B0 0000 0000 0316 0000 0700 07C0 0780 0780 223.00 0.000 6.000 0.000 0.000 0.000 20170414145251
B0 0000 0000 0316 0000 0700 07C0 0780 0780 223.00 0.000 6.000 0.000 0.000 0.000 20170414145251
B0 0000 0000 0316 0000 0700 07C0 0780 0780 223.00 0.000 6.000 0.000 0.000 0.000 20170414145251
B0 0000 0000 0316 0000 0700 07C0 0780 0780 222.00 0.000 6.000 0.000 0.000 0.000 20170414145252
B0 0000 0000 0316 0000 0700 07C0 0780 0780 223.00 0.000 6.000 0.000 0.000 0.000 20170414145252
B0 0000 0000 0316 0000 0700 07C0 0780 0780 223.00 0.000 6.000 0.000 0.000 0.000 20170414145252
B0 0000 0000 0316 0000 0700 07C0 0780 0780 223.00 0.000 6.000 0.000 0.000 0.000 20170414145252
B0 0000 0000 0316 0000 0700 07C0 0780 0780 222.00 0.000 6.000 0.000 0.000 0.000 20170414145252
B0 0000 0000 0316 0000 0700 07C0 0780 0780 222.00 0.000 6.000 0.000 0.000 0.000 20170414145252
B0 0000 0000 0316 0000 0700 07C0 0780 0780 223.00 0.000 6.000 0.000 0.000 0.000 20170414145252
B0 0000 0000 0316 0000 0700 07C0 0780 0780 223.00 0.000 6.000 0.000 0.000 0.000 20170414145252
B0 0000 0000 0316 0000 0700 07C0 0780 0780 223.00 0.000 6.000 0.000 0.000 0.000 20170414145253
B0 0000 0000 0316 0000 0700 07C0 0780 0780 223.00 0.000 6.000 0.000 0.000 0.000 20170414145253
B0 0000 0000 0316 0000 0740 07C0 0780 0780 223.00 0.000 6.000 0.000 0.000 0.000 20170414145253
B0 0000 0000 0316 0000 0740 07C0 0780 0780 223.00 0.000 6.000 0.000 0.000 0.000 20170414145253
B0 0000 0000 0316 0000 0740 07C0 0780 0780 223.00 0.000 6.000 0.000 0.000 0.000 20170414145253
B0 0000 0000 0316 0000 0740 07C0 0780 0780 223.00 0.000 6.000 0.000 0.000 0.000 20170414145253
B0 0000 0000 0316 0000 0740 07C0 0780 0780 223.00 0.000 6.000 0.000 0.000 0.000 20170414145253
B0 0000 0000 0316 0000 0740 07C0 0780 0780 223.00 0.000 6.000 0.000 0.000 0.000 20170414145253
B0 0000 0000 0316 0000 0740 07C0 0780 0780 223.00 0.000 6.000 0.000 0.000 0.000 20170414145254
B0 0000 0000 0316 0000 0740 07C0 0780 0780 223.00 0.000 6.000 0.000 0.000 0.000 20170414145254
B0 0000 0000 0316 0000 0740 07C0 0780 0780 223.00 0.000 6.000 0.000 0.000 0.000 20170414145254
B0 0000 0000 0316 0000 0740 07C0 0780 0780 223.00 0.000 6.000 0.000 0.000 0.000 20170414145254
B0 0000 0000 0316 0000 0740 07C0 0780 0780 222.00 0.000 6.000 0.000 0.000 0.000 20170414145254
B0 0000 0000 0316 0000 0740 07C0 0780 0780 222.00 0.000 6.000 0.000 0.000 0.000 20170414145254
B0 0000 0000 0316 0000 0740 07C0 0780 0780 222.00 0.000 6.000 0.000 0.000 0.000 20170414145254
B0 0000 0000 0316 0000 0740 07C0 0780 0780 222.00 0.000 6.000 0.000 0.000 0.000 20170414145254
B0 0000 0000 0316 0000 0740 07C0 0780 0780 223.00 0.000 6.000 0.000 0.000 0.000 20170414145255
B0 0000 0000 0316 0000 0740 07C0 0780 0780 222.00 0.000 6.000 0.000 0.000 0.000 20170414145255
B0 0000 0000 0316 0000 0740 07C0 0780 0780 222.00 0.000 6.000 0.000 0.000 0.000 20170414145255
B0 0000 0000 0316 0000 0740 07C0 0780 0780 223.00 0.000 6.000 0.000 0.000 0.000 20170414145255
B0 0000 0000 0316 0000 0740 07C0 0780 0780 223.00 0.000 6.000 0.000 0.000 0.000 20170414145255
B0 0000 0000 0316 0000 0740 07C0 0780 0780 223.00 0.000 6.000 0.000 0.000 0.000 20170414145255
B0 0000 0000 0316 0000 0740 07C0 0780 0780 222.00 0.000 6.000 0.000 0.000 0.000 20170414145255
B0 0000 0000 0316 0000 0740 07C0 0780 0780 222.00 0.000 6.000 0.000 0.000 0.000 20170414145255
B0 0000 0000 0316 0000 0740 07C0 0780 0780 222.00 0.000 6.000 0.000 0.000 0.000 20170414145256
B0 0000 0000 0316 0000 0740 07C0 0780 0780 222.00 0.000 6.000 0.000 0.000 0.000 20170414145256
B0 0000 0000 0316 0000 0740 07C0 0780 0780 223.00 0.000 6.000 0.000 0.000 0.000 20170414145256
B0 0000 0000 0316 0000 0740 07C0 0780 0780 222.00 0.000 6.000 0.000 0.000 0.000 20170414145256
B0 0000 0000 0316 0000 0740 07C0 0780 0780 222.00 0.000 6.000 0.000 0.000 0.000 20170414145256
B0 0000 0000 0316 0000 0740 07C0 0780 0780 222.00 0.000 6.000 0.000 0.000 0.000 20170414145256
B0 0000 0000 0316 0000 0740 07C0 0780 0780 222.00 0.000 6.000 0.000 0.000 0.000 20170414145256
B0 0000 0000 0316 0000 0740 07C0 0780 0780 223.00 0.000 6.000 0.000 0.000 0.000 20170414145256
B0 0000 0000 0316 0000 0740 07C0 0780 0780 222.00 0.000 6.000 0.000 0.000 0.000 20170414145257
B0 0000 0000 0316 0000 0740 07C0 0780 0780 222.00 0.000 6.000 0.000 0.000 0.000 20170414145257
B0 0000 0000 0316 0000 0740 07C0 0780 0780 222.00 0.000 6.000 0.000 0.000 0.000 20170414145257
B0 0000 0000 0316 0000 0740 07C0 0780 0780 222.00 0.000 6.000 0.000 0.000 0.000 20170414145257
B0 0000 0000 0316 0000 0740 07C0 0780 0780 223.00 0.000 6.000 0.000 0.000 0.000 20170414145257
B0 0000 0000 0316 0000 0740 07C0 0780 0780 222.00 0.000 6.000 0.000 0.000 0.000 20170414145257
B0 0000 0000 0316 0000 0740 07C0 0780 0780 222.00 0.000 6.000 0.000 0.000 0.000 20170414145257
B0 0000 0000 0316 0000 0740 07C0 0780 0780 222.00 0.000 6.000 0.000 0.000 0.000 20170414145257
B0 0000 0000 0316 0000 0740 07C0 0780 0780 222.00 0.000 6.000 0.000 0.000 0.000 20170414145258
B0 0000 0000 0316 0000 0740 07C0 0780 0780 223.00 0.000 6.000 0.000 0.000 0.000 20170414145258
B0 0000 0000 0316 0000 0740 07C0 0780 0780 223.00 0.000 6.000 0.000 0.000 0.000 20170414145258
B0 0000 0000 0316 0000 0740 07C0 0780 0780 222.00 0.000 6.000 0.000 0.000 0.000 20170414145258
B0 0000 0000 0316 0000 0740 07C0 0780 0780 222.00 0.000 6.000 0.000 0.000 0.000 20170414145258
B0 0000 0000 0316 0000 0740 07C0 0780 0780 222.00 0.000 6.000 0.000 0.000 0.000 20170414145258
B0 0000 0000 0316 0000 0740 07C0 0780 0780 222.00 0.000 6.000 0.000 0.000 0.000 20170414145258
B0 0000 0000 0316 0000 0740 07C0 0780 0780 222.00 0.000 6.000 0.000 0.000 0.000 20170414145258
B0 0000 0000 0316 0000 0740 07C0 0780 0780 222.00 0.000 6.000 0.000 0.000 0.000 20170414145259
B0 0000 0000 0316 0000 0740 07C0 0780 0780 222.00 0.000 6.000 0.000 0.000 0.000 20170414145259
B0 0000 0000 0316 0000 0740 07C0 0780 0780 222.00 0.000 6.000 0.000 0.000 0.000 20170414145259
B0 0000 0000 0316 0000 0740 07C0 0780 0780 222.00 0.000 6.000 0.000 0.000 0.000 20170414145259
B0 0000 0000 0316 0000 0740 07C0 0780 0780 223.00 0.000 6.000 0.000 0.000 0.000 20170414145259
B0 0000 0000 0316 0000 0740 07C0 0780 0780 222.00 0.000 6.000 0.000 0.000 0.000 20170414145259
B0 0000 0000 0316 0000 0740 07C0 0780 0780 222.00 0.000 6.000 0.000 0.000 0.000 20170414145259
B0 0000 0000 0316 0000 0740 07C0 0780 0780 222.00 0.000 6.000 0.000 0.000 0.000 20170414145259
B0 0000 0000 0316 0000 0740 07C0 0780 0780 222.00 0.000 6.000 0.000 0.000 0.000 20170414145300
B0 0000 0000 0316 0000 0740 07C0 0780 0780 222.00 0.000 6.000 0.000 0.000 0.000 20170414145300
B0 0000 0000 0316 0000 0740 07C0 0780 0780 222.00 0.000 6.000 0.000 0.000 0.000 20170414145300
B0 0000 0000 0316 0000 0740 07C0 0780 0780 222.00 0.000 6.000 0.000 0.000 0.000 20170414145300
B0 0000 0000 0316 0000 0740 07C0 0780 0780 222.00 0.000 6.000 0.000 0.000 0.000 20170414145300
B0 0000 0000 0316 0000 0740 07C0 0780 0780 222.00 0.000 6.000 0.000 0.000 0.000 20170414145300
B0 0000 0000 0316 0000 0740 07C0 0780 0780 222.00 0.000 6.000 0.000 0.000 0.000 20170414145300
B0 0000 0000 0316 0000 0740 07C0 0780 0780 222.00 0.000 6.000 0.000 0.000 0.000 20170414145300
B0 0000 0000 0316 0000 0740 07C0 0780 0780 222.00 0.000 6.000 0.000 0.000 0.000 20170414145301
B0 0000 0000 0316 0000 0740 07C0 0780 0780 222.00 0.000 6.000 0.000 0.000 0.000 20170414145301
B0 0000 0000 0316 0000 0740 07C0 0780 0780 222.00 0.000 6.000 0.000 0.000 0.000 20170414145301
B0 0000 0000 0316 0000 0740 07C0 0780 0780 222.00 0.000 6.000 0.000 0.000 0.000 20170414145301
B0 0000 0000 0316 0000 0740 07C0 0780 0780 222.00 0.000 6.000 0.000 0.000 0.000 20170414145301
B0 0000 0000 0316 0000 0740 07C0 0780 0780 222.00 0.000 6.000 0.000 0.000 0.000 20170414145301
B0 0000 0000 0316 0000 0740 07C0 0780 0780 222.00 0.000 6.000 0.000 0.000 0.000 20170414145301
B0 0000 0000 0316 0000 0740 07C0 0780 0780 222.00 0.000 6.000 0.000 0.000 0.000 20170414145301
B0 0000 0000 0316 0000 0740 07C0 0780 0780 222.00 0.000 6.000 0.000 0.000 0.000 20170414145302
B0 0000 0000 0316 0000 0740 07C0 0780 0780 222.00 0.000 6.000 0.000 0.000 0.000 20170414145302
B0 0000 0000 0316 0000 0740 07C0 0780 0780 222.00 0.000 6.000 0.000 0.000 0.000 20170414145302
B0 0000 0000 0316 0000 0740 07C0 0780 0780 222.00 0.000 6.000 0.000 0.000 0.000 20170414145302
B0 0000 0000 0316 0000 0740 07C0 0780 0780 222.00 0.000 6.000 0.000 0.000 0.000 20170414145302
B0 0000 0000 0316 0000 0740 07C0 0780 0780 223.00 0.000 6.000 0.000 0.000 0.000 20170414145302
B0 0000 0000 0316 0000 0740 07C0 0780 0780 223.00 0.000 6.000 0.000 0.000 0.000 20170414145302
B0 0000 0000 0316 0000 0740 07C0 0780 0780 223.00 0.000 6.000 0.000 0.000 0.000 20170414145302
B0 0000 0000 0316 0000 0740 07C0 0780 0780 222.00 0.000 6.000 0.000 0.000 0.000 20170414145303
B0 0000 0000 0316 0000 0740 07C0 0780 0780 222.00 0.000 6.000 0.000 0.000 0.000 20170414145303
B0 0000 0000 0316 0000 0740 07C0 0780 0780 223.00 0.000 6.000 0.000 0.000 0.000 20170414145303
B0 0000 0000 0316 0000 0740 07C0 0780 0780 223.00 0.000 6.000 0.000 0.000 0.000 20170414145303
B0 0000 0000 0316 0000 0740 07C0 0780 0780 222.00 0.000 6.000 0.000 0.000 0.000 20170414145303
B0 0000 0000 0316 0000 0740 07C0 0780 0780 222.00 0.000 6.000 0.000 0.000 0.000 20170414145303
B0 0000 0000 0316 0000 0740 07C0 0780 0780 222.00 0.000 6.000 0.000 0.000 0.000 20170414145303
B0 0000 0000 0316 0000 0740 07C0 0780 0780 222.00 0.000 6.000 0.000 0.000 0.000 20170414145303
B0 0000 0000 0316 0000 0740 07C0 0780 0780 223.00 0.000 6.000 0.000 0.000 0.000 20170414145304
B0 0000 0000 0316 0000 0740 07C0 0780 0780 222.00 0.000 6.000 0.000 0.000 0.000 20170414145304
B0 0000 0000 0316 0000 0740 07C0 0780 0780 222.00 0.000 6.000 0.000 0.000 0.000 20170414145304
B0 0000 0000 0316 0000 0740 07C0 0780 0780 222.00 0.000 6.000 0.000 0.000 0.000 20170414145304
B0 0000 0000 0316 0000 0740 07C0 0780 0780 222.00 0.000 6.000 0.000 0.000 0.000 20170414145304
B0 0000 0000 0316 0000 0740 07C0 0780 0780 222.00 0.000 6.000 0.000 0.000 0.000 20170414145304
B0 0000 0000 0316 0000 0740 07C0 0780 0780 222.00 0.000 6.000 0.000 0.000 0.000 20170414145304
B0 0000 0000 0316 0000 0740 07C0 0780 0780 222.00 0.000 6.000 0.000 0.000 0.000 20170414145304
B0 0000 0000 0316 0000 0740 07C0 0780 0780 222.00 0.000 6.000 0.000 0.000 0.000 20170414145304
B0 0000 0000 0316 0000 0740 07C0 0780 0780 222.00 0.000 6.000 0.000 0.000 0.000 20170414145305
B0 0000 0000 0316 0000 0740 07C0 0780 0780 222.00 0.000 6.000 0.000 0.000 0.000 20170414145305
B0 0000 0000 0316 0000 0740 07C0 0780 0780 222.00 0.000 6.000 0.000 0.000 0.000 20170414145305
B0 0000 0000 0316 0000 0740 07C0 0780 0780 222.00 0.000 6.000 0.000 0.000 0.000 20170414145305
B0 0000 0000 0316 0000 0740 07C0 0780 0780 222.00 0.000 6.000 0.000 0.000 0.000 20170414145305
B0 0000 0000 0316 0000 0740 07C0 0780 0780 222.00 0.000 6.000 0.000 0.000 0.000 20170414145305
B0 0000 0000 0316 0000 0740 07C0 0780 0780 222.00 0.000 6.000 0.000 0.000 0.000 20170414145305
B0 0000 0000 0316 0000 0740 07C0 0780 0780 222.00 0.000 6.000 0.000 0.000 0.000 20170414145305
B0 0000 0000 0316 0000 0740 07C0 0780 0780 222.00 0.000 6.000 0.000 0.000 0.000 20170414145306
B0 0000 0000 0316 0000 0740 07C0 0780 0780 222.00 0.000 6.000 0.000 0.000 0.000 20170414145306
B0 0000 0000 0316 0000 0740 07C0 0780 0780 222.00 0.000 6.000 0.000 0.000 0.000 20170414145306
B0 0000 0000 0316 0000 0740 07C0 0780 0780 222.00 0.000 6.000 0.000 0.000 0.000 20170414145306
B0 0000 0000 0316 0000 0740 07C0 0780 0780 222.00 0.000 6.000 0.000 0.000 0.000 20170414145306
B0 0000 0000 0316 0000 0740 07C0 0780 0780 222.00 0.000 6.000 0.000 0.000 0.000 20170414145306
B0 0000 0000 0316 0000 0740 07C0 0780 0780 222.00 0.000 6.000 0.000 0.000 0.000 20170414145306
B0 0000 0000 0316 0000 0740 07C0 0780 0780 222.00 0.000 6.000 0.000 0.000 0.000 20170414145306
B0 0000 0000 0316 0000 0740 07C0 0780 0780 222.00 0.000 6.000 0.000 0.000 0.000 20170414145307
B0 0000 0000 0316 0000 0740 07C0 0780 0780 222.00 0.000 6.000 0.000 0.000 0.000 20170414145307
B0 0000 0000 0316 0000 0740 07C0 0780 0780 222.00 0.000 6.000 0.000 0.000 0.000 20170414145307
B0 0000 0000 0316 0000 0740 07C0 0780 0780 222.00 0.000 6.000 0.000 0.000 0.000 20170414145307
B0 0000 0000 0316 0000 0740 07C0 0780 0780 222.00 0.000 6.000 0.000 0.000 0.000 20170414145307
B0 0000 0000 0316 0000 0740 07C0 0780 0780 222.00 0.000 6.000 0.000 0.000 0.000 20170414145307
B0 0000 0000 0316 0000 0740 07C0 0780 0780 222.00 0.000 6.000 0.000 0.000 0.000 20170414145307
B0 0000 0000 0316 0000 0740 07C0 0780 0780 222.00 0.000 6.000 0.000 0.000 0.000 20170414145307
B0 0000 0000 0316 0000 0740 07C0 0780 0780 222.00 0.000 6.000 0.000 0.000 0.000 20170414145308
B0 0000 0000 0316 0000 0740 07C0 0780 0780 222.00 0.000 6.000 0.000 0.000 0.000 20170414145308
B0 0000 0000 0316 0000 0740 07C0 0780 0780 222.00 0.000 6.000 0.000 0.000 0.000 20170414145308
B0 0000 0000 0316 0000 0740 07C0 0780 0780 222.00 0.000 6.000 0.000 0.000 0.000 20170414145308
B0 0000 0000 0316 0000 0740 07C0 0780 0780 222.00 0.000 6.000 0.000 0.000 0.000 20170414145308
B0 0000 0000 0316 0000 0740 07C0 0780 0780 222.00 0.000 6.000 0.000 0.000 0.000 20170414145308
B0 0000 0000 0316 0000 0740 07C0 0780 0780 222.00 0.000 6.000 0.000 0.000 0.000 20170414145308
B0 0000 0000 0316 0000 0740 07C0 0780 0780 222.00 0.000 6.000 0.000 0.000 0.000 20170414145308
B0 0000 0000 0316 0000 0740 07C0 0780 0780 222.00 0.000 6.000 0.000 0.000 0.000 20170414145309
B0 0000 0000 0316 0000 0740 07C0 0780 0780 222.00 0.000 6.000 0.000 0.000 0.000 20170414145309
B0 0000 0000 0316 0000 0740 07C0 0780 0780 222.00 0.000 6.000 0.000 0.000 0.000 20170414145309
B0 0000 0000 0316 0000 0740 07C0 0780 0780 222.00 0.000 6.000 0.000 0.000 0.000 20170414145309
B0 0000 0000 0316 0000 0740 07C0 0780 0780 222.00 0.000 6.000 0.000 0.000 0.000 20170414145309
B0 0000 0000 0316 0000 0740 07C0 0780 0780 222.00 0.000 6.000 0.000 0.000 0.000 20170414145309
B0 0000 0000 0316 0000 0740 07C0 0780 0780 223.00 0.000 6.000 0.000 0.000 0.000 20170414145309
B0 0000 0000 0316 0000 0740 07C0 0780 0780 222.00 0.000 6.000 0.000 0.000 0.000 20170414145309
B0 0000 0000 0316 0000 0740 07C0 0780 0780 222.00 0.000 6.000 0.000 0.000 0.000 20170414145310
B0 0000 0000 0316 0000 0740 07C0 0780 0780 222.00 0.000 6.000 0.000 0.000 0.000 20170414145310
B0 0000 0000 0316 0000 0740 07C0 0780 0780 222.00 0.000 6.000 0.000 0.000 0.000 20170414145310
B0 0000 0000 0316 0000 0740 07C0 0780 0780 222.00 0.000 6.000 0.000 0.000 0.000 20170414145310
B0 0000 0000 0316 0000 0740 07C0 0780 0780 222.00 0.000 6.000 0.000 0.000 0.000 20170414145310
B0 0000 0000 0316 0000 0740 07C0 0780 0780 222.00 0.000 6.000 0.000 0.000 0.000 20170414145310
B0 0000 0000 0316 0000 0740 07C0 0780 0780 222.00 0.000 6.000 0.000 0.000 0.000 20170414145310
B0 0000 0000 0316 0000 0740 07C0 0780 0780 222.00 0.000 6.000 0.000 0.000 0.000 20170414145310
B0 0000 0000 0316 0000 0740 07C0 0780 0780 222.00 0.000 6.000 0.000 0.000 0.000 20170414145311
B0 0000 0000 0316 0000 0740 07C0 0780 0780 222.00 0.000 6.000 0.000 0.000 0.000 20170414145311
B0 0000 0000 0316 0000 0740 07C0 0780 0780 222.00 0.000 6.000 0.000 0.000 0.000 20170414145311
B0 0000 0000 0316 0000 0740 07C0 0780 0780 222.00 0.000 6.000 0.000 0.000 0.000 20170414145311
B0 0000 0000 0316 0000 0740 07C0 0780 0780 222.00 0.000 6.000 0.000 0.000 0.000 20170414145311
B0 0000 0000 0316 0000 0740 07C0 0780 0780 222.00 0.000 6.000 0.000 0.000 0.000 20170414145311
B0 0000 0000 0316 0000 0740 07C0 0780 0780 222.00 0.000 6.000 0.000 0.000 0.000 20170414145311
B0 0000 0000 0316 0000 0740 07C0 0780 0780 222.00 0.000 6.000 0.000 0.000 0.000 20170414145311
B0 0000 0000 0316 0000 0740 07C0 0780 0780 222.00 0.000 6.000 0.000 0.000 0.000 20170414145312
B0 0000 0000 0316 0000 0740 07C0 0780 0780 222.00 0.000 6.000 0.000 0.000 0.000 20170414145312
B0 0000 0000 0316 0000 0740 07C0 0780 0780 222.00 0.000 6.000 0.000 0.000 0.000 20170414145312
B0 0000 0000 0316 0000 0740 07C0 0780 0780 222.00 0.000 6.000 0.000 0.000 0.000 20170414145312
B0 0000 0000 0316 0000 0740 07C0 0780 0780 222.00 0.000 6.000 0.000 0.000 0.000 20170414145312
B0 0000 0000 0316 0000 0740 07C0 0780 0780 222.00 0.000 6.000 0.000 0.000 0.000 20170414145312
B0 0000 0000 0316 0000 0740 07C0 0780 0780 222.00 0.000 6.000 0.000 0.000 0.000 20170414145312
B0 0000 0000 0316 0000 0740 07C0 0780 0780 222.00 0.000 6.000 0.000 0.000 0.000 20170414145312
B0 0000 0000 0316 0000 0740 07C0 0780 0780 222.00 0.000 6.000 0.000 0.000 0.000 20170414145313
B0 0000 0000 0316 0000 0740 07C0 0780 0780 222.00 0.000 6.000 0.000 0.000 0.000 20170414145313
B0 0000 0000 0316 0000 0740 07C0 0780 0780 222.00 0.000 6.000 0.000 0.000 0.000 20170414145313
B0 0000 0000 0316 0000 0740 07C0 0780 0780 222.00 0.000 6.000 0.000 0.000 0.000 20170414145313
B0 0000 0000 0316 0000 0740 07C0 0780 0780 222.00 0.000 6.000 0.000 0.000 0.000 20170414145313
B0 0000 0000 0316 0000 0740 07C0 0780 0780 222.00 0.000 6.000 0.000 0.000 0.000 20170414145313
B0 0000 0000 0316 0000 0740 07C0 0780 0780 223.00 0.000 6.000 0.000 0.000 0.000 20170414145313
B0 0000 0000 0316 0000 0740 07C0 0780 0780 222.00 0.000 6.000 0.000 0.000 0.000 20170414145313
B0 0000 0000 0316 0000 0740 07C0 0780 0780 222.00 0.000 6.000 0.000 0.000 0.000 20170414145313
B0 0000 0000 0316 0000 0740 07C0 0780 0780 222.00 0.000 6.000 0.000 0.000 0.000 20170414145314
B0 0000 0000 0316 0000 0740 07C0 0780 0780 222.00 0.000 6.000 0.000 0.000 0.000 20170414145314
B0 0000 0000 0316 0000 0740 07C0 0780 0780 222.00 0.000 6.000 0.000 0.000 0.000 20170414145314
B0 0000 0000 0316 0000 0740 07C0 0780 0780 222.00 0.000 6.000 0.000 0.000 0.000 20170414145314
B0 0000 0000 0316 0000 0740 07C0 0780 0780 222.00 0.000 6.000 0.000 0.000 0.000 20170414145314
B0 0000 0000 0316 0000 0740 07C0 0780 0780 222.00 0.000 6.000 0.000 0.000 0.000 20170414145314
B0 0000 0000 0316 0000 0740 07C0 0780 0780 222.00 0.000 6.000 0.000 0.000 0.000 20170414145314
B0 0000 0000 0316 0000 0740 07C0 0780 0780 222.00 0.000 6.000 0.000 0.000 0.000 20170414145315
B0 0000 0000 0316 0000 0740 07C0 0780 0780 222.00 0.000 6.000 0.000 0.000 0.000 20170414145315
B0 0000 0000 0316 0000 0740 07C0 0780 0780 222.00 0.000 6.000 0.000 0.000 0.000 20170414145315
B0 0000 0000 0316 0000 0740 07C0 0780 0780 222.00 0.000 6.000 0.000 0.000 0.000 20170414145315
B0 0000 0000 0316 0000 0740 07C0 0780 0780 222.00 0.000 6.000 0.000 0.000 0.000 20170414145315
B0 0000 0000 0316 0000 0740 07C0 0780 0780 222.00 0.000 6.000 0.000 0.000 0.000 20170414145315
B0 0000 0000 0316 0000 0740 07C0 0780 0780 222.00 0.000 6.000 0.000 0.000 0.000 20170414145315
B0 0000 0000 0316 0000 0740 07C0 0780 0780 222.00 0.000 6.000 0.000 0.000 0.000 20170414145315
B0 0000 0000 0316 0000 0740 07C0 0780 0780 222.00 0.000 6.000 0.000 0.000 0.000 20170414145315
B0 0000 0000 0316 0000 0740 07C0 0780 0780 222.00 0.000 6.000 0.000 0.000 0.000 20170414145316
B0 0000 0000 0316 0000 0740 07C0 0780 0780 222.00 0.000 6.000 0.000 0.000 0.000 20170414145316
B0 0000 0000 0316 0000 0740 07C0 0780 0780 222.00 0.000 6.000 0.000 0.000 0.000 20170414145316
B0 0000 0000 0316 0000 0740 07C0 0780 0780 222.00 0.000 6.000 0.000 0.000 0.000 20170414145316
B0 0000 0000 0316 0000 0740 07C0 0780 0780 222.00 0.000 6.000 0.000 0.000 0.000 20170414145316
B0 0000 0000 0316 0000 0740 07C0 0780 0780 222.00 0.000 6.000 0.000 0.000 0.000 20170414145316
B0 0000 0000 0316 0000 0740 07C0 0780 0780 222.00 0.000 6.000 0.000 0.000 0.000 20170414145316
B0 0000 0000 0316 0000 0740 07C0 0780 0780 222.00 0.000 6.000 0.000 0.000 0.000 20170414145316
B0 0000 0000 0316 0000 0740 07C0 0780 0780 222.00 0.000 6.000 0.000 0.000 0.000 20170414145317
B0 0000 0000 0316 0000 0740 07C0 0780 0780 222.00 0.000 6.000 0.000 0.000 0.000 20170414145317
B0 0000 0000 0316 0000 0740 07C0 0780 0780 222.00 0.000 6.000 0.000 0.000 0.000 20170414145317
B0 0000 0000 0316 0000 0740 07C0 0780 0780 222.00 0.000 6.000 0.000 0.000 0.000 20170414145317
B0 0000 0000 0316 0000 0740 07C0 0780 0780 222.00 0.000 6.000 0.000 0.000 0.000 20170414145317
B0 0000 0000 0316 0000 0740 07C0 0780 0780 222.00 0.000 6.000 0.000 0.000 0.000 20170414145317
B0 0000 0000 0316 0000 0740 07C0 0780 0780 222.00 0.000 6.000 0.000 0.000 0.000 20170414145317
B0 0000 0000 0316 0000 0740 07C0 0780 0780 222.00 0.000 6.000 0.000 0.000 0.000 20170414145317
B0 0000 0000 0316 0000 0740 07C0 0780 0780 222.00 0.000 6.000 0.000 0.000 0.000 20170414145318
B0 0000 0000 0316 0000 0740 07C0 0780 0780 222.00 0.000 6.000 0.000 0.000 0.000 20170414145318
B0 0000 0000 0316 0000 0740 07C0 0780 0780 222.00 0.000 6.000 0.000 0.000 0.000 20170414145318
B0 0000 0000 0316 0000 0740 07C0 0780 0780 222.00 0.000 6.000 0.000 0.000 0.000 20170414145318
B0 0000 0000 0316 0000 0740 07C0 0780 0780 222.00 0.000 6.000 0.000 0.000 0.000 20170414145318
B0 0000 0000 0316 0000 0740 07C0 0780 0780 222.00 0.000 6.000 0.000 0.000 0.000 20170414145318
B0 0000 0000 0316 0000 0740 07C0 0780 0780 222.00 0.000 6.000 0.000 0.000 0.000 20170414145318
B0 0000 0000 0316 0000 0740 07C0 0780 0780 222.00 0.000 6.000 0.000 0.000 0.000 20170414145318
B0 0000 0000 0316 0000 0740 07C0 0780 0780 222.00 0.000 6.000 0.000 0.000 0.000 20170414145319
B0 0000 0000 0316 0000 0740 07C0 0780 0780 222.00 0.000 6.000 0.000 0.000 0.000 20170414145319
B0 0000 0000 0316 0000 0740 07C0 0780 0780 222.00 0.000 6.000 0.000 0.000 0.000 20170414145319
B0 0000 0000 0316 0000 0740 07C0 0780 0780 222.00 0.000 6.000 0.000 0.000 0.000 20170414145319
B0 0000 0000 0316 0000 0740 07C0 0780 0780 222.00 0.000 6.000 0.000 0.000 0.000 20170414145319
B0 0000 0000 0316 0000 0740 07C0 0780 0780 222.00 0.000 6.000 0.000 0.000 0.000 20170414145319
B0 0000 0000 0316 0000 0740 07C0 0780 0780 222.00 0.000 6.000 0.000 0.000 0.000 20170414145319
B0 0000 0000 0316 0000 0740 07C0 0780 0780 222.00 0.000 6.000 0.000 0.000 0.000 20170414145319
B0 0000 0000 0316 0000 0740 07C0 0780 0780 222.00 0.000 6.000 0.000 0.000 0.000 20170414145320
B0 0000 0000 0316 0000 0740 07C0 0780 0780 222.00 0.000 6.000 0.000 0.000 0.000 20170414145320
B0 0000 0000 0316 0000 0740 07C0 0780 0780 222.00 0.000 6.000 0.000 0.000 0.000 20170414145320
B0 0000 0000 0316 0000 0740 07C0 0780 0780 222.00 0.000 6.000 0.000 0.000 0.000 20170414145320
B0 0000 0000 0316 0000 0740 07C0 0780 0780 222.00 0.000 6.000 0.000 0.000 0.000 20170414145320
B0 0000 0000 0316 0000 0740 07C0 0780 0780 222.00 0.000 6.000 0.000 0.000 0.000 20170414145320
B0 0000 0000 0316 0000 0740 07C0 0780 0780 222.00 0.000 6.000 0.000 0.000 0.000 20170414145320
B0 0000 0000 0316 0000 0740 07C0 0780 0780 222.00 0.000 6.000 0.000 0.000 0.000 20170414145320
B0 0000 0000 0316 0000 0740 07C0 0780 0780 222.00 0.000 6.000 0.000 0.000 0.000 20170414145321
B0 0000 0000 0316 0000 0740 07C0 0780 0780 222.00 0.000 6.000 0.000 0.000 0.000 20170414145321
B0 0000 0000 0316 0000 0740 07C0 0780 0780 222.00 0.000 6.000 0.000 0.000 0.000 20170414145321
B0 0000 0000 0316 0000 0740 07C0 0780 0780 222.00 0.000 6.000 0.000 0.000 0.000 20170414145321
B0 0000 0000 0316 0000 0740 07C0 0780 0780 222.00 0.000 6.000 0.000 0.000 0.000 20170414145321
B0 0000 0000 0316 0000 0740 07C0 0780 0780 222.00 0.000 6.000 0.000 0.000 0.000 20170414145321
B0 0000 0000 0316 0000 0740 07C0 0780 0780 222.00 0.000 6.000 0.000 0.000 0.000 20170414145321
B0 0000 0000 0316 0000 0740 07C0 0780 0780 222.00 0.000 6.000 0.000 0.000 0.000 20170414145321
B0 0000 0000 0316 0000 0740 07C0 0780 0780 222.00 0.000 6.000 0.000 0.000 0.000 20170414145322
B0 0000 0000 0316 0000 0740 07C0 0780 0780 222.00 0.000 6.000 0.000 0.000 0.000 20170414145322
B0 0000 0000 0316 0000 0740 07C0 0780 0780 222.00 0.000 6.000 0.000 0.000 0.000 20170414145322
B0 0000 0000 0316 0000 0740 07C0 0780 0780 222.00 0.000 6.000 0.000 0.000 0.000 20170414145322
B0 0000 0000 0316 0000 0740 07C0 0780 0780 222.00 0.000 6.000 0.000 0.000 0.000 20170414145322
B0 0000 0000 0316 0000 0740 07C0 0780 0780 222.00 0.000 6.000 0.000 0.000 0.000 20170414145322
B0 0000 0000 0316 0000 0740 07C0 0780 0780 222.00 0.000 6.000 0.000 0.000 0.000 20170414145322
B0 0000 0000 0316 0000 0740 07C0 0780 0780 222.00 0.000 6.000 0.000 0.000 0.000 20170414145322
B0 0000 0000 0316 0000 0740 07C0 0780 0780 222.00 0.000 6.000 0.000 0.000 0.000 20170414145323
B0 0000 0000 0316 0000 0740 07C0 0780 0780 222.00 0.000 6.000 0.000 0.000 0.000 20170414145323
B0 0000 0000 0316 0000 0740 07C0 0780 0780 222.00 0.000 6.000 0.000 0.000 0.000 20170414145323
B0 0000 0000 0316 0000 0740 07C0 0780 0780 222.00 0.000 6.000 0.000 0.000 0.000 20170414145323
B0 0000 0000 0316 0000 0740 07C0 0780 0780 222.00 0.000 6.000 0.000 0.000 0.000 20170414145323
B0 0000 0000 0316 0000 0740 07C0 0780 0780 222.00 0.000 6.000 0.000 0.000 0.000 20170414145323
B0 0000 0000 0316 0000 0740 07C0 0780 0780 222.00 0.000 6.000 0.000 0.000 0.000 20170414145323
B0 0000 0000 0316 0000 0740 07C0 0780 0780 222.00 0.000 6.000 0.000 0.000 0.000 20170414145323
B0 0000 0000 0316 0000 0740 07C0 0780 0780 222.00 0.000 6.000 0.000 0.000 0.000 20170414145324
B0 0000 0000 0316 0000 0740 07C0 0780 0780 222.00 0.000 6.000 0.000 0.000 0.000 20170414145324
B0 0000 0000 0316 0000 0740 07C0 0780 0780 222.00 0.000 6.000 0.000 0.000 0.000 20170414145324
B0 0000 0000 0316 0000 0740 07C0 0780 0780 222.00 0.000 6.000 0.000 0.000 0.000 20170414145324
B0 0000 0000 0316 0000 0740 07C0 0780 0780 222.00 0.000 6.000 0.000 0.000 0.000 20170414145324
B0 0000 0000 0316 0000 0740 07C0 0780 0780 222.00 0.000 6.000 0.000 0.000 0.000 20170414145324
B0 0000 0000 0316 0000 0740 07C0 0780 0780 222.00 0.000 6.000 0.000 0.000 0.000 20170414145324
B0 0000 0000 0316 0000 0740 07C0 0780 0780 222.00 0.000 6.000 0.000 0.000 0.000 20170414145324
B0 0000 0000 0316 0000 0740 07C0 0780 0780 222.00 0.000 6.000 0.000 0.000 0.000 20170414145324
B0 0000 0000 0316 0000 0740 07C0 0780 0780 222.00 0.000 6.000 0.000 0.000 0.000 20170414145325
B0 0000 0000 0316 0000 0740 07C0 0780 0780 222.00 0.000 6.000 0.000 0.000 0.000 20170414145325
B0 0000 0000 0316 0000 0740 07C0 0780 0780 222.00 0.000 6.000 0.000 0.000 0.000 20170414145325
B0 0000 0000 0316 0000 0740 07C0 0780 0780 222.00 0.000 6.000 0.000 0.000 0.000 20170414145325
B0 0000 0000 0316 0000 0740 07C0 0780 0780 222.00 0.000 6.000 0.000 0.000 0.000 20170414145325
B0 0000 0000 0316 0000 0740 07C0 0780 0780 222.00 0.000 6.000 0.000 0.000 0.000 20170414145325
B0 0000 0000 0316 0000 0740 07C0 0780 0780 222.00 0.000 6.000 0.000 0.000 0.000 20170414145325
B0 0000 0000 0316 0000 0740 07C0 0780 0780 222.00 0.000 6.000 0.000 0.000 0.000 20170414145326
B0 0000 0000 0316 0000 0740 07C0 0780 0780 222.00 0.000 6.000 0.000 0.000 0.000 20170414145326
B0 0000 0000 0316 0000 0740 07C0 0780 0780 222.00 0.000 6.000 0.000 0.000 0.000 20170414145326
B0 0000 0000 0316 0000 0740 07C0 0780 0780 222.00 0.000 6.000 0.000 0.000 0.000 20170414145326
B0 0000 0000 0316 0000 0740 07C0 0780 0780 222.00 0.000 6.000 0.000 0.000 0.000 20170414145326
B0 0000 0000 0316 0000 0740 07C0 0780 0780 222.00 0.000 6.000 0.000 0.000 0.000 20170414145326
B0 0000 0000 0316 0000 0740 07C0 0780 0780 222.00 0.000 6.000 0.000 0.000 0.000 20170414145326
B0 0000 0000 0316 0000 0740 07C0 0780 0780 222.00 0.000 6.000 0.000 0.000 0.000 20170414145326
B0 0000 0000 0316 0000 0740 07C0 0780 0780 222.00 0.000 6.000 0.000 0.000 0.000 20170414145327
B0 0000 0000 0316 0000 0740 07C0 0780 0780 222.00 0.000 6.000 0.000 0.000 0.000 20170414145327
B0 0000 0000 0316 0000 0740 07C0 0780 0780 222.00 0.000 6.000 0.000 0.000 0.000 20170414145327
B0 0000 0000 0316 0000 0740 07C0 0780 0780 222.00 0.000 6.000 0.000 0.000 0.000 20170414145327
B0 0000 0000 0316 0000 0740 07C0 0780 0780 222.00 0.000 6.000 0.000 0.000 0.000 20170414145327
B0 0000 0000 0316 0000 0740 07C0 0780 0780 222.00 0.000 6.000 0.000 0.000 0.000 20170414145327
B0 0000 0000 0316 0000 0740 07C0 0780 0780 222.00 0.000 6.000 0.000 0.000 0.000 20170414145327
B0 0000 0000 0316 0000 0740 07C0 0780 0780 222.00 0.000 6.000 0.000 0.000 0.000 20170414145328
B0 0000 0000 0316 0000 0740 07C0 0780 0780 222.00 0.000 6.000 0.000 0.000 0.000 20170414145328
B0 0000 0000 0316 0000 0740 07C0 0780 0780 222.00 0.000 6.000 0.000 0.000 0.000 20170414145328
B0 0000 0000 0316 0000 0740 07C0 0780 0780 222.00 0.000 6.000 0.000 0.000 0.000 20170414145328
B0 0000 0000 0316 0000 0740 07C0 0780 0780 222.00 0.000 6.000 0.000 0.000 0.000 20170414145328
B0 0000 0000 0316 0000 0740 07C0 0780 0780 222.00 0.000 6.000 0.000 0.000 0.000 20170414145328
B0 0000 0000 0316 0000 0740 07C0 0780 0780 222.00 0.000 6.000 0.000 0.000 0.000 20170414145329
B0 0000 0000 0316 0000 0740 07C0 0780 0780 222.00 0.000 6.000 0.000 0.000 0.000 20170414145329
B0 0000 0000 0316 0000 0740 07C0 0780 0780 222.00 0.000 6.000 0.000 0.000 0.000 20170414145329
B0 0000 0000 0316 0000 0740 07C0 0780 0780 222.00 0.000 6.000 0.000 0.000 0.000 20170414145329
B0 0000 0000 0316 0000 0740 07C0 0780 0780 222.00 0.000 6.000 0.000 0.000 0.000 20170414145329
B0 0000 0000 0316 0000 0740 07C0 0780 0780 222.00 0.000 6.000 0.000 0.000 0.000 20170414145329
B0 0000 0000 0316 0000 0740 07C0 0780 0780 222.00 0.000 6.000 0.000 0.000 0.000 20170414145329
B0 0000 0000 0316 0000 0740 07C0 0780 0780 222.00 0.000 6.000 0.000 0.000 0.000 20170414145329
B0 0000 0000 0316 0000 0740 07C0 0780 0780 222.00 0.000 6.000 0.000 0.000 0.000 20170414145330
B0 0000 0000 0316 0000 0740 07C0 0780 0780 222.00 0.000 6.000 0.000 0.000 0.000 20170414145330
B0 0000 0000 0316 0000 0740 07C0 0780 0780 222.00 0.000 6.000 0.000 0.000 0.000 20170414145330
B0 0000 0000 0316 0000 0740 07C0 0780 0780 222.00 0.000 6.000 0.000 0.000 0.000 20170414145330
B0 0000 0000 0316 0000 0740 07C0 0780 0780 222.00 0.000 6.000 0.000 0.000 0.000 20170414145330
B0 0000 0000 0316 0000 0740 07C0 0780 0780 222.00 0.000 6.000 0.000 0.000 0.000 20170414145330
B0 0000 0000 0316 0000 0740 07C0 0780 0780 222.00 0.000 6.000 0.000 0.000 0.000 20170414145330
B0 0000 0000 0316 0000 0740 07C0 0780 0780 222.00 0.000 6.000 0.000 0.000 0.000 20170414145331
B0 0000 0000 0316 0000 0740 07C0 0780 0780 222.00 0.000 6.000 0.000 0.000 0.000 20170414145331
B0 0000 0000 0316 0000 0740 07C0 0780 0780 222.00 0.000 6.000 0.000 0.000 0.000 20170414145331
B0 0000 0000 0316 0000 0740 07C0 0780 0780 222.00 0.000 6.000 0.000 0.000 0.000 20170414145331
B0 0000 0000 0316 0000 0740 07C0 0780 0780 222.00 0.000 6.000 0.000 0.000 0.000 20170414145331
B0 0000 0000 0316 0000 0740 07C0 0780 0780 222.00 0.000 6.000 0.000 0.000 0.000 20170414145331
B0 0000 0000 0316 0000 0740 07C0 0780 0780 222.00 0.000 6.000 0.000 0.000 0.000 20170414145331
B0 0000 0000 0316 0000 0740 07C0 0780 0780 222.00 0.000 6.000 0.000 0.000 0.000 20170414145332
B0 0000 0000 0316 0000 0740 07C0 0780 0780 222.00 0.000 6.000 0.000 0.000 0.000 20170414145332
B0 0000 0000 0316 0000 0780 07C0 0780 0780 222.00 0.000 6.000 0.000 0.000 0.000 20170414145332
B0 0000 0000 0316 0000 0740 07C0 0780 0780 222.00 0.000 6.000 0.000 0.000 0.000 20170414145332
B0 0000 0000 0316 0000 0740 07C0 0780 0780 222.00 0.000 6.000 0.000 0.000 0.000 20170414145332
B0 0000 0000 0316 0000 0740 07C0 0780 0780 222.00 0.000 6.000 0.000 0.000 0.000 20170414145332
B0 0000 0000 0316 0000 0740 07C0 0780 0780 222.00 0.000 6.000 0.000 0.000 0.000 20170414145332
B0 0000 0000 0316 0000 0740 07C0 0780 0780 222.00 0.000 6.000 0.000 0.000 0.000 20170414145332
B0 0000 0000 0316 0000 0740 07C0 0780 0780 222.00 0.000 6.000 0.000 0.000 0.000 20170414145333
B0 0000 0000 0316 0000 0740 07C0 0780 0780 222.00 0.000 6.000 0.000 0.000 0.000 20170414145333
B0 0000 0000 0316 0000 0740 07C0 0780 0780 222.00 0.000 6.000 0.000 0.000 0.000 20170414145333
B0 0000 0000 0316 0000 0740 07C0 0780 0780 222.00 0.000 6.000 0.000 0.000 0.000 20170414145333
B0 0000 0000 0316 0000 0780 07C0 0780 0780 222.00 0.000 6.000 0.000 0.000 0.000 20170414145333
B0 0000 0000 0316 0000 0780 07C0 0780 0780 222.00 0.000 6.000 0.000 0.000 0.000 20170414145333
B0 0000 0000 0316 0000 0780 07C0 0780 0780 222.00 0.000 6.000 0.000 0.000 0.000 20170414145333
B0 0000 0000 0316 0000 0780 07C0 0780 0780 222.00 0.000 6.000 0.000 0.000 0.000 20170414145333
B0 0000 0000 0316 0000 0740 07C0 0780 0780 222.00 0.000 6.000 0.000 0.000 0.000 20170414145334
B0 0000 0000 0316 0000 0780 07C0 0780 0780 222.00 0.000 6.000 0.000 0.000 0.000 20170414145334
B0 0000 0000 0316 0000 0780 07C0 0780 0780 222.00 0.000 6.000 0.000 0.000 0.000 20170414145334
B0 0000 0000 0316 0000 0780 07C0 0780 0780 222.00 0.000 6.000 0.000 0.000 0.000 20170414145334
B0 0000 0000 0316 0000 0780 07C0 0780 0780 222.00 0.000 6.000 0.000 0.000 0.000 20170414145334
B0 0000 0000 0316 0000 0780 07C0 0780 0780 222.00 0.000 6.000 0.000 0.000 0.000 20170414145334
B0 0000 0000 0316 0000 0780 07C0 0780 0780 222.00 0.000 6.000 0.000 0.000 0.000 20170414145334
B0 0000 0000 0316 0000 0780 07C0 0780 0780 222.00 0.000 6.000 0.000 0.000 0.000 20170414145334
B0 0000 0000 0316 0000 0780 07C0 0780 0780 222.00 0.000 6.000 0.000 0.000 0.000 20170414145335
B0 0000 0000 0316 0000 0780 07C0 0780 0780 222.00 0.000 6.000 0.000 0.000 0.000 20170414145335
B0 0000 0000 0316 0000 0780 07C0 0780 0780 222.00 0.000 6.000 0.000 0.000 0.000 20170414145335
B0 0000 0000 0316 0000 0780 07C0 0780 0780 222.00 0.000 6.000 0.000 0.000 0.000 20170414145335
B0 0000 0000 0316 0000 0780 07C0 0780 0780 222.00 0.000 6.000 0.000 0.000 0.000 20170414145335
B0 0000 0000 0316 0000 0780 07C0 0780 0780 222.00 0.000 6.000 0.000 0.000 0.000 20170414145335
B0 0000 0000 0316 0000 0780 07C0 0780 0780 222.00 0.000 6.000 0.000 0.000 0.000 20170414145335
B0 0000 0000 0316 0000 0780 07C0 0780 0780 222.00 0.000 6.000 0.000 0.000 0.000 20170414145335
B0 0000 0000 0316 0000 0780 07C0 0780 0780 222.00 0.000 6.000 0.000 0.000 0.000 20170414145335
B0 0000 0000 0316 0000 0780 07C0 0780 0780 222.00 0.000 6.000 0.000 0.000 0.000 20170414145336
B0 0000 0000 0316 0000 0780 07C0 0780 0780 222.00 0.000 6.000 0.000 0.000 0.000 20170414145336
B0 0000 0000 0316 0000 0780 07C0 0780 0780 222.00 0.000 6.000 0.000 0.000 0.000 20170414145336
B0 0000 0000 0316 0000 0780 07C0 0780 0780 222.00 0.000 6.000 0.000 0.000 0.000 20170414145336
B0 0000 0000 0316 0000 0780 07C0 0780 0780 222.00 0.000 6.000 0.000 0.000 0.000 20170414145336
B0 0000 0000 0316 0000 0780 07C0 0780 0780 222.00 0.000 6.000 0.000 0.000 0.000 20170414145336
B0 0000 0000 0316 0000 0780 07C0 0780 07C0 222.00 0.000 6.000 0.000 0.000 0.000 20170414145336
B0 0000 0000 0316 0000 0780 07C0 0780 0780 222.00 0.000 6.000 0.000 0.000 0.000 20170414145337
B0 0000 0000 0316 0000 0780 07C0 0780 07C0 222.00 0.000 6.000 0.000 0.000 0.000 20170414145337
B0 0000 0000 0316 0000 0780 07C0 0780 0780 222.00 0.000 6.000 0.000 0.000 0.000 20170414145337
B0 0000 0000 0316 0000 0780 07C0 0780 07C0 222.00 0.000 6.000 0.000 0.000 0.000 20170414145337
B0 0000 0000 0316 0000 0780 07C0 0780 07C0 222.00 0.000 6.000 0.000 0.000 0.000 20170414145337
B0 0000 0000 0316 0000 0780 07C0 0780 07C0 222.00 0.000 6.000 0.000 0.000 0.000 20170414145337
B0 0000 0000 0316 0000 0780 07C0 0780 0780 222.00 0.000 6.000 0.000 0.000 0.000 20170414145337
B0 0000 0000 0316 0000 0780 07C0 0780 07C0 222.00 0.000 6.000 0.000 0.000 0.000 20170414145337
B0 0000 0000 0316 0000 0780 07C0 0780 07C0 222.00 0.000 6.000 0.000 0.000 0.000 20170414145338
B0 0000 0000 0316 0000 0780 07C0 0780 0780 222.00 0.000 6.000 0.000 0.000 0.000 20170414145338
B0 0000 0000 0316 0000 0780 07C0 0780 07C0 222.00 0.000 6.000 0.000 0.000 0.000 20170414145338
B0 0000 0000 0316 0000 0780 07C0 0780 07C0 222.00 0.000 6.000 0.000 0.000 0.000 20170414145338
B0 0000 0000 0316 0000 0780 07C0 0780 07C0 222.00 0.000 6.000 0.000 0.000 0.000 20170414145338
B0 0000 0000 0316 0000 0780 07C0 0780 07C0 222.00 0.000 6.000 0.000 0.000 0.000 20170414145338
B0 0000 0000 0316 0000 0780 07C0 0780 07C0 222.00 0.000 6.000 0.000 0.000 0.000 20170414145338
B0 0000 0000 0316 0000 0780 07C0 0780 07C0 222.00 0.000 6.000 0.000 0.000 0.000 20170414145338
B0 0000 0000 0316 0000 0780 07C0 0780 07C0 222.00 0.000 6.000 0.000 0.000 0.000 20170414145339
B0 0000 0000 0316 0000 0780 07C0 0780 07C0 222.00 0.000 6.000 0.000 0.000 0.000 20170414145339
B0 0000 0000 0316 0000 0780 07C0 0780 07C0 222.00 0.000 6.000 0.000 0.000 0.000 20170414145339
B0 0000 0000 0316 0000 0780 07C0 0780 07C0 222.00 0.000 6.000 0.000 0.000 0.000 20170414145339
B0 0000 0000 0316 0000 0780 07C0 0780 07C0 222.00 0.000 6.000 0.000 0.000 0.000 20170414145339
B0 0000 0000 0316 0000 0780 07C0 0780 07C0 222.00 0.000 6.000 0.000 0.000 0.000 20170414145339
B0 0000 0000 0316 0000 0780 07C0 0780 07C0 222.00 0.000 6.000 0.000 0.000 0.000 20170414145339
B0 0000 0000 0316 0000 0780 07C0 0780 07C0 222.00 0.000 6.000 0.000 0.000 0.000 20170414145340
B0 0000 0000 0316 0000 0780 07C0 0780 07C0 222.00 0.000 6.000 0.000 0.000 0.000 20170414145340
B0 0000 0000 0316 0000 0780 07C0 0780 07C0 222.00 0.000 6.000 0.000 0.000 0.000 20170414145340
B0 0000 0000 0316 0000 0780 07C0 0780 07C0 222.00 0.000 6.000 0.000 0.000 0.000 20170414145340
B0 0000 0000 0316 0000 0780 07C0 0780 07C0 222.00 0.000 6.000 0.000 0.000 0.000 20170414145340
B0 0000 0000 0316 0000 0780 07C0 0780 07C0 222.00 0.000 6.000 0.000 0.000 0.000 20170414145340
B0 0000 0000 0316 0000 0780 07C0 0780 07C0 222.00 0.000 6.000 0.000 0.000 0.000 20170414145340
B0 0000 0000 0316 0000 0780 07C0 0780 07C0 222.00 0.000 6.000 0.000 0.000 0.000 20170414145340
B0 0000 0000 0316 0000 0780 07C0 0780 07C0 222.00 0.000 6.000 0.000 0.000 0.000 20170414145340
B0 0000 0000 0316 0000 0780 07C0 0780 07C0 222.00 0.000 6.000 0.000 0.000 0.000 20170414145341
B0 0000 0000 0316 0000 0780 07C0 0780 07C0 222.00 0.000 6.000 0.000 0.000 0.000 20170414145341
B0 0000 0000 0316 0000 0780 07C0 0780 07C0 222.00 0.000 6.000 0.000 0.000 0.000 20170414145341
B0 0000 0000 0316 0000 0780 07C0 0780 07C0 222.00 0.000 6.000 0.000 0.000 0.000 20170414145341
B0 0000 0000 0316 0000 0780 07C0 0780 07C0 222.00 0.000 6.000 0.000 0.000 0.000 20170414145341
B0 0000 0000 0316 0000 0780 07C0 0780 07C0 222.00 0.000 6.000 0.000 0.000 0.000 20170414145341
B0 0000 0000 0316 0000 0780 07C0 0780 07C0 222.00 0.000 6.000 0.000 0.000 0.000 20170414145342
B0 0000 0000 0316 0000 0780 07C0 0780 07C0 222.00 0.000 6.000 0.000 0.000 0.000 20170414145342
B0 0000 0000 0316 0000 0780 07C0 0780 07C0 222.00 0.000 6.000 0.000 0.000 0.000 20170414145342
B0 0000 0000 0316 0000 0780 07C0 0780 07C0 222.00 0.000 6.000 0.000 0.000 0.000 20170414145342
B0 0000 0000 0316 0000 0780 07C0 0780 07C0 222.00 0.000 6.000 0.000 0.000 0.000 20170414145342
B0 0000 0000 0316 0000 0780 07C0 0780 07C0 222.00 0.000 6.000 0.000 0.000 0.000 20170414145342
B0 0000 0000 0316 0000 0780 07C0 0780 07C0 222.00 0.000 6.000 0.000 0.000 0.000 20170414145342
B0 0000 0000 0316 0000 0780 07C0 0780 07C0 223.00 0.000 6.000 0.000 0.000 0.000 20170414145342
B0 0000 0000 0316 0000 0780 07C0 0780 07C0 222.00 0.000 6.000 0.000 0.000 0.000 20170414145342
B0 0000 0000 0316 0000 0780 07C0 0780 07C0 222.00 0.000 6.000 0.000 0.000 0.000 20170414145343
B0 0000 0000 0316 0000 0780 07C0 0780 07C0 222.00 0.000 6.000 0.000 0.000 0.000 20170414145343
B0 0000 0000 0316 0000 0780 07C0 0780 07C0 222.00 0.000 6.000 0.000 0.000 0.000 20170414145343
B0 0000 0000 0316 0000 0780 07C0 0780 07C0 223.00 0.000 6.000 0.000 0.000 0.000 20170414145343
B0 0000 0000 0316 0000 0780 07C0 0780 07C0 222.00 0.000 6.000 0.000 0.000 0.000 20170414145343
B0 0000 0000 0316 0000 0780 07C0 0780 07C0 222.00 0.000 6.000 0.000 0.000 0.000 20170414145343
B0 0000 0000 0316 0000 0780 07C0 0780 07C0 222.00 0.000 6.000 0.000 0.000 0.000 20170414145343
B0 0000 0000 0316 0000 0780 07C0 0780 07C0 222.00 0.000 6.000 0.000 0.000 0.000 20170414145343
B0 0000 0000 0316 0000 0780 07C0 0780 07C0 223.00 0.000 6.000 0.000 0.000 0.000 20170414145344
B0 0000 0000 0316 0000 0780 07C0 0780 07C0 222.00 0.000 6.000 0.000 0.000 0.000 20170414145344
B0 0000 0000 0316 0000 0780 07C0 0780 07C0 222.00 0.000 6.000 0.000 0.000 0.000 20170414145344
B0 0000 0000 0316 0000 0780 07C0 0780 07C0 222.00 0.000 6.000 0.000 0.000 0.000 20170414145344
B0 0000 0000 0316 0000 0780 07C0 0780 07C0 222.00 0.000 6.000 0.000 0.000 0.000 20170414145344
B0 0000 0000 0316 0000 0780 07C0 0780 07C0 222.00 0.000 6.000 0.000 0.000 0.000 20170414145344
B0 0000 0000 0316 0000 0780 07C0 0780 07C0 222.00 0.000 6.000 0.000 0.000 0.000 20170414145344
B0 0000 0000 0316 0000 0780 07C0 0780 07C0 222.00 0.000 6.000 0.000 0.000 0.000 20170414145344
B0 0000 0000 0316 0000 0780 07C0 0780 07C0 222.00 0.000 6.000 0.000 0.000 0.000 20170414145345
B0 0000 0000 0316 0000 0780 07C0 0780 07C0 222.00 0.000 6.000 0.000 0.000 0.000 20170414145345
B0 0000 0000 0316 0000 0780 07C0 0780 07C0 222.00 0.000 6.000 0.000 0.000 0.000 20170414145345
B0 0000 0000 0316 0000 0780 07C0 0780 07C0 222.00 0.000 6.000 0.000 0.000 0.000 20170414145345
B0 0000 0000 0316 0000 0780 07C0 0780 07C0 222.00 0.000 6.000 0.000 0.000 0.000 20170414145345
B0 0000 0000 0316 0000 0780 07C0 0780 07C0 222.00 0.000 6.000 0.000 0.000 0.000 20170414145345
B0 0000 0000 0316 0000 0780 07C0 0780 07C0 222.00 0.000 6.000 0.000 0.000 0.000 20170414145345
B0 0000 0000 0316 0000 0780 07C0 0780 07C0 222.00 0.000 6.000 0.000 0.000 0.000 20170414145345
B0 0000 0000 0316 0000 0780 07C0 0780 07C0 222.00 0.000 6.000 0.000 0.000 0.000 20170414145345
B0 0000 0000 0316 0000 0780 07C0 0780 07C0 222.00 0.000 6.000 0.000 0.000 0.000 20170414145346
B0 0000 0000 0316 0000 0780 07C0 0780 07C0 222.00 0.000 6.000 0.000 0.000 0.000 20170414145346
B0 0000 0000 0316 0000 0780 07C0 0780 07C0 222.00 0.000 6.000 0.000 0.000 0.000 20170414145346
B0 0000 0000 0316 0000 0780 07C0 0780 07C0 222.00 0.000 6.000 0.000 0.000 0.000 20170414145346
B0 0000 0000 0316 0000 0780 07C0 0780 07C0 222.00 0.000 6.000 0.000 0.000 0.000 20170414145346
B0 0000 0000 0316 0000 0780 07C0 0780 07C0 222.00 0.000 6.000 0.000 0.000 0.000 20170414145346
B0 0000 0000 0316 0000 0780 07C0 0780 07C0 222.00 0.000 6.000 0.000 0.000 0.000 20170414145346
B0 0000 0000 0316 0000 0780 07C0 0780 07C0 222.00 0.000 6.000 0.000 0.000 0.000 20170414145346
B0 0000 0000 0316 0000 0780 07C0 0780 07C0 222.00 0.000 6.000 0.000 0.000 0.000 20170414145347
B0 0000 0000 0316 0000 0780 07C0 0780 07C0 222.00 0.000 6.000 0.000 0.000 0.000 20170414145347
B0 0000 0000 0316 0000 0780 07C0 0780 07C0 222.00 0.000 6.000 0.000 0.000 0.000 20170414145347
B0 0000 0000 0316 0000 0780 07C0 0780 07C0 222.00 0.000 6.000 0.000 0.000 0.000 20170414145347
B0 0000 0000 0316 0000 0780 07C0 0780 07C0 222.00 0.000 6.000 0.000 0.000 0.000 20170414145347
B0 0000 0000 0316 0000 0780 07C0 0780 07C0 222.00 0.000 6.000 0.000 0.000 0.000 20170414145347
B0 0000 0000 0316 0000 0780 07C0 0780 07C0 222.00 0.000 6.000 0.000 0.000 0.000 20170414145347
B0 0000 0000 0316 0000 0780 07C0 0780 07C0 222.00 0.000 6.000 0.000 0.000 0.000 20170414145347
B0 0000 0000 0316 0000 0780 07C0 0780 07C0 222.00 0.000 6.000 0.000 0.000 0.000 20170414145347
B0 0000 0000 0316 0000 0780 07C0 0780 07C0 222.00 0.000 6.000 0.000 0.000 0.000 20170414145348
B0 0000 0000 0316 0000 0780 07C0 0780 07C0 222.00 0.000 6.000 0.000 0.000 0.000 20170414145348
B0 0000 0000 0316 0000 0780 07C0 0780 07C0 222.00 0.000 6.000 0.000 0.000 0.000 20170414145348
B0 0000 0000 0316 0000 0780 07C0 0780 07C0 222.00 0.000 6.000 0.000 0.000 0.000 20170414145348
B0 0000 0000 0316 0000 0780 07C0 0780 07C0 222.00 0.000 6.000 0.000 0.000 0.000 20170414145348
B0 0000 0000 0316 0000 0780 07C0 0780 07C0 222.00 0.000 6.000 0.000 0.000 0.000 20170414145348
B0 0000 0000 0316 0000 0780 07C0 0780 07C0 222.00 0.000 6.000 0.000 0.000 0.000 20170414145348
B0 0000 0000 0316 0000 0780 07C0 0780 07C0 222.00 0.000 6.000 0.000 0.000 0.000 20170414145348
B0 0000 0000 0316 0000 0780 07C0 0780 07C0 222.00 0.000 6.000 0.000 0.000 0.000 20170414145349
B0 0000 0000 0316 0000 0780 07C0 0780 07C0 222.00 0.000 6.000 0.000 0.000 0.000 20170414145349
B0 0000 0000 0316 0000 0780 07C0 0780 07C0 222.00 0.000 6.000 0.000 0.000 0.000 20170414145349
B0 0000 0000 0316 0000 0780 07C0 0780 07C0 222.00 0.000 6.000 0.000 0.000 0.000 20170414145349
B0 0000 0000 0316 0000 0780 07C0 0780 07C0 222.00 0.000 6.000 0.000 0.000 0.000 20170414145349
B0 0000 0000 0316 0000 0780 07C0 0780 07C0 223.00 0.000 6.000 0.000 0.000 0.000 20170414145349
B0 0000 0000 0316 0000 0780 07C0 0780 07C0 223.00 0.000 6.000 0.000 0.000 0.000 20170414145349
B0 0000 0000 0316 0000 0780 07C0 0780 07C0 222.00 0.000 6.000 0.000 0.000 0.000 20170414145349
B0 0000 0000 0316 0000 0780 07C0 0780 07C0 223.00 0.000 6.000 0.000 0.000 0.000 20170414145350
B0 0000 0000 0316 0000 0780 07C0 0780 07C0 223.00 0.000 6.000 0.000 0.000 0.000 20170414145350
B0 0000 0000 0316 0000 0780 07C0 0780 07C0 223.00 0.000 6.000 0.000 0.000 0.000 20170414145350
B0 0000 0000 0316 0000 0780 07C0 0780 07C0 223.00 0.000 6.000 0.000 0.000 0.000 20170414145350
B0 0000 0000 0316 0000 0780 07C0 0780 07C0 223.00 0.000 6.000 0.000 0.000 0.000 20170414145350
B0 0000 0000 0316 0000 0780 07C0 0780 07C0 223.00 0.000 6.000 0.000 0.000 0.000 20170414145350
B0 0000 0000 0316 0000 0780 07C0 0780 07C0 223.00 0.000 6.000 0.000 0.000 0.000 20170414145350
B0 0000 0000 0316 0000 0780 07C0 0780 07C0 223.00 0.000 6.000 0.000 0.000 0.000 20170414145350
B0 0000 0000 0316 0000 0780 07C0 0780 07C0 223.00 0.000 6.000 0.000 0.000 0.000 20170414145351
B0 0000 0000 0316 0000 0780 07C0 0780 07C0 223.00 0.000 6.000 0.000 0.000 0.000 20170414145351
B0 0000 0000 0316 0000 0780 07C0 0780 07C0 223.00 0.000 6.000 0.000 0.000 0.000 20170414145351
B0 0000 0000 0316 0000 0780 07C0 0780 07C0 223.00 0.000 6.000 0.000 0.000 0.000 20170414145351
B0 0000 0000 0316 0000 0780 07C0 0780 07C0 223.00 0.000 6.000 0.000 0.000 0.000 20170414145351
B0 0000 0000 0316 0000 0780 07C0 0780 07C0 223.00 0.000 6.000 0.000 0.000 0.000 20170414145351
B0 0000 0000 0316 0000 0780 07C0 0780 07C0 223.00 0.000 6.000 0.000 0.000 0.000 20170414145351
B0 0000 0000 0316 0000 0780 07C0 0780 07C0 223.00 0.000 6.000 0.000 0.000 0.000 20170414145351
B0 0000 0000 0316 0000 0780 07C0 0780 07C0 223.00 0.000 6.000 0.000 0.000 0.000 20170414145352
B0 0000 0000 0316 0000 0780 07C0 0780 07C0 223.00 0.000 6.000 0.000 0.000 0.000 20170414145352
B0 0000 0000 0316 0000 0780 07C0 0780 07C0 223.00 0.000 6.000 0.000 0.000 0.000 20170414145352
B0 0000 0000 0316 0000 0780 07C0 0780 07C0 223.00 0.000 6.000 0.000 0.000 0.000 20170414145352
B0 0000 0000 0316 0000 0780 07C0 0780 07C0 223.00 0.000 6.000 0.000 0.000 0.000 20170414145352
B0 0000 0000 0316 0000 0780 07C0 0780 07C0 223.00 0.000 6.000 0.000 0.000 0.000 20170414145352
B0 0000 0000 0316 0000 0780 07C0 0780 07C0 222.00 0.000 6.000 0.000 0.000 0.000 20170414145352
B0 0000 0000 0316 0000 0780 07C0 0780 07C0 222.00 0.000 6.000 0.000 0.000 0.000 20170414145352
B0 0000 0000 0316 0000 0780 07C0 0780 07C0 223.00 0.000 6.000 0.000 0.000 0.000 20170414145353
B0 0000 0000 0316 0000 0780 07C0 0780 07C0 223.00 0.000 6.000 0.000 0.000 0.000 20170414145353
B0 0000 0000 0316 0000 0780 07C0 0780 07C0 223.00 0.000 6.000 0.000 0.000 0.000 20170414145353
B0 0000 0000 0316 0000 0780 07C0 0780 07C0 223.00 0.000 6.000 0.000 0.000 0.000 20170414145353
B0 0000 0000 0316 0000 0780 07C0 0780 07C0 223.00 0.000 6.000 0.000 0.000 0.000 20170414145353
B0 0000 0000 0316 0000 0780 07C0 0780 07C0 223.00 0.000 6.000 0.000 0.000 0.000 20170414145353
B0 0000 0000 0316 0000 0780 07C0 0780 07C0 223.00 0.000 6.000 0.000 0.000 0.000 20170414145353
