Address 79 7A 7B 7C 7D 7E 7F 80 81 82 8D 8E 8F 90 88 89 97 8B 8C 96 Time
B0 0002 00 00 00 00 80 FF FF 00 FF 28.50 29.50 F83E 3008.00 222.00 0.10 3.50 12.00 0.03 0.38 20170923105423
B0 0002 00 00 00 00 80 FF FF 00 FF 28.50 29.00 F83E 3008.00 222.25 0.10 3.50 12.00 0.01 0.38 20170923105423
B0 0002 00 00 00 00 80 FF FF 00 FF 28.50 29.50 F83E 3008.00 222.00 0.10 3.50 12.00 0.01 0.09 20170923105423
B0 0002 00 00 00 00 80 FF FF 00 FF 28.50 29.00 F83E 3008.00 221.75 0.10 3.50 12.00 0.01 0.09 20170923105424
B0 0002 00 00 00 00 80 FF FF 00 FF 28.50 29.00 F83E 3008.00 222.25 0.10 3.50 12.00 0.01 0.09 20170923105424
B0 0002 00 00 00 00 80 FF FF 00 FF 28.50 29.00 F83E 3008.00 222.25 0.10 3.50 12.00 0.01 0.09 20170923105424
B0 0002 00 00 00 00 80 FF FF 00 FF 28.50 29.00 F83E 3008.00 222.00 0.10 3.50 12.00 0.01 0.38 20170923105424
B0 0002 00 00 00 00 80 FF FF 00 FF 28.50 29.00 F83E 3008.00 222.00 0.10 3.50 12.00 0.01 0.09 20170923105424
B0 0002 00 00 00 00 80 FF FF 00 FF 28.50 29.50 F83E 3008.00 222.25 0.10 3.50 12.00 0.01 0.09 20170923105425
B0 0002 00 00 00 00 80 FF FF 00 FF 28.50 29.50 F83E 3008.00 222.25 0.10 3.50 12.00 0.01 0.09 20170923105425
B0 0002 00 00 00 00 80 FF FF 00 FF 28.50 29.00 F83E 3008.00 222.25 0.10 3.50 12.00 0.01 0.09 20170923105425
B0 0002 00 00 00 00 80 FF FF 00 FF 28.50 29.50 F83E 3008.00 222.00 0.10 3.50 12.00 0.01 0.09 20170923105425
B0 0002 00 00 00 00 80 FF FF 00 FF 28.00 29.00 F83E 3008.00 222.25 0.10 3.50 12.00 0.01 0.09 20170923105425
B0 0002 00 00 00 00 80 FF FF 00 FF 28.50 29.50 F83E 3008.00 222.50 0.10 3.50 12.00 0.03 0.09 20170923105425
B0 0002 00 00 00 00 80 FF FF 00 FF 28.00 29.50 F83E 3008.00 222.50 0.10 3.50 12.00 0.01 0.09 20170923105426
B0 0002 00 00 00 00 80 FF FF 00 FF 28.00 29.00 F83E 3008.00 222.25 0.10 3.50 12.00 0.01 0.38 20170923105426
B0 0002 00 00 00 00 80 FF FF 00 FF 28.00 29.00 F83E 3008.00 222.00 0.10 3.50 12.00 0.01 0.09 20170923105426
B0 0002 00 00 00 00 80 FF FF 00 FF 28.50 29.00 F83E 3008.00 222.25 0.10 3.50 12.00 0.01 0.09 20170923105426
B0 0002 00 00 00 00 80 FF FF 00 FF 28.50 29.50 F83E 3008.00 222.25 0.10 3.50 12.00 0.01 0.09 20170923105426
B0 0002 00 00 00 00 80 FF FF 00 FF 28.00 29.50 F83E 3008.00 222.00 0.10 3.50 12.00 0.01 0.09 20170923105427
B0 0002 00 00 00 00 80 FF FF 00 FF 28.50 29.00 F83E 3008.00 222.50 0.10 3.50 12.00 0.01 0.09 20170923105427
B0 0002 00 00 00 00 80 FF FF 00 FF 28.00 29.50 F83E 3008.00 222.25 0.10 3.50 12.00 0.01 0.09 20170923105427
B0 0002 00 00 00 00 80 FF FF 00 FF 28.00 29.00 F83E 3008.00 222.25 0.10 3.50 12.00 0.01 0.09 20170923105427
B0 0002 00 00 00 00 80 FF FF 00 FF 28.50 29.50 F83E 3008.00 222.25 0.10 3.50 12.00 0.01 0.38 20170923105427
B0 0002 00 00 00 00 80 FF FF 00 FF 28.50 29.50 F83E 3008.00 222.25 0.10 3.50 12.00 0.01 0.09 20170923105428
B0 0002 00 00 00 00 80 FF FF 00 FF 28.50 29.00 F83E 3008.00 222.25 0.10 3.50 12.00 0.01 0.09 20170923105428
B0 0002 00 00 00 00 80 FF FF 00 FF 28.50 29.50 F83E 3008.00 222.25 0.10 3.50 12.00 0.01 0.09 20170923105428
B0 0002 00 00 00 00 80 FF FF 00 FF 28.00 29.50 F83E 3008.00 222.25 0.10 3.50 12.00 0.03 0.09 20170923105428
B0 0002 00 00 00 00 80 FF FF 00 FF 28.50 29.50 F83E 3008.00 222.25 0.10 3.50 12.00 0.01 0.09 20170923105428
B0 0002 00 00 00 00 80 FF FF 00 FF 28.00 29.50 F83E 3008.00 222.25 0.10 3.50 12.00 0.01 0.09 20170923105428
B0 0002 00 00 00 00 80 FF FF 00 FF 28.50 29.50 F83E 3008.00 222.25 0.10 3.50 12.00 0.01 0.09 20170923105429
B0 0002 00 00 00 00 80 FF FF 00 FF 28.00 29.00 F83E 3008.00 222.50 0.10 3.50 12.00 0.01 0.09 20170923105429
B0 0002 00 00 00 00 80 FF FF 00 FF 28.50 29.00 F83E 3008.00 222.25 0.10 3.50 12.00 0.03 0.09 20170923105429
B0 0002 00 00 00 00 80 FF FF 00 FF 28.50 29.00 F83E 3008.00 222.25 0.10 3.50 12.00 0.01 0.09 20170923105429
B0 0002 00 00 00 00 80 FF FF 00 FF 28.50 29.00 F83E 3008.00 222.00 0.10 3.50 12.00 0.01 0.09 20170923105429
B0 0002 00 00 00 00 80 FF FF 00 FF 28.50 29.50 F83E 3008.00 222.25 0.10 3.50 12.00 0.03 0.38 20170923105430
B0 0002 00 00 00 00 80 FF FF 00 FF 28.50 29.50 F83E 3008.00 222.50 0.10 3.50 12.00 0.01 0.38 20170923105430
B0 0002 00 00 00 00 80 FF FF 00 FF 28.50 29.50 F83E 3008.00 222.25 0.10 3.50 12.00 0.01 0.09 20170923105430
B0 0002 00 00 00 00 80 FF FF 00 FF 28.00 29.50 F83E 3008.00 222.25 0.10 3.50 12.00 0.01 0.09 20170923105430
B0 0002 00 00 00 00 80 FF FF 00 FF 28.50 29.00 F83E 3008.00 222.00 0.10 3.50 12.00 0.03 0.09 20170923105430
B0 0002 00 00 00 00 80 FF FF 00 FF 28.00 29.50 F83E 3008.00 222.25 0.10 3.50 12.00 0.01 0.09 20170923105431
B0 0002 00 00 00 00 80 FF FF 00 FF 28.50 29.00 F83E 3008.00 222.25 0.10 3.50 12.00 0.01 0.09 20170923105431
B0 0002 00 00 00 00 80 FF FF 00 FF 28.00 29.00 F83E 3008.00 222.25 0.10 3.50 12.00 0.01 0.38 20170923105431
B0 0002 00 00 00 00 80 FF FF 00 FF 28.50 29.00 F83E 3008.00 222.25 0.10 3.50 12.00 0.01 0.09 20170923105431
B0 0002 00 00 00 00 80 FF FF 00 FF 28.00 29.50 F83E 3008.00 222.50 0.10 3.50 12.00 0.01 0.09 20170923105431
B0 0002 00 00 00 00 80 FF FF 00 FF 28.50 29.50 F83E 3008.00 222.00 0.10 3.50 12.00 0.01 0.38 20170923105431
B0 0002 00 00 00 00 80 FF FF 00 FF 28.50 29.00 F83E 3008.00 222.50 0.10 3.50 12.00 0.03 0.09 20170923105432
B0 0002 00 00 00 00 80 FF FF 00 FF 28.00 29.00 F83E 3008.00 222.50 0.10 3.50 12.00 0.01 0.09 20170923105432
B0 0002 00 00 00 00 80 FF FF 00 FF 28.50 29.00 F83E 3008.00 222.25 0.10 3.50 12.00 0.01 0.09 20170923105432
B0 0002 00 00 00 00 80 FF FF 00 FF 28.50 29.00 F83E 3008.00 222.25 0.10 3.50 12.00 0.01 0.38 20170923105432
B0 0002 00 00 00 00 80 FF FF 00 FF 28.50 29.00 F83E 3008.00 222.00 0.10 3.50 12.00 0.03 0.09 20170923105432
B0 0002 00 00 00 00 80 FF FF 00 FF 28.00 29.00 F83E 3008.00 222.25 0.10 3.50 12.00 0.01 0.09 20170923105433
B0 0002 00 00 00 00 80 FF FF 00 FF 28.50 29.50 F83E 3008.00 222.50 0.10 3.50 12.00 0.01 0.38 20170923105433
B0 0002 00 00 00 00 80 FF FF 00 FF 28.00 29.00 F83E 3008.00 222.25 0.10 3.50 12.00 0.03 0.09 20170923105433
B0 0002 00 00 00 00 80 FF FF 00 FF 28.00 29.50 F83E 3008.00 222.50 0.10 3.50 12.00 0.01 0.09 20170923105433
B0 0002 00 00 00 00 80 FF FF 00 FF 28.00 29.00 F83E 3008.00 222.25 0.10 3.50 12.00 0.01 0.09 20170923105433
B0 0002 00 00 00 00 80 FF FF 00 FF 28.00 29.50 F83E 3008.00 222.25 0.10 3.50 12.00 0.01 0.09 20170923105434
B0 0002 00 00 00 00 80 FF FF 00 FF 28.50 29.00 F83E 3008.00 222.50 0.10 3.50 12.00 0.01 0.09 20170923105434
B0 0002 00 00 00 00 80 FF FF 00 FF 28.00 29.00 F83E 3008.00 222.75 0.10 3.50 12.00 0.03 0.09 20170923105434
B0 0002 00 00 00 00 80 FF FF 00 FF 28.00 29.00 F83E 3008.00 222.75 0.10 3.50 12.00 0.01 0.09 20170923105434
B0 0002 00 00 00 00 80 FF FF 00 FF 28.00 29.50 F83E 3008.00 222.50 0.10 3.50 12.00 0.03 0.09 20170923105434
B0 0002 00 00 00 00 80 FF FF 00 FF 28.50 29.50 F83E 3008.00 222.50 0.10 3.50 12.00 0.01 0.09 20170923105434
B0 0002 00 00 00 00 80 FF FF 00 FF 28.50 29.00 F83E 3008.00 222.75 0.10 3.50 12.00 0.01 0.09 20170923105435
B0 0002 00 00 00 00 80 FF FF 00 FF 28.00 29.00 F83E 3008.00 222.50 0.10 3.50 12.00 0.01 0.38 20170923105435
B0 0002 00 00 00 00 80 FF FF 00 FF 28.00 29.50 F83E 3008.00 222.50 0.10 3.50 12.00 0.03 0.09 20170923105435
B0 0002 00 00 00 00 80 FF FF 00 FF 28.00 29.00 F83E 3008.00 222.25 0.10 3.50 12.00 0.03 0.09 20170923105435
B0 0002 00 00 00 00 80 FF FF 00 FF 28.00 29.50 F83E 3008.00 222.50 0.10 3.50 12.00 0.01 0.09 20170923105435
B0 0002 00 00 00 00 80 FF FF 00 FF 28.00 29.50 F83E 3008.00 222.25 0.10 3.50 12.00 0.01 0.09 20170923105436
B0 0002 00 00 00 00 80 FF FF 00 FF 28.50 29.50 F83E 3008.00 222.50 0.10 3.50 12.00 0.01 0.09 20170923105436
B0 0002 00 00 00 00 80 FF FF 00 FF 28.50 29.50 F83E 3008.00 222.75 0.10 3.50 12.00 0.01 0.09 20170923105436
B0 0002 00 00 00 00 80 FF FF 00 FF 28.00 29.50 F83E 3008.00 222.50 0.10 3.50 12.00 0.01 0.09 20170923105436
B0 0002 00 00 00 00 80 FF FF 00 FF 28.00 29.50 F83E 3008.00 222.25 0.10 3.50 12.00 0.01 0.09 20170923105436
B0 0002 00 00 00 00 80 FF FF 00 FF 28.50 29.50 F83E 3008.00 222.25 0.10 3.50 12.00 0.01 0.09 20170923105437
B0 0002 00 00 00 00 80 FF FF 00 FF 28.50 29.50 F83E 3008.00 222.75 0.10 3.50 12.00 0.01 0.09 20170923105437
B0 0002 00 00 00 00 80 FF FF 00 FF 28.00 29.50 F83E 3008.00 222.50 0.10 3.50 12.00 0.01 0.09 20170923105437
B0 0002 00 00 00 00 80 FF FF 00 FF 28.00 29.00 F83E 3008.00 222.25 0.10 3.50 12.00 0.01 0.09 20170923105437
B0 0002 00 00 00 00 80 FF FF 00 FF 28.50 29.50 F83E 3008.00 222.25 0.10 3.50 12.00 0.03 0.09 20170923105437
B0 0002 00 00 00 00 80 FF FF 00 FF 28.00 29.00 F83E 3008.00 222.50 0.10 3.50 12.00 0.01 0.09 20170923105437
B0 0002 00 00 00 00 80 FF FF 00 FF 28.00 29.50 F83E 3008.00 222.75 0.10 3.50 12.00 0.01 0.09 20170923105438
B0 0002 00 00 00 00 80 FF FF 00 FF 28.00 29.00 F83E 3008.00 222.25 0.10 3.50 12.00 0.03 0.38 20170923105438
B0 0002 00 00 00 00 80 FF FF 00 FF 28.00 29.50 F83E 3008.00 222.50 0.10 3.50 12.00 0.01 0.09 20170923105438
B0 0002 00 00 00 00 80 FF FF 00 FF 28.50 29.50 F83E 3008.00 222.50 0.10 3.50 12.00 0.01 0.09 20170923105438
B0 0002 00 00 00 00 80 FF FF 00 FF 28.50 29.00 F83E 3008.00 222.50 0.10 3.50 12.00 0.01 0.09 20170923105438
B0 0002 00 00 00 00 80 FF FF 00 FF 28.50 29.50 F83E 3008.00 222.50 0.10 3.50 12.00 0.01 0.38 20170923105439
B0 0002 00 00 00 00 80 FF FF 00 FF 28.00 29.00 F83E 3008.00 222.75 0.10 3.50 12.00 0.01 0.38 20170923105439
B0 0002 00 00 00 00 80 FF FF 00 FF 28.00 29.00 F83E 3008.00 222.50 0.10 3.50 12.00 0.01 0.09 20170923105439
B0 0002 00 00 00 00 80 FF FF 00 FF 28.50 29.50 F83E 3008.00 222.75 0.10 3.50 12.00 0.03 0.09 20170923105439
B0 0002 00 00 00 00 80 FF FF 00 FF 28.00 29.00 F83E 3008.00 222.75 0.10 3.50 12.00 0.01 0.09 20170923105439
B0 0002 00 00 00 00 80 FF FF 00 FF 28.00 29.00 F83E 3008.00 222.50 0.10 3.50 12.00 0.03 0.09 20170923105440
B0 0002 00 00 00 00 80 FF FF 00 FF 28.50 29.50 F83E 3008.00 222.75 0.10 3.50 12.00 0.01 0.09 20170923105440
B0 0002 00 00 00 00 80 FF FF 00 FF 28.00 29.50 F83E 3008.00 222.75 0.10 3.50 12.00 0.01 0.09 20170923105440
B0 0002 00 00 00 00 80 FF FF 00 FF 28.50 29.50 F83E 3008.00 222.75 0.10 3.50 12.00 0.01 0.09 20170923105440
B0 0002 00 00 00 00 80 FF FF 00 FF 28.00 29.50 F83E 3008.00 222.50 0.10 3.50 0.00 0.00 0.00 20170923105440
B0 0843 00 00 00 00 80 FF FF 00 FF 28.50 29.50 F83E 2992.00 222.50 0.10 3.50 0.00 0.00 0.00 20170923105440
B0 0843 00 00 00 00 80 FF FF 00 FF 28.50 29.00 F83E 2992.00 223.00 0.13 6.00 0.00 0.00 0.00 20170923105441
B0 0843 00 00 00 00 80 FF FF 00 FF 28.00 29.00 F83E 2992.00 222.75 0.13 5.75 0.00 0.00 0.00 20170923105441
B0 0843 00 00 00 00 80 FF FF 00 FF 28.50 29.50 F83E 3024.00 222.75 0.13 5.50 0.00 0.00 0.00 20170923105441
B0 0843 00 00 00 00 80 FF FF 00 FF 28.00 29.50 F83E 3056.00 222.50 0.13 5.50 0.00 0.00 0.00 20170923105441
B0 0843 00 00 00 00 80 FF FF 00 FF 28.50 29.50 F83E 3104.00 222.50 0.13 5.50 0.00 0.00 0.00 20170923105441
B0 0843 00 00 00 00 80 FF FF 00 FF 28.50 29.00 F83E 3152.00 222.75 0.13 5.50 0.00 0.00 0.00 20170923105442
B0 0843 00 00 00 00 80 FF FF 00 FF 28.00 29.00 F83E 3216.00 222.75 0.12 5.50 0.00 0.00 0.00 20170923105442
B0 0843 00 00 00 00 80 FF FF 00 FF 28.50 29.00 F83E 3296.00 222.75 0.10 5.25 0.00 0.00 0.00 20170923105442
B0 0843 00 00 00 00 80 FF FF 00 FF 28.00 29.00 F83E 3376.00 222.75 0.10 5.25 0.00 0.00 0.00 20170923105442
B0 0843 00 00 00 00 80 FF FF 00 FF 28.50 29.00 F83E 3456.00 222.75 0.10 5.25 0.00 0.00 0.00 20170923105442
B0 0843 00 00 00 00 80 FF FF 00 FF 28.50 29.00 F83E 3552.00 222.50 0.10 5.25 0.00 0.00 0.00 20170923105443
B0 0843 00 00 00 00 80 FF FF 00 FF 28.50 29.00 F83E 3632.00 223.00 0.10 5.25 0.00 0.00 0.00 20170923105443
B0 0843 00 00 00 00 80 FF FF 00 FF 28.00 29.00 F83E 3728.00 222.75 0.10 5.25 0.00 0.00 0.00 20170923105443
B0 0843 00 00 00 00 80 FF FF 00 FF 28.00 29.50 F83E 3808.00 222.75 0.10 4.50 0.00 0.00 0.00 20170923105443
B0 0843 00 00 00 00 80 FF FF 00 FF 28.00 29.50 F83E 3888.00 222.50 0.10 3.00 0.00 0.00 0.00 20170923105443
B0 0843 00 00 00 00 80 FF FF 00 FF 28.50 29.00 F83E 3968.00 223.00 0.10 3.00 0.00 0.00 0.00 20170923105443
B0 0843 00 00 00 00 80 FF FF 00 FF 28.50 29.00 F83E 4016.00 223.00 0.10 3.50 0.00 0.00 0.00 20170923105444
B0 0843 00 00 00 00 80 FF FF 00 FF 28.50 29.00 F83E 4064.00 222.75 0.10 3.50 0.00 0.00 0.00 20170923105444
B0 0843 00 00 00 00 80 FF FF 00 FF 28.50 29.00 F83E 4096.00 222.75 0.10 3.50 0.00 0.00 0.00 20170923105444
B0 0843 00 00 00 00 80 FF FF 00 FF 28.50 29.00 F83E 4128.00 223.00 0.10 3.50 0.00 0.00 0.00 20170923105444
B0 0843 00 00 00 00 80 FF FF 00 FF 28.50 29.00 F83E 4160.00 222.75 0.10 3.50 0.00 0.00 0.00 20170923105444
B0 0843 00 00 00 00 80 FF FF 00 FF 28.00 29.50 F83E 4176.00 222.75 0.10 3.50 0.00 0.00 0.00 20170923105445
B0 0843 00 00 00 00 80 FF FF 00 FF 28.50 29.00 F83E 4192.00 222.75 0.10 3.50 0.00 0.00 0.00 20170923105445
B0 0843 00 00 00 00 80 FF FF 00 FF 28.50 29.50 F83E 4208.00 222.75 0.10 3.50 0.00 0.00 0.00 20170923105445
B0 0843 00 00 00 00 80 FF FF 00 FF 28.50 29.00 F83E 4224.00 222.75 0.10 3.50 0.00 0.00 0.00 20170923105445
B0 0843 00 00 00 00 80 FF FF 00 FF 28.00 29.50 F83E 4240.00 222.75 0.10 3.50 0.00 0.00 0.00 20170923105445
B0 0843 00 00 00 00 80 FF FF 00 FF 28.00 29.00 F83E 4240.00 222.75 0.10 3.50 0.00 0.00 0.00 20170923105446
B0 0843 00 00 00 00 80 FF FF 00 FF 28.50 29.00 F83E 4240.00 223.00 0.10 3.50 0.00 0.00 0.00 20170923105446
B0 0843 00 00 00 00 80 FF FF 00 FF 28.00 29.00 F83E 4240.00 222.75 0.10 3.50 0.00 0.00 0.00 20170923105446
B0 0843 00 00 00 00 80 FF FF 00 FF 28.00 29.00 F83E 4240.00 222.75 0.10 3.50 0.00 0.00 0.00 20170923105446
B0 0843 00 00 00 00 80 FF FF 00 FF 28.00 29.00 F83E 4240.00 222.75 0.10 3.50 0.00 0.00 0.00 20170923105446
B0 0843 00 00 00 00 80 FF FF 00 FF 28.00 29.00 F83E 4240.00 222.50 0.10 3.50 0.00 0.00 0.00 20170923105447
B0 0843 00 00 00 00 80 FF FF 00 FF 28.00 29.50 F83E 4240.00 222.75 0.10 3.50 0.00 0.00 0.00 20170923105447
B0 0843 00 00 00 00 80 FF FF 00 FF 28.00 29.00 F83E 4224.00 222.50 0.10 3.50 0.00 0.00 0.00 20170923105447
B0 0843 00 00 00 00 80 FF FF 00 FF 28.00 29.00 F83E 4224.00 222.75 0.10 3.50 0.00 0.00 0.00 20170923105447
B0 0843 00 00 00 00 80 FF FF 00 FF 28.00 29.00 F83E 4224.00 222.75 0.10 3.50 0.00 0.00 0.00 20170923105447
B0 0843 00 00 00 00 80 FF FF 00 FF 28.00 29.00 F83E 4208.00 222.50 0.10 3.50 0.00 0.00 0.00 20170923105447
B0 0843 00 00 00 00 80 FF FF 00 FF 28.00 29.50 F83E 4208.00 222.75 0.10 3.50 0.00 0.00 0.00 20170923105448
B0 0843 00 00 00 00 80 FF FF 00 FF 28.00 29.50 F83E 4192.00 222.75 0.10 3.50 0.00 0.00 0.00 20170923105448
B0 0843 00 00 00 00 80 FF FF 00 FF 28.00 29.50 F83E 4192.00 222.75 0.10 3.50 0.00 0.00 0.00 20170923105448
B0 0843 00 00 00 00 80 FF FF 00 FF 28.00 29.00 F83E 4176.00 222.50 0.10 3.50 0.00 0.00 0.00 20170923105448
B0 0843 00 00 00 00 80 FF FF 00 FF 28.00 29.00 F83E 4176.00 222.50 0.10 3.50 0.00 0.00 0.00 20170923105448
B0 0843 00 00 00 00 80 FF FF 00 FF 28.00 29.00 F83E 4176.00 222.75 0.10 3.50 0.00 0.00 0.00 20170923105449
B0 0843 00 00 00 00 80 FF FF 00 FF 28.00 29.00 F83E 4160.00 223.00 0.10 3.50 0.00 0.00 0.00 20170923105449
B0 0843 00 00 00 00 80 FF FF 00 FF 28.00 29.00 F83E 4144.00 222.75 0.10 3.50 0.00 0.00 0.00 20170923105449
B0 0843 00 00 00 00 80 FF FF 00 FF 28.00 29.00 F83E 4144.00 222.75 0.10 3.25 0.00 0.00 0.00 20170923105449
B0 0843 00 00 00 00 80 FF FF 00 FF 28.00 29.00 F83E 4128.00 222.75 0.10 3.25 0.00 0.00 0.00 20170923105449
B0 0843 00 00 00 00 80 FF FF 00 FF 28.00 29.00 F83E 4128.00 222.75 0.10 3.25 0.00 0.00 0.00 20170923105450
B0 0843 00 00 00 00 80 FF FF 00 FF 28.00 29.50 F83E 4112.00 223.00 0.10 3.25 0.00 0.00 0.00 20170923105450
B0 0843 00 00 00 00 80 FF FF 00 FF 28.00 29.00 F83E 4112.00 223.00 0.10 3.25 0.00 0.00 0.00 20170923105450
B0 0843 00 00 00 00 80 FF FF 00 FF 28.00 29.00 F83E 4096.00 222.75 0.10 3.25 0.00 0.00 0.00 20170923105450
B0 0843 00 00 00 00 80 FF FF 00 FF 28.00 29.00 F83E 4096.00 222.50 0.10 3.25 0.00 0.00 0.00 20170923105450
B0 0843 00 00 00 00 80 FF FF 00 FF 28.00 29.00 F83E 4080.00 222.50 0.10 3.25 0.00 0.00 0.00 20170923105450
B0 0843 00 00 00 00 80 FF FF 00 FF 28.00 29.00 F83E 4064.00 222.75 0.10 3.25 0.00 0.00 0.00 20170923105451
B0 0843 00 00 00 00 80 FF FF 00 FF 28.00 29.00 F83E 4064.00 222.75 0.10 3.25 0.00 0.00 0.00 20170923105451
B0 0843 00 00 00 00 80 FF FF 00 FF 28.00 29.00 F83E 4048.00 222.75 0.10 3.25 0.00 0.00 0.00 20170923105451
B0 0843 00 00 00 00 00 FF FF 00 FF 28.00 29.00 F83E 4048.00 222.75 0.10 3.25 12.00 0.01 0.09 20170923105451
B0 0843 00 00 00 00 80 FF FF 00 FF 28.00 29.00 F83E 4064.00 222.50 0.10 4.00 12.00 0.01 0.09 20170923105451
B0 0843 00 00 00 00 80 FF FF 00 FF 28.00 29.00 F83E 4048.00 222.50 0.10 3.75 12.00 0.01 0.09 20170923105452
B0 0002 00 00 00 00 80 FF FF 00 FF 28.00 29.00 F83E 4032.00 222.75 0.10 3.50 12.00 0.01 0.38 20170923105452
B0 0002 00 00 00 00 80 FF FF 00 FF 28.00 29.50 F83E 3984.00 222.50 0.10 3.25 12.00 0.01 0.09 20170923105452
B0 0002 00 00 00 00 80 FF FF 00 FF 28.00 29.00 F83E 3936.00 222.25 0.10 3.00 12.00 0.01 0.09 20170923105452
B0 0002 00 00 00 00 80 FF FF 00 FF 28.00 29.00 F83E 3872.00 222.50 0.10 2.50 12.00 0.01 0.09 20170923105452
B0 0002 00 00 00 00 80 FF FF 00 FF 28.00 29.00 F83E 3792.00 222.50 0.10 2.50 12.00 0.01 0.09 20170923105452
B0 0002 00 00 00 00 80 FF FF 00 FF 28.00 29.00 F83E 3728.00 222.50 0.09 2.25 12.00 0.01 0.09 20170923105453
B0 0002 00 00 00 00 80 FF FF 00 FF 28.00 29.50 F83E 3648.00 222.25 0.09 2.00 12.00 0.01 0.09 20170923105453
B0 0002 00 00 00 00 80 FF FF 00 FF 28.00 29.50 F83E 3584.00 222.50 0.09 1.75 12.00 0.01 0.09 20170923105453
B0 0002 00 00 00 00 80 FF FF 00 FF 28.00 29.50 F83E 3536.00 222.50 0.10 1.75 12.00 0.01 0.09 20170923105453
B0 0002 00 00 00 00 80 FF FF 00 FF 28.00 29.00 F83E 3472.00 222.50 0.10 1.75 12.00 0.01 0.38 20170923105453
B0 0002 00 00 00 00 80 FF FF 00 FF 28.00 29.00 F83E 3424.00 222.50 0.10 1.75 12.00 0.01 0.09 20170923105453
B0 0002 00 00 00 00 80 FF FF 00 FF 28.00 29.50 F83E 3392.00 222.50 0.10 1.75 12.00 0.01 0.09 20170923105454
B0 0002 00 00 00 00 80 FF FF 00 FF 28.00 29.50 F83E 3344.00 222.50 0.10 1.75 12.00 0.01 0.09 20170923105454
B0 0002 00 00 00 00 80 FF FF 00 FF 28.00 29.50 F83E 3312.00 222.50 0.10 1.25 12.00 0.03 0.09 20170923105454
B0 0002 00 00 00 00 80 FF FF 00 FF 28.00 29.00 F83E 3280.00 222.50 0.10 1.50 12.00 0.03 0.09 20170923105454
B0 0002 00 00 00 00 80 FF FF 00 FF 28.00 29.00 F83E 3248.00 222.25 0.10 1.75 12.00 0.01 0.09 20170923105454
B0 0002 00 00 00 00 80 FF FF 00 FF 28.00 29.00 F83E 3216.00 222.25 0.10 2.00 12.00 0.01 0.09 20170923105455
B0 0002 00 00 00 00 80 FF FF 00 FF 28.00 29.00 F83E 3200.00 222.50 0.10 2.25 12.00 0.01 0.09 20170923105455
B0 0002 00 00 00 00 80 FF FF 00 FF 28.00 29.00 F83E 3184.00 222.50 0.10 2.50 12.00 0.01 0.09 20170923105455
B0 0002 00 00 00 00 80 FF FF 00 FF 28.00 29.50 F83E 3168.00 222.50 0.10 2.75 12.00 0.01 0.09 20170923105455
B0 0002 00 00 00 00 80 FF FF 00 FF 28.00 29.00 F83E 3136.00 222.50 0.10 3.00 12.00 0.01 0.09 20170923105455
B0 0002 00 00 00 00 80 FF FF 00 FF 28.00 29.00 F83E 3136.00 222.25 0.10 3.25 12.00 0.03 0.09 20170923105456
B0 0002 00 00 00 00 80 FF FF 00 FF 28.00 29.00 F83E 3120.00 222.25 0.10 3.50 12.00 0.03 0.09 20170923105456
B0 0002 00 00 00 00 80 FF FF 00 FF 28.00 29.00 F83E 3104.00 222.50 0.10 3.50 12.00 0.01 0.09 20170923105456
B0 0002 00 00 00 00 80 FF FF 00 FF 28.00 29.00 F83E 3104.00 222.25 0.10 3.50 12.00 0.03 0.09 20170923105456
B0 0002 00 00 00 00 80 FF FF 00 FF 28.00 29.00 F83E 3088.00 222.25 0.10 3.50 12.00 0.03 0.09 20170923105456
B0 0002 00 00 00 00 80 FF FF 00 FF 28.00 29.50 F83E 3072.00 222.25 0.10 3.50 12.00 0.01 0.09 20170923105456
B0 0002 00 00 00 00 80 FF FF 00 FF 28.00 29.50 F83E 3072.00 222.25 0.10 3.50 12.00 0.01 0.38 20170923105457
B0 0002 00 00 00 00 80 FF FF 00 FF 28.00 29.00 F83E 3072.00 222.50 0.10 3.50 12.00 0.01 0.09 20170923105457
B0 0002 00 00 00 00 80 FF FF 00 FF 28.00 29.00 F83E 3056.00 222.25 0.10 3.50 12.00 0.01 0.09 20170923105457
B0 0002 00 00 00 00 80 FF FF 00 FF 28.00 29.50 F83E 3056.00 222.25 0.10 3.50 12.00 0.01 0.09 20170923105457
B0 0002 00 00 00 00 80 FF FF 00 FF 28.00 29.00 F83E 3056.00 222.25 0.10 3.50 12.00 0.01 0.09 20170923105457
B0 0002 00 00 00 00 80 FF FF 00 FF 28.00 29.00 F83E 3056.00 222.50 0.10 3.50 12.00 0.01 0.09 20170923105458
B0 0002 00 00 00 00 80 FF FF 00 FF 28.00 29.00 F83E 3040.00 222.25 0.10 3.50 12.00 0.01 0.09 20170923105458
B0 0002 00 00 00 00 80 FF FF 00 FF 28.00 29.00 F83E 3040.00 222.50 0.10 3.50 12.00 0.01 0.09 20170923105458
B0 0002 00 00 00 00 80 FF FF 00 FF 28.00 29.00 F83E 3040.00 222.25 0.10 3.50 12.00 0.03 0.09 20170923105458
B0 0002 00 00 00 00 80 FF FF 00 FF 28.00 29.00 F83E 3040.00 222.50 0.10 3.50 12.00 0.01 0.09 20170923105458
B0 0002 00 00 00 00 80 FF FF 00 FF 28.00 29.00 F83E 3040.00 222.50 0.10 3.50 12.00 0.01 0.09 20170923105459
B0 0002 00 00 00 00 80 FF FF 00 FF 28.00 29.00 F83E 3040.00 222.50 0.10 3.50 12.00 0.01 0.38 20170923105459
B0 0002 00 00 00 00 80 FF FF 00 FF 28.00 29.00 F83E 3040.00 222.25 0.10 3.50 12.00 0.01 0.09 20170923105459
B0 0002 00 00 00 00 80 FF FF 00 FF 28.00 29.50 F83E 3040.00 222.50 0.10 3.50 12.00 0.01 0.09 20170923105459
B0 0002 00 00 00 00 80 FF FF 00 FF 28.00 29.50 F83E 3040.00 222.25 0.10 3.50 12.00 0.01 0.09 20170923105459
B0 0002 00 00 00 00 80 FF FF 00 FF 28.00 29.50 F83E 3040.00 222.25 0.10 3.50 12.00 0.01 0.09 20170923105500
B0 0002 00 00 00 00 80 FF FF 00 FF 28.00 29.00 F83E 3024.00 222.50 0.10 3.50 12.00 0.01 0.09 20170923105500
B0 0002 00 00 00 00 80 FF FF 00 FF 28.00 29.50 F83E 3024.00 222.00 0.10 3.50 12.00 0.01 0.09 20170923105500
B0 0002 00 00 00 00 80 FF FF 00 FF 28.00 29.00 F83E 3024.00 222.25 0.10 3.50 12.00 0.01 0.09 20170923105500
B0 0002 00 00 00 00 80 FF FF 00 FF 28.00 29.00 F83E 3024.00 222.25 0.10 3.50 12.00 0.03 0.09 20170923105500
B0 0002 00 00 00 00 80 FF FF 00 FF 28.00 29.50 F83E 3024.00 222.00 0.10 3.50 12.00 0.01 0.09 20170923105500
B0 0002 00 00 00 00 80 FF FF 00 FF 28.00 29.00 F83E 3024.00 222.25 0.10 3.50 12.00 0.01 0.09 20170923105501
B0 0002 00 00 00 00 80 FF FF 00 FF 28.00 29.00 F83E 3024.00 222.50 0.10 3.50 12.00 0.01 0.09 20170923105501
B0 0002 00 00 00 00 80 FF FF 00 FF 28.00 29.00 F83E 3024.00 222.25 0.10 3.50 12.00 0.01 0.09 20170923105501
B0 0002 00 00 00 00 80 FF FF 00 FF 28.00 29.00 F83E 3024.00 222.25 0.10 3.50 12.00 0.01 0.09 20170923105501
B0 0002 00 00 00 00 80 FF FF 00 FF 28.00 29.00 F83E 3024.00 222.25 0.10 3.50 12.00 0.01 0.09 20170923105501
B0 0002 00 00 00 00 80 FF FF 00 FF 28.00 29.00 F83E 3024.00 222.50 0.10 3.50 12.00 0.03 0.09 20170923105502
B0 0002 00 00 00 00 80 FF FF 00 FF 28.00 29.50 F83E 3024.00 222.25 0.10 3.50 12.00 0.01 0.09 20170923105502
B0 0002 00 00 00 00 80 FF FF 00 FF 28.00 29.00 F83E 3024.00 222.50 0.10 3.50 12.00 0.03 0.09 20170923105502
B0 0002 00 00 00 00 80 FF FF 00 FF 28.00 29.00 F83E 3024.00 222.50 0.10 3.50 12.00 0.01 0.38 20170923105502
B0 0002 00 00 00 00 80 FF FF 00 FF 28.00 29.00 F83E 3024.00 222.25 0.10 3.50 12.00 0.01 0.09 20170923105502
B0 0002 00 00 00 00 80 FF FF 00 FF 28.00 29.50 F83E 3024.00 222.25 0.10 3.50 12.00 0.01 0.38 20170923105502
B0 0002 00 00 00 00 80 FF FF 00 FF 28.00 29.50 F83E 3024.00 222.25 0.10 3.50 12.00 0.01 0.38 20170923105503
B0 0002 00 00 00 00 80 FF FF 00 FF 28.50 29.50 F83E 3024.00 222.25 0.10 3.50 12.00 0.01 0.09 20170923105503
B0 0002 00 00 00 00 80 FF FF 00 FF 28.50 29.00 F83E 3024.00 222.25 0.10 3.50 12.00 0.01 0.09 20170923105503
B0 0002 00 00 00 00 80 FF FF 00 FF 28.50 29.50 F83E 3024.00 222.25 0.10 3.50 12.00 0.03 0.38 20170923105503
B0 0002 00 00 00 00 80 FF FF 00 FF 28.50 29.00 F83E 3024.00 222.25 0.10 3.50 12.00 0.01 0.09 20170923105503
B0 0002 00 00 00 00 80 FF FF 00 FF 28.00 29.00 F83E 3024.00 222.50 0.10 3.50 12.00 0.01 0.09 20170923105504
B0 0002 00 00 00 00 80 FF FF 00 FF 28.50 29.00 F83E 3024.00 222.50 0.10 3.50 12.00 0.01 0.38 20170923105504
B0 0002 00 00 00 00 80 FF FF 00 FF 28.00 29.50 F83E 3008.00 222.25 0.10 3.50 12.00 0.01 0.38 20170923105504
B0 0002 00 00 00 00 80 FF FF 00 FF 28.50 29.00 F83E 3008.00 222.50 0.10 3.50 12.00 0.01 0.09 20170923105504
B0 0002 00 00 00 00 80 FF FF 00 FF 28.00 29.50 F83E 3008.00 222.50 0.10 3.50 12.00 0.01 0.09 20170923105504
B0 0002 00 00 00 00 80 FF FF 00 FF 28.50 29.50 F83E 3008.00 222.50 0.10 3.50 12.00 0.01 0.09 20170923105505
B0 0002 00 00 00 00 80 FF FF 00 FF 28.50 29.50 F83E 3008.00 222.50 0.10 3.50 12.00 0.01 0.09 20170923105505
B0 0002 00 00 00 00 80 FF FF 00 FF 28.50 29.00 F83E 3008.00 222.25 0.10 3.50 12.00 0.01 0.38 20170923105505
B0 0002 00 00 30 00 80 FF FF 00 FF 28.00 29.00 F83E 3008.00 222.00 0.10 3.50 0.00 0.00 0.00 20170923105505
B0 284B 00 00 38 00 80 FF FF 00 FF 28.50 29.50 F83E 2992.00 0.00 0.09 3.25 0.00 0.00 0.00 20170923105505
B0 284B 00 00 38 00 80 FF FF 00 FF 28.50 29.00 F83E 2992.00 0.00 0.07 3.00 0.00 0.00 0.00 20170923105505
B0 284B 00 00 38 00 80 FF FF 00 FF 28.50 29.50 F83E 2992.00 0.00 0.05 2.75 0.00 0.00 0.00 20170923105506
B0 284B 00 00 38 00 80 FF FF 00 FF 28.50 29.50 F83E 3008.00 0.00 0.04 2.50 0.00 0.00 0.00 20170923105506
B0 284B 00 00 38 00 80 FF FF 00 FF 28.00 29.00 F83E 3040.00 0.00 0.03 2.00 0.00 0.00 0.00 20170923105506
B0 284B 00 00 38 00 80 FF FF 00 FF 28.50 29.00 F83D 3088.00 0.00 0.01 2.00 0.00 0.00 0.00 20170923105506
B0 284B 00 00 38 00 80 FF FF 00 FF 28.50 29.00 F83D 3136.00 0.00 0.00 1.75 0.00 0.00 0.00 20170923105506
B0 284B 00 00 38 00 80 FF FF 00 FF 28.50 29.00 F83D 3200.00 0.00 0.00 1.50 0.00 0.00 0.00 20170923105507
B0 284B 00 00 38 00 80 FF FF 00 FF 28.50 29.50 F83D 3264.00 0.00 0.00 1.00 0.00 0.00 0.00 20170923105507
B0 284B 00 00 38 00 80 FF FF 00 FF 28.50 29.00 F83D 3328.00 0.00 0.00 1.00 0.00 0.00 0.00 20170923105507
B0 284B 00 00 38 00 80 FF FF 00 FF 28.00 29.00 F83D 3408.00 0.00 0.00 0.50 0.00 0.00 0.00 20170923105507
B0 284B 00 00 38 00 80 FF FF 00 FF 28.50 29.50 F83C 3488.00 0.00 0.00 0.50 0.00 0.00 0.00 20170923105507
B0 284B 00 00 38 00 80 FF FF 00 FF 28.00 29.00 F83C 3584.00 0.00 0.00 0.00 0.00 0.00 0.00 20170923105507
B0 284B 00 00 38 00 80 FF FF 00 FF 28.50 29.50 F83C 3680.00 0.00 0.00 0.00 0.00 0.00 0.00 20170923105508
B0 284B 00 00 38 00 80 FF FF 00 FF 28.00 29.00 F83C 3760.00 0.00 0.00 0.00 0.00 0.00 0.00 20170923105508
B0 284B 00 00 38 00 80 FF FF 00 FF 28.50 29.50 F83C 3840.00 0.00 0.00 0.00 0.00 0.00 0.00 20170923105508
B0 284B 00 00 38 00 80 FF FF 00 FF 28.00 29.00 F83C 3904.00 0.00 0.00 0.00 0.00 0.00 0.00 20170923105508
B0 284B 00 00 38 00 80 FF FF 00 FF 28.50 29.00 F83B 3952.00 0.00 0.00 0.00 0.00 0.00 0.00 20170923105508
B0 284B 00 00 38 00 80 FF FF 00 FF 28.00 29.50 F83B 4000.00 0.00 0.00 0.00 0.00 0.00 0.00 20170923105508
B0 284B 00 00 38 00 80 FF FF 00 FF 28.50 29.50 F83B 4032.00 0.00 0.00 0.00 0.00 0.00 0.00 20170923105509
B0 284B 00 00 38 00 80 FF FF 00 FF 28.00 29.00 F83B 4080.00 0.00 0.00 0.00 0.00 0.00 0.00 20170923105509
B0 284B 00 00 38 00 80 FF FF 00 FF 28.00 29.00 F83B 4112.00 0.00 0.00 0.00 0.00 0.00 0.00 20170923105509
B0 284B 00 00 38 00 80 FF FF 00 FF 28.00 29.00 F83B 4128.00 0.00 0.00 0.00 0.00 0.00 0.00 20170923105509
B0 284B 00 00 38 00 80 FF FF 00 FF 28.50 29.50 F83A 4160.00 0.00 0.00 0.00 0.00 0.00 0.00 20170923105509
B0 284B 00 00 38 00 80 FF FF 00 FF 28.00 29.50 F83A 4176.00 0.00 0.00 0.00 0.00 0.00 0.00 20170923105509
B0 284B 00 00 38 00 80 FF FF 00 FF 28.00 29.00 F83A 4192.00 0.00 0.00 0.00 0.00 0.00 0.00 20170923105510
B0 284B 00 00 38 00 80 FF FF 00 FF 28.00 29.00 F83A 4208.00 0.00 0.00 0.00 0.00 0.00 0.00 20170923105510
B0 284B 00 00 38 00 80 FF FF 00 FF 28.00 29.50 F83A 4224.00 0.00 0.00 0.00 0.00 0.00 0.00 20170923105510
B0 284B 00 00 38 00 80 FF FF 00 FF 28.00 29.00 F839 4224.00 0.00 0.00 0.00 0.00 0.00 0.00 20170923105510
B0 284B 00 00 38 00 80 FF FF 00 FF 28.00 29.00 F839 4240.00 0.00 0.00 0.00 0.00 0.00 0.00 20170923105510
B0 284B 00 00 38 00 80 FF FF 00 FF 28.00 29.00 F839 4240.00 0.00 0.00 0.00 0.00 0.00 0.00 20170923105511
B0 284B 00 00 38 00 80 FF FF 00 FF 28.00 29.00 F839 4240.00 0.00 0.00 0.00 0.00 0.00 0.00 20170923105511
B0 284B 00 00 38 00 80 FF FF 00 FF 28.00 29.00 F839 4256.00 0.00 0.00 0.00 0.00 0.00 0.00 20170923105511
B0 284B 00 00 38 00 80 FF FF 00 FF 28.00 29.00 F839 4256.00 0.00 0.00 0.00 0.00 0.00 0.00 20170923105511
B0 284B 00 00 38 00 80 FF FF 00 FF 28.00 29.00 F838 4256.00 0.00 0.00 0.00 0.00 0.00 0.00 20170923105511
B0 284B 00 00 38 00 80 FF FF 00 FF 28.00 29.00 F838 4256.00 0.00 0.00 0.00 0.00 0.00 0.00 20170923105511
B0 284B 00 00 38 00 80 FF FF 00 FF 28.00 29.00 F838 4240.00 0.00 0.00 0.00 0.00 0.00 0.00 20170923105512
B0 284B 00 00 38 00 80 FF FF 00 FF 28.00 29.00 F838 4240.00 0.00 0.00 0.00 0.00 0.00 0.00 20170923105512
B0 284B 00 00 38 00 80 FF FF 00 FF 28.00 29.00 F838 4240.00 0.00 0.00 0.00 0.00 0.00 0.00 20170923105512
B0 284B 00 00 38 00 80 FF FF 00 FF 28.00 29.00 F838 4240.00 0.00 0.00 0.00 0.00 0.00 0.00 20170923105512
B0 284B 00 00 38 00 80 FF FF 00 FF 28.00 29.00 F838 4240.00 0.00 0.00 0.00 0.00 0.00 0.00 20170923105512
B0 284B 00 00 38 00 80 FF FF 00 FF 28.00 29.50 F838 4224.00 0.00 0.00 0.00 0.00 0.00 0.00 20170923105512
B0 284B 00 00 38 00 80 FF FF 00 FF 28.00 29.00 F838 4224.00 0.00 0.00 0.00 0.00 0.00 0.00 20170923105513
B0 284B 00 00 38 00 80 FF FF 00 FF 28.00 29.00 F838 4208.00 0.00 0.00 0.00 0.00 0.00 0.00 20170923105513
B0 284B 00 00 38 00 80 FF FF 00 FF 28.00 29.00 F838 4208.00 0.00 0.00 0.00 0.00 0.00 0.00 20170923105513
B0 284B 00 00 38 00 80 FF FF 00 FF 28.00 29.00 F838 4208.00 0.00 0.00 0.00 0.00 0.00 0.00 20170923105513
B0 284B 00 00 38 00 80 FF FF 00 FF 28.00 29.00 F838 4192.00 0.00 0.00 0.00 0.00 0.00 0.00 20170923105513
B0 284B 00 00 38 00 80 FF FF 00 FF 28.00 29.50 F838 4192.00 0.00 0.00 0.00 0.00 0.00 0.00 20170923105514
B0 284B 00 00 38 00 80 FF FF 00 FF 28.00 29.00 F838 4176.00 0.00 0.00 0.00 0.00 0.00 0.00 20170923105514
B0 284B 00 00 38 00 80 FF FF 00 FF 28.00 29.00 F838 4176.00 0.00 0.00 0.00 0.00 0.00 0.00 20170923105514
B0 284B 00 00 38 00 80 FF FF 00 FF 28.00 29.00 F838 4176.00 0.00 0.00 0.00 0.00 0.00 0.00 20170923105514
B0 284B 00 00 38 00 80 FF FF 00 FF 28.00 29.00 F838 4160.00 0.00 0.00 0.00 0.00 0.00 0.00 20170923105514
B0 284B 00 00 38 00 80 FF FF 00 FF 28.00 29.00 F838 4160.00 0.00 0.00 0.00 0.00 0.00 0.00 20170923105514
B0 284B 00 00 38 00 80 FF FF 00 FF 28.00 29.00 F838 4144.00 0.00 0.00 0.00 0.00 0.00 0.00 20170923105515
B0 284B 00 00 38 00 80 FF FF 00 FF 28.00 29.00 F838 4128.00 0.00 0.00 0.00 0.00 0.00 0.00 20170923105515
B0 284B 00 00 38 00 80 FF FF 00 FF 28.00 29.00 F838 4128.00 0.00 0.00 0.00 0.00 0.00 0.00 20170923105515
B0 284B 00 00 38 00 80 FF FF 00 FF 28.00 29.00 F838 4112.00 0.00 0.00 0.00 0.00 0.00 0.00 20170923105515
B0 284B 00 00 38 00 80 FF FF 00 FF 28.00 29.00 F838 4112.00 0.00 0.00 0.00 0.00 0.00 0.00 20170923105515
B0 284B 00 00 38 00 80 FF FF 00 FF 28.00 29.00 F838 4096.00 0.00 0.00 0.00 0.00 0.00 0.00 20170923105516
B0 284B 00 00 38 00 80 FF FF 00 FF 28.00 29.00 F838 4096.00 0.00 0.00 0.00 0.00 0.00 0.00 20170923105516
B0 284B 00 00 38 00 80 FF FF 00 FF 28.00 29.00 F838 4080.00 0.00 0.00 0.00 0.00 0.00 0.00 20170923105516
B0 284B 00 00 38 00 80 FF FF 00 FF 28.00 29.00 F838 4080.00 0.00 0.00 0.00 0.00 0.00 0.00 20170923105516
B0 284B 00 00 38 00 80 FF FF 00 FF 28.00 29.50 F838 4064.00 0.00 0.00 0.00 0.00 0.00 0.00 20170923105516
B0 284B 00 00 38 00 80 FF FF 00 FF 28.00 29.00 F838 4064.00 0.00 0.00 0.00 0.00 0.00 0.00 20170923105516
B0 284B 00 00 38 00 80 FF FF 00 FF 28.00 29.00 F838 4048.00 0.00 0.00 0.00 0.00 0.00 0.00 20170923105517
B0 284B 00 00 38 00 80 FF FF 00 FF 28.00 29.00 F838 4032.00 0.00 0.00 0.00 0.00 0.00 0.00 20170923105517
B0 284B 00 00 38 00 80 FF FF 00 FF 28.00 29.00 F838 4032.00 0.00 0.00 0.00 0.00 0.00 0.00 20170923105517
B0 284B 00 00 38 00 80 FF FF 00 FF 28.00 29.00 F838 4016.00 0.00 0.00 0.00 0.00 0.00 0.00 20170923105517
B0 284B 00 00 38 00 80 FF FF 00 FF 28.00 29.00 F838 4016.00 0.00 0.00 0.00 0.00 0.00 0.00 20170923105517
B0 284B 00 00 38 00 80 FF FF 00 FF 28.00 29.00 F838 4000.00 0.00 0.00 0.00 0.00 0.00 0.00 20170923105518
B0 284B 00 00 38 00 80 FF FF 00 FF 28.00 29.00 F838 4000.00 0.00 0.00 0.00 0.00 0.00 0.00 20170923105518
B0 284B 00 00 38 00 80 FF FF 00 FF 28.00 29.00 F838 3984.00 0.00 0.00 0.00 0.00 0.00 0.00 20170923105518
B0 284B 00 00 38 00 80 FF FF 00 FF 28.00 29.00 F838 3984.00 0.00 0.00 0.00 0.00 0.00 0.00 20170923105518
B0 284B 00 00 38 00 80 FF FF 00 FF 28.00 29.00 F838 3984.00 0.00 0.00 0.00 0.00 0.00 0.00 20170923105518
B0 284B 00 00 38 00 80 FF FF 00 FF 28.00 29.00 F838 3968.00 0.00 0.00 0.00 0.00 0.00 0.00 20170923105518
B0 284B 00 00 38 00 80 FF FF 00 FF 28.00 29.00 F838 3968.00 0.00 0.00 0.00 0.00 0.00 0.00 20170923105519
B0 284B 00 00 38 00 80 FF FF 00 FF 28.00 29.00 F838 3968.00 0.00 0.00 0.00 0.00 0.00 0.00 20170923105519
B0 284B 00 00 38 00 80 FF FF 00 FF 28.00 29.00 F838 3968.00 0.00 0.00 0.00 0.00 0.00 0.00 20170923105519
B0 284B 00 00 38 00 80 FF FF 00 FF 28.00 29.00 F838 3968.00 0.00 0.00 0.00 0.00 0.00 0.00 20170923105519
B0 284B 00 00 38 00 80 FF FF 00 FF 28.00 29.00 F838 3968.00 0.00 0.00 0.00 0.00 0.00 0.00 20170923105519
B0 284B 00 00 38 00 80 FF FF 00 FF 28.00 29.00 F838 3968.00 0.00 0.00 0.00 0.00 0.00 0.00 20170923105520
B0 284B 00 00 38 00 80 FF FF 00 FF 28.00 29.00 F838 3968.00 0.00 0.00 0.00 0.00 0.00 0.00 20170923105520
B0 284B 00 00 38 00 80 FF FF 00 FF 28.00 29.00 F838 3984.00 0.00 0.00 0.00 0.00 0.00 0.00 20170923105520
B0 284B 00 00 38 00 80 FF FF 00 FF 28.00 29.00 F838 3984.00 0.00 0.00 0.00 0.00 0.00 0.00 20170923105520
B0 284B 00 00 38 00 80 FF FF 00 FF 28.00 29.00 F838 3984.00 0.00 0.00 0.00 0.00 0.00 0.00 20170923105520
B0 284B 00 00 38 00 80 FF FF 00 FF 28.00 29.00 F838 3984.00 0.00 0.00 0.00 0.00 0.00 0.00 20170923105520
B0 284B 00 00 38 00 80 FF FF 00 FF 28.00 29.00 F838 3984.00 0.00 0.00 0.00 0.00 0.00 0.00 20170923105521
B0 284B 00 00 38 00 80 FF FF 00 FF 28.00 29.00 F838 3984.00 0.00 0.00 0.00 0.00 0.00 0.00 20170923105521
B0 284B 00 00 38 00 80 FF FF 00 FF 28.00 29.00 F838 3984.00 0.00 0.00 0.00 0.00 0.00 0.00 20170923105521
B0 284B 00 00 38 00 80 FF FF 00 FF 28.00 29.00 F838 4000.00 0.00 0.00 0.00 0.00 0.00 0.00 20170923105521
B0 284B 00 00 38 00 80 FF FF 00 FF 28.00 29.00 F838 4000.00 0.00 0.00 0.00 0.00 0.00 0.00 20170923105521
B0 284B 00 00 38 00 80 FF FF 00 FF 28.00 29.00 F838 4000.00 0.00 0.00 0.00 0.00 0.00 0.00 20170923105522
B0 284B 00 00 38 00 80 FF FF 00 FF 28.00 29.00 F838 4000.00 0.00 0.00 0.00 0.00 0.00 0.00 20170923105522
B0 284B 00 00 38 00 80 FF FF 00 FF 28.00 29.00 F838 4000.00 0.00 0.00 0.00 0.00 0.00 0.00 20170923105522
B0 284B 00 00 38 00 80 FF FF 00 FF 28.00 29.00 F838 4000.00 0.00 0.00 0.00 0.00 0.00 0.00 20170923105522
B0 284B 00 00 38 00 80 FF FF 00 FF 28.00 29.00 F838 4000.00 0.00 0.00 0.00 0.00 0.00 0.00 20170923105522
B0 284B 00 00 38 00 80 FF FF 00 FF 28.00 29.00 F838 4000.00 0.00 0.00 0.00 0.00 0.00 0.00 20170923105522
B0 284B 00 00 38 00 80 FF FF 00 FF 28.00 29.00 F838 4000.00 0.00 0.00 0.00 0.00 0.00 0.00 20170923105523
B0 284B 00 00 38 00 80 FF FF 00 FF 28.00 29.00 F838 4000.00 0.00 0.00 0.00 0.00 0.00 0.00 20170923105523
B0 284B 00 00 38 00 80 FF FF 00 FF 28.00 29.00 F838 4000.00 0.00 0.00 0.00 0.00 0.00 0.00 20170923105523
B0 284B 00 00 38 00 80 FF FF 00 FF 28.00 29.00 F838 4000.00 0.00 0.00 0.00 0.00 0.00 0.00 20170923105523
B0 284B 00 00 38 00 80 FF FF 00 FF 28.00 29.00 F838 4000.00 0.00 0.00 0.00 0.00 0.00 0.00 20170923105523
B0 284B 00 00 38 00 80 FF FF 00 FF 28.00 29.00 F838 4000.00 0.00 0.00 0.00 0.00 0.00 0.00 20170923105524
B0 284B 00 00 38 00 80 FF FF 00 FF 28.00 29.00 F838 4000.00 0.00 0.00 0.00 0.00 0.00 0.00 20170923105524
B0 284B 00 00 38 00 80 FF FF 00 FF 28.00 29.00 F838 4000.00 0.00 0.00 0.00 0.00 0.00 0.00 20170923105524
B0 284B 00 00 38 00 80 FF FF 00 FF 28.00 29.00 F838 4000.00 0.00 0.00 0.00 0.00 0.00 0.00 20170923105524
B0 284B 00 00 38 00 80 FF FF 00 FF 28.00 29.00 F838 4000.00 0.00 0.00 0.00 0.00 0.00 0.00 20170923105524
B0 284B 00 00 38 00 80 FF FF 00 FF 28.00 29.00 F838 4000.00 0.00 0.00 0.00 0.00 0.00 0.00 20170923105524
B0 284B 00 00 38 00 80 FF FF 00 FF 28.00 29.00 F838 4000.00 0.00 0.00 0.00 0.00 0.00 0.00 20170923105525
B0 284B 00 00 38 00 80 FF FF 00 FF 28.00 29.00 F838 4000.00 0.00 0.00 0.00 0.00 0.00 0.00 20170923105525
B0 284B 00 00 38 00 80 FF FF 00 FF 28.00 29.00 F838 4000.00 0.00 0.00 0.00 0.00 0.00 0.00 20170923105525
B0 284B 00 00 38 00 80 FF FF 00 FF 28.00 29.00 F838 4000.00 0.00 0.00 0.00 0.00 0.00 0.00 20170923105525
B0 284B 00 00 38 00 80 FF FF 00 FF 28.00 29.00 F838 4000.00 0.00 0.00 0.00 0.00 0.00 0.00 20170923105525
B0 284B 00 00 38 00 80 FF FF 00 FF 28.00 29.00 F838 4000.00 0.00 0.00 0.00 0.00 0.00 0.00 20170923105526
B0 284B 00 00 38 00 80 FF FF 00 FF 28.00 29.00 F838 4000.00 0.00 0.00 0.00 0.00 0.00 0.00 20170923105526
B0 284B 00 00 38 00 80 FF FF 00 FF 28.00 29.00 F838 4000.00 0.00 0.00 0.00 0.00 0.00 0.00 20170923105526
B0 284B 00 00 38 00 80 FF FF 00 FF 28.00 29.00 F838 4000.00 0.00 0.00 0.00 0.00 0.00 0.00 20170923105526
B0 284B 00 00 38 00 80 FF FF 00 FF 28.00 29.00 F838 4000.00 0.00 0.00 0.00 0.00 0.00 0.00 20170923105526
B0 284B 00 00 38 00 80 FF FF 00 FF 28.00 29.00 F838 4000.00 0.00 0.00 0.00 0.00 0.00 0.00 20170923105527
B0 284B 00 00 38 00 80 FF FF 00 FF 28.00 29.00 F838 4000.00 0.00 0.00 0.00 0.00 0.00 0.00 20170923105527
B0 284B 00 00 38 00 80 FF FF 00 FF 28.00 29.00 F838 4000.00 0.00 0.00 0.00 0.00 0.00 0.00 20170923105527
B0 284B 00 00 38 00 80 FF FF 00 FF 28.00 29.00 F838 4000.00 0.00 0.00 0.00 0.00 0.00 0.00 20170923105527
B0 284B 00 00 38 00 80 FF FF 00 FF 28.00 29.00 F838 4000.00 0.00 0.00 0.00 0.00 0.00 0.00 20170923105527
B0 284B 00 00 38 00 80 FF FF 00 FF 28.00 29.00 F838 4000.00 0.00 0.00 0.00 0.00 0.00 0.00 20170923105527
B0 284B 00 00 38 00 80 FF FF 00 FF 28.00 29.00 F838 4000.00 0.00 0.00 0.00 0.00 0.00 0.00 20170923105528
B0 284B 00 00 38 00 80 FF FF 00 FF 28.00 29.00 F838 4000.00 0.00 0.00 0.00 0.00 0.00 0.00 20170923105528
B0 284B 00 00 38 00 80 FF FF 00 FF 28.00 29.00 F838 4000.00 0.00 0.00 0.00 0.00 0.00 0.00 20170923105528
B0 284B 00 00 38 00 80 FF FF 00 FF 28.00 29.00 F838 4000.00 0.00 0.00 0.00 0.00 0.00 0.00 20170923105528
B0 284B 00 00 38 00 80 FF FF 00 FF 28.00 29.00 F838 4000.00 0.00 0.00 0.00 0.00 0.00 0.00 20170923105528
B0 284B 00 00 38 00 80 FF FF 00 FF 28.00 29.00 F838 4000.00 0.00 0.00 0.00 0.00 0.00 0.00 20170923105529
B0 284B 00 00 38 00 80 FF FF 00 FF 28.00 29.00 F838 3984.00 0.00 0.00 0.00 120.00 0.00 0.00 20170923105529
B0 F000 00 00 00 00 00 00 00 00 00 0.00 0.00 F000 0.00 0.00 0.00 0.00 120.00 0.00 0.00 20170923105709
