Address 02 30 01 40 42 44 46 48 10 11 12 20 21 22 Time
B0 0000 0000 031F 0708 0740 07C0 0800 0740 222.00 0.000 6.000 12.000 0.000 6.000 20170329102653
B0 0000 0000 031F 0672 0740 07C0 0800 0740 222.00 0.000 6.000 12.000 0.000 6.000 20170329102654
B0 0000 0000 031F 0708 0740 07C0 0800 0740 222.00 0.000 6.000 12.000 0.000 6.000 20170329102654
B0 0000 0000 031F 0708 0740 07C0 0800 0740 222.00 0.000 6.000 12.000 0.000 6.000 20170329102654
B0 0000 0000 031F 0672 0740 07C0 0800 0740 222.00 0.000 6.000 12.000 0.000 6.000 20170329102654
B0 0000 0000 031F 0708 0740 07C0 0800 0740 222.00 0.000 6.000 12.000 0.000 6.000 20170329102654
B0 0000 0000 031F 0708 0740 07C0 0800 0740 222.00 0.000 6.000 12.000 0.000 6.000 20170329102654
B0 0000 0000 031F 0708 0740 07C0 0800 0740 222.00 0.000 6.000 12.000 0.000 6.000 20170329102654
B0 0000 0000 031F 0708 0740 07C0 0800 0740 222.00 0.000 6.000 12.000 0.000 6.000 20170329102654
B0 0000 0000 031F 0708 0740 07C0 0800 0740 222.00 0.000 6.000 12.000 0.000 6.000 20170329102654
B0 0000 0000 031F 0672 0740 07C0 0800 0740 222.00 0.000 6.000 12.000 0.000 6.000 20170329102655
B0 0000 0000 031F 0708 0740 07C0 0800 0740 222.00 0.000 6.000 12.000 0.000 6.000 20170329102655
B0 0000 0000 031F 0708 0740 07C0 0800 0740 222.00 0.000 6.000 12.000 0.000 6.000 20170329102655
B0 0000 0000 031F 0672 0740 07C0 0800 0740 222.00 0.000 6.000 12.000 0.000 6.000 20170329102655
B0 0000 0000 031F 0708 0740 07C0 0800 0740 222.00 0.000 6.000 12.000 0.000 6.000 20170329102655
B0 0000 0000 031F 0672 0740 07C0 0800 0740 222.00 0.000 6.000 12.000 0.000 6.000 20170329102655
B0 0000 0000 031F 0708 0740 07C0 0800 0740 222.00 0.000 6.000 12.000 0.000 6.000 20170329102655
B0 0000 0000 031F 0708 0740 07C0 0800 0740 222.00 0.000 6.000 12.000 0.000 6.000 20170329102655
B0 0000 0000 031F 0672 0740 07C0 0800 0740 222.00 0.000 6.000 12.000 0.000 6.000 20170329102656
B0 0000 0000 031F 0708 0740 07C0 0800 0740 223.00 0.000 6.000 12.000 0.000 6.000 20170329102656
B0 0000 0000 031F 0672 0740 07C0 0800 0740 223.00 0.000 6.000 12.000 0.000 6.000 20170329102656
B0 0000 0000 031F 0708 0740 07C0 0800 0740 222.00 0.000 6.000 12.000 0.000 6.000 20170329102656
B0 0000 0000 031F 0708 0740 07C0 0800 0740 222.00 0.000 6.000 12.000 0.000 6.000 20170329102656
B0 0000 0000 031F 0672 0740 07C0 0800 0740 222.00 0.000 6.000 12.000 0.000 6.000 20170329102656
B0 0000 0000 031F 0708 0740 07C0 0800 0740 222.00 0.000 6.000 12.000 0.000 6.000 20170329102656
B0 0000 0000 031F 0708 0740 07C0 0800 0740 222.00 0.000 6.000 12.000 0.000 6.000 20170329102656
B0 0000 0000 031F 0672 0740 07C0 0800 0740 222.00 0.000 6.000 12.000 0.000 6.000 20170329102657
B0 0000 0000 031F 0708 0740 07C0 0800 0740 222.00 0.000 6.000 12.000 0.000 6.000 20170329102657
B0 0000 0000 031F 0672 0740 07C0 0800 0740 223.00 0.000 6.000 12.000 0.000 6.000 20170329102657
B0 0000 0000 031F 0708 0740 07C0 0800 0740 222.00 0.000 6.000 12.000 0.000 6.000 20170329102657
B0 0000 0000 031F 0708 0740 07C0 0800 0740 222.00 0.000 6.000 12.000 0.000 6.000 20170329102657
B0 0000 0000 031F 0672 0740 07C0 0800 0740 222.00 0.000 6.000 12.000 0.000 6.000 20170329102657
B0 0000 0000 031F 0708 0740 07C0 0800 0740 222.00 0.000 6.000 12.000 0.000 6.000 20170329102657
B0 0000 0000 031F 0672 0740 07C0 0800 0740 222.00 0.000 6.000 12.000 0.000 6.000 20170329102657
B0 0000 0000 031F 0708 0740 07C0 0800 0740 223.00 0.000 6.000 12.000 0.000 6.000 20170329102657
B0 0000 0000 031F 0708 0740 07C0 0800 0740 223.00 0.000 6.000 12.000 0.000 6.000 20170329102658
B0 0000 0000 031F 0672 0740 07C0 0800 0740 223.00 0.000 6.000 12.000 0.000 6.000 20170329102658
B0 0000 0000 031F 0708 0740 07C0 0800 0740 222.00 0.000 6.000 12.000 0.000 6.000 20170329102658
B0 0000 0000 031F 0708 0740 07C0 0800 0740 222.00 0.000 6.000 12.000 0.000 6.000 20170329102658
B0 0000 0000 031F 0672 0740 07C0 0800 0740 222.00 0.000 6.000 12.000 0.000 6.000 20170329102658
B0 0000 0000 031F 0708 0740 07C0 0800 0740 222.00 0.000 6.000 12.000 0.000 6.000 20170329102658
B0 0000 0000 031F 0708 0740 07C0 0800 0740 222.00 0.000 6.000 12.000 0.000 6.000 20170329102658
B0 0000 0000 031F 0708 0740 07C0 0800 0740 222.00 0.000 6.000 12.000 0.000 6.000 20170329102658
B0 0000 0000 031F 0708 0740 07C0 0800 0740 222.00 0.000 6.000 12.000 0.000 6.000 20170329102659
B0 0000 0000 031F 0672 0740 07C0 0800 0740 222.00 0.000 6.000 12.000 0.000 6.000 20170329102659
B0 0000 0000 031F 0708 0740 07C0 0800 0740 222.00 0.000 6.000 12.000 0.000 6.000 20170329102659
B0 0000 0000 031F 0708 0740 07C0 0800 0740 222.00 0.000 6.000 12.000 0.000 6.000 20170329102659
B0 0000 0000 031F 0708 0740 07C0 0800 0740 223.00 0.000 6.000 12.000 0.000 6.000 20170329102659
B0 0000 0000 031F 0708 0740 07C0 0800 0740 222.00 0.000 6.000 12.000 0.000 6.000 20170329102659
B0 0000 0000 031F 0708 0740 07C0 0800 0740 222.00 0.000 6.000 12.000 0.000 6.000 20170329102659
B0 0000 0000 031F 0672 0740 07C0 0800 0740 223.00 0.000 6.000 12.000 0.000 6.000 20170329102659
B0 0000 0000 031F 0708 0740 07C0 0800 0740 223.00 0.000 6.000 12.000 0.000 6.000 20170329102700
B0 0000 0000 031F 0672 0740 07C0 0800 0740 223.00 0.000 6.000 12.000 0.000 6.000 20170329102700
B0 0000 0000 031F 0708 0740 07C0 0800 0740 223.00 0.000 6.000 12.000 0.000 6.000 20170329102700
B0 0000 0000 031F 0708 0740 07C0 0800 0740 222.00 0.000 6.000 12.000 0.000 6.000 20170329102700
B0 0000 0000 031F 0672 0740 07C0 0800 0740 222.00 0.000 6.000 12.000 0.000 6.000 20170329102700
B0 0000 0000 031F 0708 0740 07C0 0800 0740 222.00 0.000 6.000 12.000 0.000 6.000 20170329102700
B0 0000 0000 031F 0672 0740 07C0 0800 0740 222.00 0.000 6.000 12.000 0.000 6.000 20170329102700
B0 0000 0000 031F 0708 0740 07C0 0800 0740 222.00 0.000 6.000 12.000 0.000 6.000 20170329102700
B0 0000 0000 031F 0708 0740 07C0 0800 0740 222.00 0.000 6.000 12.000 0.000 6.000 20170329102700
B0 0000 0000 031F 0672 0740 07C0 0800 0740 222.00 0.000 6.000 12.000 0.000 6.000 20170329102701
B0 0000 0000 031F 0708 0740 07C0 0800 0740 223.00 0.000 6.000 12.000 0.000 6.000 20170329102701
B0 0000 0000 031F 0708 0740 07C0 0800 0740 223.00 0.000 6.000 12.000 0.000 6.000 20170329102701
B0 0000 0000 031F 0672 0740 07C0 0800 0740 222.00 0.000 6.000 12.000 0.000 6.000 20170329102701
B0 0000 0000 031F 0708 0740 07C0 0800 0740 222.00 0.000 6.000 12.000 0.000 6.000 20170329102701
B0 0000 0000 031F 0708 0740 07C0 0800 0740 222.00 0.000 6.000 12.000 0.000 6.000 20170329102701
B0 0000 0000 031F 0672 0740 07C0 0800 0740 222.00 0.000 6.000 12.000 0.000 6.000 20170329102701
B0 0000 0000 031F 0708 0740 07C0 0800 0740 223.00 0.000 6.000 12.000 0.000 6.000 20170329102701
B0 0000 0000 031F 0672 0740 07C0 0800 0740 223.00 0.000 6.000 12.000 0.000 6.000 20170329102702
B0 0000 0000 031F 0708 0740 07C0 0800 0740 223.00 0.000 6.000 12.000 0.000 6.000 20170329102702
B0 0000 0000 031F 0708 0740 07C0 0800 0740 223.00 0.000 6.000 12.000 0.000 6.000 20170329102702
B0 0000 0000 031F 0672 0740 07C0 0800 0740 223.00 0.000 6.000 12.000 0.000 6.000 20170329102702
B0 0000 0000 031F 0708 0740 07C0 0800 0740 223.00 0.000 6.000 12.000 0.000 6.000 20170329102702
B0 0000 0000 031F 0672 0740 07C0 0800 0740 223.00 0.000 6.000 12.000 0.000 6.000 20170329102702
B0 0000 0000 031F 0708 0740 07C0 0800 0740 222.00 0.000 6.000 12.000 0.000 6.000 20170329102702
B0 0000 0000 031F 0708 0740 07C0 0800 0740 222.00 0.000 6.000 12.000 0.000 6.000 20170329102702
B0 0000 0000 031F 0672 0740 07C0 0800 0740 223.00 0.000 6.000 12.000 0.000 6.000 20170329102703
B0 0000 0000 031F 0708 0740 07C0 0800 0740 223.00 0.000 6.000 12.000 0.000 6.000 20170329102703
B0 0000 0000 031F 0672 0740 07C0 0800 0740 223.00 0.000 6.000 12.000 0.000 6.000 20170329102703
B0 0000 0000 031F 0708 0740 07C0 0800 0740 223.00 0.000 6.000 12.000 0.000 6.000 20170329102703
B0 0000 0000 031F 0708 0740 07C0 0800 0740 223.00 0.000 6.000 12.000 0.000 6.000 20170329102703
B0 0000 0000 031F 0708 0740 07C0 0800 0740 222.00 0.000 6.000 12.000 0.000 6.000 20170329102703
B0 0000 0000 031F 0672 0740 07C0 0800 0740 223.00 0.000 6.000 12.000 0.000 6.000 20170329102703
B0 0000 0000 031F 0708 0740 07C0 0800 0740 223.00 0.000 6.000 12.000 0.000 6.000 20170329102703
B0 0000 0000 031F 0672 0740 07C0 0800 0740 223.00 0.000 6.000 12.000 0.000 6.000 20170329102703
B0 0000 0000 031F 0708 0740 07C0 0800 0740 223.00 0.000 6.000 12.000 0.000 6.000 20170329102704
B0 0000 0000 031F 0708 0740 07C0 0800 0740 223.00 0.000 6.000 12.000 0.000 6.000 20170329102704
B0 0000 0000 031F 0672 0740 07C0 0800 0740 222.00 0.000 6.000 12.000 0.000 6.000 20170329102704
B0 0000 0000 031F 0708 0740 07C0 0800 0740 223.00 0.000 6.000 12.000 0.000 6.000 20170329102704
B0 0000 0000 031F 0672 0740 07C0 0800 0740 223.00 0.000 6.000 12.000 0.000 6.000 20170329102704
B0 0000 0000 031F 0708 0740 07C0 0800 0740 222.00 0.000 6.000 12.000 0.000 6.000 20170329102704
B0 0000 0000 031F 0708 0740 07C0 0800 0740 222.00 0.000 6.000 12.000 0.000 6.000 20170329102704
B0 0000 0000 031F 0672 0740 07C0 0800 0740 222.00 0.000 6.000 12.000 0.000 6.000 20170329102704
B0 0000 0000 031F 0708 0740 07C0 0800 0740 222.00 0.000 6.000 12.000 0.000 6.000 20170329102705
B0 0000 0000 031F 0672 0740 07C0 0800 0740 223.00 0.000 6.000 12.000 0.000 6.000 20170329102705
B0 0000 0000 031F 0708 0740 07C0 0800 0740 223.00 0.000 6.000 12.000 0.000 6.000 20170329102705
B0 0000 0000 031F 0708 0740 07C0 0800 0740 222.00 0.000 6.000 12.000 0.000 6.000 20170329102705
B0 0000 0000 031F 0708 0740 07C0 0800 0740 222.00 0.000 6.000 12.000 0.000 6.000 20170329102705
B0 0000 0000 031F 0708 0740 07C0 0800 0740 222.00 0.000 6.000 12.000 0.000 6.000 20170329102705
B0 0000 0000 031F 0672 0740 07C0 0800 0740 222.00 0.000 6.000 12.000 0.000 6.000 20170329102705
B0 0000 0000 031F 0708 0740 07C0 0800 0740 222.00 0.000 6.000 12.000 0.000 6.000 20170329102705
B0 0000 0000 031F 0708 0740 07C0 0800 0740 223.00 0.000 6.000 12.000 0.000 6.000 20170329102706
B0 0000 0000 031F 0672 0740 07C0 0800 0740 223.00 0.000 6.000 12.000 0.000 6.000 20170329102706
B0 0000 0000 031F 0708 0740 07C0 0800 0740 223.00 0.000 6.000 12.000 0.000 6.000 20170329102706
B0 0000 0000 031F 0708 0740 07C0 0800 0740 223.00 0.000 6.000 12.000 0.000 6.000 20170329102706
B0 0000 0000 031F 0672 0740 07C0 0800 0740 223.00 0.000 6.000 12.000 0.000 6.000 20170329102706
B0 0000 0000 031F 0708 0740 07C0 0800 0740 223.00 0.000 6.000 12.000 0.000 6.000 20170329102706
B0 0000 0000 031F 0672 0740 07C0 0800 0740 223.00 0.000 6.000 12.000 0.000 6.000 20170329102706
B0 0000 0000 031F 0708 0740 07C0 0800 0740 223.00 0.000 6.000 12.000 0.000 6.000 20170329102706
B0 0000 0000 031F 0708 0740 07C0 0800 0740 223.00 0.000 6.000 12.000 0.000 6.000 20170329102706
B0 0000 0000 031F 0672 0740 07C0 0800 0740 223.00 0.000 6.000 12.000 0.000 6.000 20170329102707
B0 0000 0000 031F 0708 0740 07C0 0800 0740 223.00 0.000 6.000 12.000 0.000 6.000 20170329102707
B0 0000 0000 031F 0672 0740 07C0 0800 0740 223.00 0.000 6.000 12.000 0.000 6.000 20170329102707
B0 0000 0000 031F 0708 0740 07C0 0800 0740 223.00 0.000 6.000 12.000 0.000 6.000 20170329102707
B0 0000 0000 031F 0708 0740 07C0 0800 0740 223.00 0.000 6.000 12.000 0.000 6.000 20170329102707
B0 0000 0000 031F 0672 0740 07C0 0800 0740 223.00 0.000 6.000 12.000 0.000 6.000 20170329102707
B0 0000 0000 031F 0708 0740 07C0 0800 0740 223.00 0.000 6.000 12.000 0.000 6.000 20170329102707
B0 0000 0000 031F 0672 0740 07C0 0800 0740 223.00 0.000 6.000 12.000 0.000 6.000 20170329102707
B0 0000 0000 031F 0708 0740 07C0 0800 0740 223.00 0.000 6.000 12.000 0.000 6.000 20170329102708
B0 0000 0000 031F 0708 0740 07C0 0800 0740 223.00 0.000 6.000 12.000 0.000 6.000 20170329102708
B0 0000 0000 031F 0708 0740 07C0 0800 0740 223.00 0.000 6.000 12.000 0.000 6.000 20170329102708
B0 0000 0000 031F 0708 0740 07C0 0800 0740 223.00 0.000 6.000 12.000 0.000 6.000 20170329102708
B0 0000 0000 031F 0672 0740 07C0 0800 0740 223.00 0.000 6.000 12.000 0.000 6.000 20170329102708
B0 0000 0000 031F 0708 0740 07C0 0800 0740 222.00 0.000 6.000 12.000 0.000 6.000 20170329102708
B0 0000 0000 031F 0708 0740 07C0 0800 0740 222.00 0.000 6.000 12.000 0.000 6.000 20170329102708
B0 0000 0000 031F 0672 0740 07C0 0800 0740 222.00 0.000 6.000 12.000 0.000 6.000 20170329102708
B0 0000 0000 031F 0708 0740 07C0 0800 0740 222.00 0.000 6.000 12.000 0.000 6.000 20170329102709
B0 0000 0000 031F 0708 0740 07C0 0800 0740 222.00 0.000 6.000 12.000 0.000 6.000 20170329102709
B0 0000 0000 031F 0708 0740 07C0 0800 0740 222.00 0.000 6.000 12.000 0.000 6.000 20170329102709
B0 0000 0000 031F 0708 0740 07C0 0800 0740 222.00 0.000 6.000 12.000 0.000 6.000 20170329102709
B0 0000 0000 031F 0672 0740 07C0 0800 0740 222.00 0.000 6.000 12.000 0.000 6.000 20170329102709
B0 0000 0000 031F 0708 0740 07C0 0800 0740 222.00 0.000 6.000 12.000 0.000 6.000 20170329102709
B0 0000 0000 031F 0708 0740 07C0 0800 0740 222.00 0.000 6.000 12.000 0.000 6.000 20170329102709
B0 0000 0000 031F 0708 0740 07C0 0800 0740 222.00 0.000 6.000 12.000 0.000 6.000 20170329102709
B0 0000 0000 031F 0708 0740 07C0 0800 0740 222.00 0.000 6.000 12.000 0.000 6.000 20170329102710
B0 0000 0000 031F 0672 0740 07C0 0800 0740 222.00 0.000 6.000 12.000 0.000 6.000 20170329102710
B0 0000 0000 031F 0708 0740 07C0 0800 0740 222.00 0.000 6.000 12.000 0.000 6.000 20170329102710
B0 0000 0000 031F 0672 0740 07C0 0800 0740 222.00 0.000 6.000 12.000 0.000 6.000 20170329102710
B0 0000 0000 031F 0708 0740 07C0 0800 0740 222.00 0.000 6.000 12.000 0.000 6.000 20170329102710
B0 0000 0000 031F 0708 0740 07C0 0800 0740 222.00 0.000 6.000 12.000 0.000 6.000 20170329102710
B0 0000 0000 031F 0672 0740 07C0 0800 0740 222.00 0.000 6.000 12.000 0.000 6.000 20170329102710
B0 0000 0000 031F 0708 0740 07C0 0800 0740 222.00 0.000 6.000 12.000 0.000 6.000 20170329102710
B0 0000 0000 031F 0672 0740 07C0 0800 0740 222.00 0.000 6.000 12.000 0.000 6.000 20170329102711
B0 0000 0000 031F 0708 0740 07C0 0800 0740 222.00 0.000 6.000 12.000 0.000 6.000 20170329102711
B0 0000 0000 031F 0708 0740 07C0 0800 0740 222.00 0.000 6.000 12.000 0.000 6.000 20170329102711
B0 0000 0000 031F 0672 0740 07C0 0800 0740 222.00 0.000 6.000 12.000 0.000 6.000 20170329102711
B0 0000 0000 031F 0708 0740 07C0 0800 0740 222.00 0.000 6.000 12.000 0.000 6.000 20170329102711
B0 0000 0000 031F 0708 0740 07C0 0800 0740 222.00 0.000 6.000 12.000 0.000 6.000 20170329102711
B0 0000 0000 031F 0672 0740 07C0 0800 0740 222.00 0.000 6.000 12.000 0.000 6.000 20170329102711
B0 0000 0000 031F 0708 0740 07C0 0800 0740 222.00 0.000 6.000 12.000 0.000 6.000 20170329102711
B0 0000 0000 031F 0672 0740 07C0 0800 0740 222.00 0.000 6.000 12.000 0.000 6.000 20170329102712
B0 0000 0000 031F 0708 0740 07C0 0800 0740 222.00 0.000 6.000 12.000 0.000 6.000 20170329102712
B0 0000 0000 031F 0708 0740 07C0 0800 0740 222.00 0.000 6.000 12.000 0.000 6.000 20170329102712
B0 0000 0000 031F 0672 0740 07C0 0800 0740 222.00 0.000 6.000 12.000 0.000 6.000 20170329102712
B0 0000 0000 031F 0708 0740 07C0 0800 0740 222.00 0.000 6.000 12.000 0.000 6.000 20170329102712
B0 0000 0000 031F 0708 0740 07C0 0800 0740 222.00 0.000 6.000 12.000 0.000 6.000 20170329102712
B0 0000 0000 031F 0708 0740 07C0 0800 0740 222.00 0.000 6.000 12.000 0.000 6.000 20170329102712
B0 0000 0000 031F 0708 0740 07C0 0800 0740 222.00 0.000 6.000 12.000 0.000 6.000 20170329102712
B0 0000 0000 031F 0672 0740 07C0 0800 0740 222.00 0.000 6.000 12.000 0.000 6.000 20170329102712
B0 0000 0000 031F 0708 0740 07C0 0800 0740 222.00 0.000 6.000 12.000 0.000 6.000 20170329102713
B0 0000 0000 031F 0708 0740 07C0 0800 0740 222.00 0.000 6.000 12.000 0.000 6.000 20170329102713
B0 0000 0000 031F 0672 0740 07C0 0800 0740 222.00 0.000 6.000 12.000 0.000 6.000 20170329102713
B0 0000 0000 031F 0708 0740 07C0 0800 0740 222.00 0.000 6.000 12.000 0.000 6.000 20170329102713
B0 0000 0000 031F 0708 0740 07C0 0800 0740 222.00 0.000 6.000 12.000 0.000 6.000 20170329102713
B0 0000 0000 031F 0672 0740 07C0 0800 0740 222.00 0.000 6.000 12.000 0.000 6.000 20170329102713
B0 0000 0000 031F 0708 0740 07C0 0800 0740 222.00 0.000 6.000 12.000 0.000 6.000 20170329102713
B0 0000 0000 031F 0708 0740 07C0 0800 0740 222.00 0.000 6.000 12.000 0.000 6.000 20170329102713
B0 0000 0000 031F 0708 0740 07C0 0800 0740 222.00 0.000 6.000 12.000 0.000 6.000 20170329102714
B0 0000 0000 031F 0708 0740 07C0 0800 0740 223.00 0.000 6.000 12.000 0.000 6.000 20170329102714
B0 0000 0000 031F 0672 0740 07C0 0800 0740 223.00 0.000 6.000 12.000 0.000 6.000 20170329102714
B0 0000 0000 031F 0708 0740 07C0 0800 0740 222.00 0.000 6.000 12.000 0.000 6.000 20170329102714
B0 0000 0000 031F 0672 0740 07C0 0800 0740 222.00 0.000 6.000 12.000 0.000 6.000 20170329102714
B0 0000 0000 031F 0708 0740 07C0 0800 0740 222.00 0.000 6.000 12.000 0.000 6.000 20170329102714
B0 0000 0000 031F 0708 0740 07C0 0800 0740 222.00 0.000 6.000 12.000 0.000 6.000 20170329102714
B0 0000 0000 031F 0672 0740 07C0 0800 0740 222.00 0.000 6.000 12.000 0.000 6.000 20170329102714
B0 0000 0000 031F 0708 0740 07C0 0800 0740 222.00 0.000 6.000 12.000 0.000 6.000 20170329102715
B0 0000 0000 031F 0672 0740 07C0 0800 0740 222.00 0.000 6.000 12.000 0.000 6.000 20170329102715
B0 0000 0000 031F 0708 0740 07C0 0800 0740 222.00 0.000 6.000 12.000 0.000 6.000 20170329102715
B0 0000 0000 031F 0708 0740 07C0 0800 0740 222.00 0.000 6.000 12.000 0.000 6.000 20170329102715
B0 0000 0000 031F 0672 0740 07C0 0800 0740 222.00 0.000 6.000 12.000 0.000 6.000 20170329102715
B0 0000 0000 031F 0708 0740 07C0 0800 0740 222.00 0.000 6.000 12.000 0.000 6.000 20170329102715
B0 0000 0000 031F 0672 0740 07C0 0800 0740 222.00 0.000 6.000 12.000 0.000 6.000 20170329102715
B0 0000 0000 031F 0708 0740 07C0 0800 0740 222.00 0.000 6.000 12.000 0.000 6.000 20170329102715
B0 0000 0000 031F 0708 0740 07C0 0800 0740 222.00 0.000 6.000 12.000 0.000 6.000 20170329102715
B0 0000 0000 031F 0672 0740 07C0 0800 0740 222.00 0.000 6.000 12.000 0.000 6.000 20170329102716
B0 0000 0000 031F 0708 0740 07C0 0800 0740 222.00 0.000 6.000 12.000 0.000 6.000 20170329102716
B0 0000 0000 031F 0672 0740 07C0 0800 0740 222.00 0.000 6.000 12.000 0.000 6.000 20170329102716
B0 0000 0000 031F 0708 0740 07C0 0800 0740 222.00 0.000 6.000 12.000 0.000 6.000 20170329102716
B0 0000 0000 031F 0708 0740 07C0 0800 0740 222.00 0.000 6.000 12.000 0.000 6.000 20170329102716
B0 0000 0000 031F 0672 0740 07C0 0800 0740 222.00 0.000 6.000 12.000 0.000 6.000 20170329102716
B0 0000 0000 031F 0708 0740 07C0 0800 0740 222.00 0.000 6.000 12.000 0.000 6.000 20170329102716
B0 0000 0000 031F 0672 0740 07C0 0800 0740 222.00 0.000 6.000 12.000 0.000 6.000 20170329102716
B0 0000 0000 031F 0708 0740 07C0 0800 0740 222.00 0.000 6.000 12.000 0.000 6.000 20170329102717
B0 0000 0000 031F 0708 0740 07C0 0800 0740 222.00 0.000 6.000 12.000 0.000 6.000 20170329102717
B0 0000 0000 031F 0708 0740 07C0 0800 0740 222.00 0.000 6.000 12.000 0.000 6.000 20170329102717
B0 0000 0000 031F 0708 0740 07C0 0800 0740 222.00 0.000 6.000 12.000 0.000 6.000 20170329102717
B0 0000 0000 031F 0708 0740 07C0 0800 0740 222.00 0.000 6.000 12.000 0.000 6.000 20170329102717
B0 0000 0000 031F 0672 0740 07C0 0800 0740 222.00 0.000 6.000 12.000 0.000 6.000 20170329102717
B0 0000 0000 031F 0708 0740 07C0 0800 0740 222.00 0.000 6.000 12.000 0.000 6.000 20170329102717
B0 0000 0000 031F 0708 0740 07C0 0800 0740 222.00 0.000 6.000 12.000 0.000 6.000 20170329102717
B0 0000 0000 031F 0708 0740 07C0 0800 0740 222.00 0.000 6.000 12.000 0.000 6.000 20170329102718
B0 0000 0000 031F 0708 0740 07C0 0800 0740 222.00 0.000 6.000 12.000 0.000 6.000 20170329102718
B0 0000 0000 031F 0672 0740 07C0 0800 0740 222.00 0.000 6.000 12.000 0.000 6.000 20170329102718
B0 0000 0000 031F 0708 0740 07C0 0800 0740 222.00 0.000 6.000 12.000 0.000 6.000 20170329102718
B0 0000 0000 031F 0708 0740 07C0 0800 0740 222.00 0.000 6.000 12.000 0.000 6.000 20170329102718
B0 0000 0000 031F 0708 0740 07C0 0800 0740 222.00 0.000 6.000 12.000 0.000 6.000 20170329102718
B0 0000 0000 031F 0708 0740 07C0 0800 0740 222.00 0.000 6.000 12.000 0.000 6.000 20170329102718
B0 0000 0000 031F 0672 0740 07C0 0800 0740 223.00 0.000 6.000 12.000 0.000 6.000 20170329102718
B0 0000 0000 031F 0708 0740 07C0 0800 0740 222.00 0.000 6.000 12.000 0.000 6.000 20170329102718
B0 0000 0000 031F 0708 0740 07C0 0800 0740 222.00 0.000 6.000 12.000 0.000 6.000 20170329102719
B0 0000 0000 031F 0708 0740 07C0 0800 0740 222.00 0.000 6.000 12.000 0.000 6.000 20170329102719
B0 0000 0000 031F 0708 0740 07C0 0800 0740 223.00 0.000 6.000 12.000 0.000 6.000 20170329102719
B0 0000 0000 031F 0672 0740 07C0 0800 0740 222.00 0.000 6.000 12.000 0.000 6.000 20170329102719
B0 0000 0000 031F 0708 0740 07C0 0800 0740 222.00 0.000 6.000 12.000 0.000 6.000 20170329102719
B0 0000 0000 031F 0708 0740 07C0 0800 0740 222.00 0.000 6.000 12.000 0.000 6.000 20170329102719
B0 0000 0000 031F 0708 0740 07C0 0800 0740 223.00 0.000 6.000 12.000 0.000 6.000 20170329102719
B0 0000 0000 031F 0708 0740 07C0 0800 0740 223.00 0.000 6.000 12.000 0.000 6.000 20170329102719
B0 0000 0000 031F 0672 0740 07C0 0800 0740 223.00 0.000 6.000 12.000 0.000 6.000 20170329102720
B0 0000 0000 031F 0708 0740 07C0 0800 0740 223.00 0.000 6.000 12.000 0.000 6.000 20170329102720
B0 0000 0000 031F 0708 0740 07C0 0800 0740 222.00 0.000 6.000 12.000 0.000 6.000 20170329102720
B0 0000 0000 031F 0708 0740 07C0 0800 0740 222.00 0.000 6.000 12.000 0.000 6.000 20170329102720
B0 0000 0000 031F 0708 0740 07C0 0800 0740 222.00 0.000 6.000 12.000 0.000 6.000 20170329102720
B0 0000 0000 031F 0672 0740 07C0 0800 0740 222.00 0.000 6.000 12.000 0.000 6.000 20170329102720
B0 0000 0000 031F 0708 0740 07C0 0800 0740 223.00 0.000 6.000 12.000 0.000 6.000 20170329102720
B0 0000 0000 031F 0708 0740 07C0 0800 0740 222.00 0.000 6.000 12.000 0.000 6.000 20170329102720
B0 0000 0000 031F 0672 0740 07C0 0800 0740 222.00 0.000 6.000 12.000 0.000 6.000 20170329102721
B0 0000 0000 031F 0708 0740 07C0 0800 0740 222.00 0.000 6.000 12.000 0.000 6.000 20170329102721
B0 0000 0000 031F 0708 0740 07C0 0800 0740 222.00 0.000 6.000 12.000 0.000 6.000 20170329102721
B0 0000 0000 031F 0672 0740 07C0 0800 0740 222.00 0.000 6.000 12.000 0.000 6.000 20170329102721
B0 0000 0000 031F 0708 0740 07C0 0800 0740 222.00 0.000 6.000 12.000 0.000 6.000 20170329102721
B0 0000 0000 031F 0672 0740 07C0 0800 0740 222.00 0.000 6.000 12.000 0.000 6.000 20170329102721
B0 0000 0000 031F 0708 0740 07C0 0800 0740 222.00 0.000 6.000 12.000 0.000 6.000 20170329102721
B0 0000 0000 031F 0708 0740 07C0 0800 0740 222.00 0.000 6.000 12.000 0.000 6.000 20170329102721
B0 0000 0000 031F 0672 0740 07C0 0800 0740 222.00 0.000 6.000 12.000 0.000 6.000 20170329102722
B0 0000 0000 031F 0708 0740 07C0 0800 0740 222.00 0.000 6.000 12.000 0.000 6.000 20170329102722
B0 0000 0000 031F 0672 0740 07C0 0800 0740 222.00 0.000 6.000 12.000 0.000 6.000 20170329102722
B0 0000 0000 031F 0708 0740 07C0 0800 0740 222.00 0.000 6.000 12.000 0.000 6.000 20170329102722
B0 0000 0000 031F 0708 0740 07C0 0800 0740 222.00 0.000 6.000 12.000 0.000 6.000 20170329102722
B0 0000 0000 031F 0672 0740 07C0 0800 0740 222.00 0.000 6.000 12.000 0.000 6.000 20170329102722
B0 0000 0000 031F 0708 0740 07C0 0800 0740 222.00 0.000 6.000 12.000 0.000 6.000 20170329102722
B0 0000 0000 031F 0672 0740 07C0 0800 0740 222.00 0.000 6.000 12.000 0.000 6.000 20170329102722
B0 0000 0000 031F 0708 0740 07C0 0800 0740 222.00 0.000 6.000 12.000 0.000 6.000 20170329102722
B0 0000 0000 031F 0708 0740 07C0 0800 0740 222.00 0.000 6.000 12.000 0.000 6.000 20170329102723
B0 0000 0000 031F 0672 0740 07C0 0800 0740 222.00 0.000 6.000 12.000 0.000 6.000 20170329102723
B0 0000 0000 031F 0708 0740 07C0 0800 0740 222.00 0.000 6.000 12.000 0.000 6.000 20170329102723
B0 0000 0000 031F 0672 0740 07C0 0800 0740 222.00 0.000 6.000 12.000 0.000 6.000 20170329102723
B0 0000 0000 031F 0708 0740 07C0 0800 0740 222.00 0.000 6.000 12.000 0.000 6.000 20170329102723
B0 0000 0000 031F 0672 0740 07C0 0800 0740 222.00 0.000 6.000 12.000 0.000 6.000 20170329102723
B0 0000 0000 031F 0708 0740 07C0 0800 0740 222.00 0.000 6.000 12.000 0.000 6.000 20170329102723
B0 0000 0000 031F 0708 0740 07C0 0800 0740 222.00 0.000 6.000 12.000 0.000 6.000 20170329102723
B0 0000 0000 031F 0672 0740 07C0 0800 0740 222.00 0.000 6.000 12.000 0.000 6.000 20170329102724
B0 0000 0000 031F 0708 0740 07C0 0800 0740 222.00 0.000 6.000 12.000 0.000 6.000 20170329102724
B0 0000 0000 031F 0672 0740 07C0 0800 0740 222.00 0.000 6.000 12.000 0.000 6.000 20170329102724
B0 0000 0000 031F 0708 0740 07C0 0800 0740 222.00 0.000 6.000 12.000 0.000 6.000 20170329102724
B0 0000 0000 031F 0708 0740 07C0 0800 0740 222.00 0.000 6.000 12.000 0.000 6.000 20170329102724
B0 0000 0000 031F 0708 0740 07C0 0800 0740 222.00 0.000 6.000 12.000 0.000 6.000 20170329102724
B0 0000 0000 031F 0708 0740 07C0 0800 0740 222.00 0.000 6.000 12.000 0.000 6.000 20170329102724
B0 0000 0000 031F 0708 0740 07C0 0800 0740 222.00 0.000 6.000 12.000 0.000 6.000 20170329102724
B0 0000 0000 031F 0672 0740 07C0 0800 0740 222.00 0.000 6.000 12.000 0.000 6.000 20170329102725
B0 0000 0000 031F 0708 0740 07C0 0840 0740 222.00 0.000 6.000 12.000 0.000 6.000 20170329102725
B0 0000 0000 031F 0672 0740 07C0 0800 0740 222.00 0.000 6.000 12.000 0.000 6.000 20170329102725
B0 0000 0000 031F 0708 0740 07C0 0800 0740 222.00 0.000 6.000 12.000 0.000 6.000 20170329102725
B0 0000 0000 031F 0708 0740 07C0 0800 0740 222.00 0.000 6.000 12.000 0.000 6.000 20170329102725
B0 0000 0000 031F 0672 0740 07C0 0840 0740 222.00 0.000 6.000 12.000 0.000 6.000 20170329102725
B0 0000 0000 031F 0708 0740 07C0 0800 0740 222.00 0.000 6.000 12.000 0.000 6.000 20170329102725
B0 0000 0000 031F 0672 0740 07C0 0800 0740 222.00 0.000 6.000 12.000 0.000 6.000 20170329102725
B0 0000 0000 031F 0708 0740 07C0 0800 0740 222.00 0.000 6.000 12.000 0.000 6.000 20170329102726
B0 0000 0000 031F 0672 0740 07C0 0800 0740 222.00 0.000 6.000 12.000 0.000 6.000 20170329102726
B0 0000 0000 031F 0708 0740 07C0 0800 0740 222.00 0.000 6.000 12.000 0.000 6.000 20170329102726
B0 0000 0000 031F 0708 0740 07C0 0800 0740 222.00 0.000 6.000 12.000 0.000 6.000 20170329102726
B0 0000 0000 031F 0672 0740 07C0 0840 0740 222.00 0.000 6.000 12.000 0.000 6.000 20170329102726
B0 0000 0000 031F 0708 0740 07C0 0840 0740 222.00 0.000 6.000 12.000 0.000 6.000 20170329102726
B0 0000 0000 031F 0708 0740 07C0 0840 0740 222.00 0.000 6.000 12.000 0.000 6.000 20170329102726
B0 0000 0000 031F 0672 0740 07C0 0840 0740 222.00 0.000 6.000 12.000 0.000 6.000 20170329102726
B0 0000 0000 031F 0708 0740 07C0 0840 0740 222.00 0.000 6.000 12.000 0.000 6.000 20170329102726
B0 0000 0000 031F 0708 0740 07C0 0840 0740 222.00 0.000 6.000 12.000 0.000 6.000 20170329102727
B0 0000 0000 031F 0672 0740 0800 0840 0740 222.00 0.000 6.000 12.000 0.000 6.000 20170329102727
B0 0000 0000 031F 0708 0740 07C0 0840 0740 222.00 0.000 6.000 12.000 0.000 6.000 20170329102727
B0 0000 0000 031F 0708 0740 07C0 0840 0740 222.00 0.000 6.000 12.000 0.000 6.000 20170329102727
B0 0000 0000 031F 0672 0740 07C0 0840 0740 222.00 0.000 6.000 12.000 0.000 6.000 20170329102727
B0 0000 0000 031F 0708 0740 07C0 0840 0740 222.00 0.000 6.000 12.000 0.000 6.000 20170329102727
B0 0000 0000 031F 0708 0740 07C0 0840 0740 222.00 0.000 6.000 12.000 0.000 6.000 20170329102727
B0 0000 0000 031F 0672 0740 07C0 0840 0740 222.00 0.000 6.000 12.000 0.000 6.000 20170329102727
B0 0000 0000 031F 0708 0740 0800 0840 0740 222.00 0.000 6.000 12.000 0.000 6.000 20170329102728
B0 0000 0000 031F 0672 0740 07C0 0840 0740 222.00 0.000 6.000 12.000 0.000 6.000 20170329102728
B0 0000 0000 031F 0708 0740 07C0 0840 0740 223.00 0.000 6.000 12.000 0.000 6.000 20170329102728
B0 0000 0000 031F 0708 0740 07C0 0840 0740 223.00 0.000 6.000 12.000 0.000 6.000 20170329102728
B0 0000 0000 031F 0672 0740 07C0 0840 0740 223.00 0.000 6.000 12.000 0.000 6.000 20170329102728
B0 0000 0000 031F 0708 0740 0800 0840 0740 222.00 0.000 6.000 12.000 0.000 6.000 20170329102728
B0 0000 0000 031F 0672 0740 0800 0840 0740 222.00 0.000 6.000 12.000 0.000 6.000 20170329102728
B0 0000 0000 031F 0708 0740 0800 0840 0740 222.00 0.000 6.000 12.000 0.000 6.000 20170329102728
B0 0000 0000 031F 0708 0740 0800 0840 0740 222.00 0.000 6.000 12.000 0.000 6.000 20170329102728
B0 0000 0000 031F 0672 0740 0800 0840 0740 222.00 0.000 6.000 12.000 0.000 6.000 20170329102729
B0 0000 0000 031F 0708 0740 0800 0840 0740 222.00 0.000 6.000 12.000 0.000 6.000 20170329102729
B0 0000 0000 031F 0708 0740 07C0 0840 0740 222.00 0.000 6.000 12.000 0.000 6.000 20170329102729
B0 0000 0000 031F 0672 0740 0800 0840 0740 222.00 0.000 6.000 12.000 0.000 6.000 20170329102729
B0 0000 0000 031F 0708 0740 0800 0840 0740 222.00 0.000 6.000 12.000 0.000 6.000 20170329102729
B0 0000 0000 031F 0708 0740 0800 0840 0740 222.00 0.000 6.000 12.000 0.000 6.000 20170329102729
B0 0000 0000 031F 0672 0740 0800 0840 0740 222.00 0.000 6.000 12.000 0.000 6.000 20170329102729
B0 0000 0000 031F 0708 0740 0800 0840 0740 222.00 0.000 6.000 12.000 0.000 6.000 20170329102729
B0 0000 0000 031F 0672 0740 0800 0840 0740 222.00 0.000 6.000 12.000 0.000 6.000 20170329102730
B0 0000 0000 031F 0708 0740 0800 0840 0740 222.00 0.000 6.000 12.000 0.000 6.000 20170329102730
B0 0000 0000 031F 0708 0740 0800 0840 0740 222.00 0.000 6.000 12.000 0.000 6.000 20170329102730
B0 0000 0000 031F 0672 0740 0800 0840 0740 222.00 0.000 6.000 12.000 0.000 6.000 20170329102730
B0 0000 0000 031F 0708 0740 0800 0840 0740 222.00 0.000 6.000 12.000 0.000 6.000 20170329102730
B0 0000 0000 031F 0672 0740 0800 0840 0740 222.00 0.000 6.000 12.000 0.000 6.000 20170329102730
B0 0000 0000 031F 0708 0740 0800 0840 0740 222.00 0.000 6.000 12.000 0.000 6.000 20170329102730
B0 0000 0000 031F 0708 0740 0800 0840 0740 222.00 0.000 6.000 12.000 0.000 6.000 20170329102730
B0 0000 0000 031F 0708 0740 0800 0840 0740 222.00 0.000 6.000 12.000 0.000 6.000 20170329102731
B0 0000 0000 031F 0708 0740 0800 0840 0740 222.00 0.000 6.000 12.000 0.000 6.000 20170329102731
B0 0000 0000 031F 0672 0740 0800 0840 0740 222.00 0.000 6.000 12.000 0.000 6.000 20170329102731
B0 0000 0000 031F 0708 0740 0800 0840 0740 222.00 0.000 6.000 12.000 0.000 6.000 20170329102731
B0 0000 0000 031F 0708 0740 0800 0840 0740 222.00 0.000 6.000 12.000 0.000 6.000 20170329102731
B0 0000 0000 031F 0708 0740 0800 0840 0740 222.00 0.000 6.000 12.000 0.000 6.000 20170329102731
B0 0000 0000 031F 0708 0740 0800 0840 0740 222.00 0.000 6.000 12.000 0.000 6.000 20170329102731
B0 0000 0000 031F 0672 0740 0800 0840 0740 222.00 0.000 6.000 12.000 0.000 6.000 20170329102731
B0 0000 0000 031F 0708 0740 0800 0840 0740 222.00 0.000 6.000 12.000 0.000 6.000 20170329102731
B0 0000 0000 031F 0708 0740 0800 0840 0740 222.00 0.000 6.000 12.000 0.000 6.000 20170329102732
B0 0000 0000 031F 0672 0740 0800 0840 0740 222.00 0.000 6.000 12.000 0.000 6.000 20170329102732
B0 0000 0000 031F 0708 0740 0800 0840 0740 222.00 0.000 6.000 12.000 0.000 6.000 20170329102732
B0 0000 0000 031F 0708 0740 0800 0840 0740 222.00 0.000 6.000 12.000 0.000 6.000 20170329102732
B0 0000 0000 031F 0672 0740 0800 0840 0740 222.00 0.000 6.000 12.000 0.000 6.000 20170329102732
B0 0000 0000 031F 0708 0740 0800 0840 0740 222.00 0.000 6.000 12.000 0.000 6.000 20170329102732
B0 0000 0000 031F 0672 0740 0800 0840 0740 222.00 0.000 6.000 12.000 0.000 6.000 20170329102732
B0 0000 0000 031F 0708 0740 0800 0840 0740 222.00 0.000 6.000 12.000 0.000 6.000 20170329102732
B0 0000 0000 031F 0708 0740 0800 0840 0740 222.00 0.000 6.000 12.000 0.000 6.000 20170329102733
B0 0000 0000 031F 0672 0740 0800 0840 0740 222.00 0.000 6.000 12.000 0.000 6.000 20170329102733
B0 0000 0000 031F 0708 0740 0800 0840 0740 222.00 0.000 6.000 12.000 0.000 6.000 20170329102733
B0 0000 0000 031F 0672 0740 0800 0840 0740 222.00 0.000 6.000 12.000 0.000 6.000 20170329102733
B0 0000 0000 031F 0708 0740 0800 0840 0740 222.00 0.000 6.000 12.000 0.000 6.000 20170329102733
B0 0000 0000 031F 0708 0740 0800 0840 0740 222.00 0.000 6.000 12.000 0.000 6.000 20170329102733
B0 0000 0000 031F 0672 0740 0800 0840 0740 222.00 0.000 6.000 12.000 0.000 6.000 20170329102733
B0 0000 0000 031F 0708 0740 0800 0840 0740 222.00 0.000 6.000 12.000 0.000 6.000 20170329102733
B0 0000 0000 031F 0672 0740 0800 0840 0740 222.00 0.000 6.000 12.000 0.000 6.000 20170329102734
B0 0000 0000 031F 0708 0740 0800 0840 0740 222.00 0.000 6.000 12.000 0.000 6.000 20170329102734
B0 0000 0000 031F 0708 0740 0800 0840 0740 222.00 0.000 6.000 12.000 0.000 6.000 20170329102734
B0 0000 0000 031F 0672 0740 0800 0840 0740 222.00 0.000 6.000 12.000 0.000 6.000 20170329102734
B0 0000 0000 031F 0708 0740 0800 0840 0740 222.00 0.000 6.000 12.000 0.000 6.000 20170329102734
B0 0000 0000 031F 0672 0740 0800 0840 0740 222.00 0.000 6.000 12.000 0.000 6.000 20170329102734
B0 0000 0000 031F 0708 0740 0800 0840 0740 222.00 0.000 6.000 12.000 0.000 6.000 20170329102734
B0 0000 0000 031F 0708 0740 0800 0840 0740 222.00 0.000 6.000 12.000 0.000 6.000 20170329102734
B0 0000 0000 031F 0672 0740 0800 0840 0740 222.00 0.000 6.000 12.000 0.000 6.000 20170329102734
B0 0000 0000 031F 0708 0740 0800 0840 0740 222.00 0.000 6.000 12.000 0.000 6.000 20170329102735
B0 0000 0000 031F 0672 0740 0800 0840 0740 222.00 0.000 6.000 12.000 0.000 6.000 20170329102735
B0 0000 0000 031F 0708 0740 0800 0840 0740 222.00 0.000 6.000 12.000 0.000 6.000 20170329102735
B0 0000 0000 031F 0708 0740 0800 0840 0740 222.00 0.000 6.000 12.000 0.000 6.000 20170329102735
B0 0000 0000 031F 0672 0740 0800 0840 0740 222.00 0.000 6.000 12.000 0.000 6.000 20170329102735
B0 0000 0000 031F 0708 0740 0800 0840 0740 222.00 0.000 6.000 12.000 0.000 6.000 20170329102735
B0 0000 0000 031F 0672 0740 0800 0840 0740 222.00 0.000 6.000 12.000 0.000 6.000 20170329102735
B0 0000 0000 031F 0708 0740 0800 0840 0740 222.00 0.000 6.000 12.000 0.000 6.000 20170329102735
B0 0000 0000 031F 0708 0740 0800 0840 0740 222.00 0.000 6.000 12.000 0.000 6.000 20170329102736
B0 0000 0000 031F 0672 0740 0800 0840 0740 222.00 0.000 6.000 12.000 0.000 6.000 20170329102736
B0 0000 0000 031F 0708 0740 0800 0840 0740 222.00 0.000 6.000 12.000 0.000 6.000 20170329102736
B0 0000 0000 031F 0708 0740 0800 0840 0740 222.00 0.000 6.000 12.000 0.000 6.000 20170329102736
B0 0000 0000 031F 0672 0740 0800 0840 0740 222.00 0.000 6.000 12.000 0.000 6.000 20170329102736
B0 0000 0000 031F 0708 0740 0800 0840 0740 222.00 0.000 6.000 12.000 0.000 6.000 20170329102736
B0 0000 0000 031F 0708 0740 0800 0840 0740 222.00 0.000 6.000 12.000 0.000 6.000 20170329102736
B0 0000 0000 031F 0672 0740 0800 0840 0740 222.00 0.000 6.000 12.000 0.000 6.000 20170329102736
B0 0000 0000 031F 0708 0740 0800 0840 0740 222.00 0.000 6.000 12.000 0.000 6.000 20170329102737
B0 0000 0000 031F 0672 0740 0800 0840 0740 222.00 0.000 6.000 12.000 0.000 6.000 20170329102737
B0 0000 0000 031F 0708 0740 0800 0840 0740 222.00 0.000 6.000 12.000 0.000 6.000 20170329102737
B0 0000 0000 031F 0708 0740 0800 0840 0740 222.00 0.000 6.000 12.000 0.000 6.000 20170329102737
B0 0000 0000 031F 0672 0740 0800 0840 0740 222.00 0.000 6.000 12.000 0.000 6.000 20170329102737
B0 0000 0000 031F 0708 0740 0800 0840 0740 222.00 0.000 6.000 12.000 0.000 6.000 20170329102737
B0 0000 0000 031F 0672 0740 0800 0840 0740 222.00 0.000 6.000 12.000 0.000 6.000 20170329102737
B0 0000 0000 031F 0708 0740 0800 0840 0740 222.00 0.000 6.000 12.000 0.000 6.000 20170329102737
B0 0000 0000 031F 0708 0740 0800 0840 0740 222.00 0.000 6.000 12.000 0.000 6.000 20170329102737
B0 0000 0000 031F 0672 0740 0800 0840 0740 222.00 0.000 6.000 12.000 0.000 6.000 20170329102738
B0 0000 0000 031F 0708 0740 0800 0840 0740 223.00 0.000 6.000 12.000 0.000 6.000 20170329102738
B0 0000 0000 031F 0708 0740 0800 0840 0740 222.00 0.000 6.000 12.000 0.000 6.000 20170329102738
B0 0000 0000 031F 0672 0740 0800 0840 0740 222.00 0.000 6.000 12.000 0.000 6.000 20170329102738
B0 0000 0000 031F 0708 0740 0800 0840 0740 222.00 0.000 6.000 12.000 0.000 6.000 20170329102738
B0 0000 0000 031F 0708 0740 0800 0840 0740 222.00 0.000 6.000 12.000 0.000 6.000 20170329102738
B0 0000 0000 031F 0672 0740 0800 0840 0740 222.00 0.000 6.000 12.000 0.000 6.000 20170329102738
B0 0000 0000 031F 0708 0740 0800 0840 0740 222.00 0.000 6.000 12.000 0.000 6.000 20170329102738
B0 0000 0000 031F 0672 0740 0800 0840 0740 222.00 0.000 6.000 12.000 0.000 6.000 20170329102739
B0 0000 0000 031F 0708 0740 0800 0840 0740 222.00 0.000 6.000 12.000 0.000 6.000 20170329102739
B0 0000 0000 031F 0708 0740 0800 0840 0740 222.00 0.000 6.000 12.000 0.000 6.000 20170329102739
B0 0000 0000 031F 0672 0740 0800 0840 0740 222.00 0.000 6.000 12.000 0.000 6.000 20170329102739
B0 0000 0000 031F 0708 0740 0800 0840 0740 222.00 0.000 6.000 12.000 0.000 6.000 20170329102739
B0 0000 0000 031F 0708 0740 0800 0840 0740 222.00 0.000 6.000 12.000 0.000 6.000 20170329102739
B0 0000 0000 031F 0672 0740 0800 0840 0740 222.00 0.000 6.000 12.000 0.000 6.000 20170329102739
B0 0000 0000 031F 0708 0740 0800 0840 0740 222.00 0.000 6.000 12.000 0.000 6.000 20170329102739
B0 0000 0000 031F 0708 0740 0800 0840 0740 222.00 0.000 6.000 12.000 0.000 6.000 20170329102739
B0 0000 0000 031F 0708 0740 0800 0840 0740 222.00 0.000 6.000 12.000 0.000 6.000 20170329102740
B0 0000 0000 031F 0708 0740 0800 0840 0740 222.00 0.000 6.000 12.000 0.000 6.000 20170329102740
B0 0000 0000 031F 0672 0740 0800 0840 0740 222.00 0.000 6.000 12.000 0.000 6.000 20170329102740
B0 0000 0000 031F 0708 0740 0800 0840 0740 222.00 0.000 6.000 12.000 0.000 6.000 20170329102740
B0 0000 0000 031F 0708 0740 0800 0840 0740 222.00 0.000 6.000 12.000 0.000 6.000 20170329102740
B0 0000 0000 031F 0672 0740 0800 0840 0740 222.00 0.000 6.000 12.000 0.000 6.000 20170329102740
B0 0000 0000 031F 0708 0740 0800 0840 0740 222.00 0.000 6.000 12.000 0.000 6.000 20170329102740
B0 0000 0000 031F 0672 0740 0800 0840 0740 222.00 0.000 6.000 12.000 0.000 6.000 20170329102740
B0 0000 0000 031F 0708 0740 0800 0840 0740 222.00 0.000 6.000 12.000 0.000 6.000 20170329102741
B0 0000 0000 031F 0708 0740 0800 0840 0740 223.00 0.000 6.000 12.000 0.000 6.000 20170329102741
B0 0000 0000 031F 0672 0740 0800 0840 0740 222.00 0.000 6.000 12.000 0.000 6.000 20170329102741
B0 0000 0000 031F 0708 0740 0800 0840 0740 222.00 0.000 6.000 12.000 0.000 6.000 20170329102741
B0 0000 0000 031F 0708 0740 0800 0840 0740 222.00 0.000 6.000 12.000 0.000 6.000 20170329102741
B0 0000 0000 031F 0672 0740 0800 0840 0740 222.00 0.000 6.000 12.000 0.000 6.000 20170329102741
B0 0000 0000 031F 0708 0740 0800 0840 0740 222.00 0.000 6.000 12.000 0.000 6.000 20170329102741
B0 0000 0000 031F 0708 0740 0800 0840 0740 222.00 0.000 6.000 12.000 0.000 6.000 20170329102741
B0 0000 0000 031F 0672 0740 0800 0840 0740 222.00 0.000 6.000 12.000 0.000 6.000 20170329102741
B0 0000 0000 031F 0708 0740 0800 0840 0740 222.00 0.000 6.000 12.000 0.000 6.000 20170329102742
B0 0000 0000 031F 0672 0740 0800 0840 0740 222.00 0.000 6.000 12.000 0.000 6.000 20170329102742
B0 0000 0000 031F 0708 0740 0800 0840 0740 222.00 0.000 6.000 12.000 0.000 6.000 20170329102742
B0 0000 0000 031F 0708 0740 0800 0840 0740 222.00 0.000 6.000 12.000 0.000 6.000 20170329102742
B0 0000 0000 031F 0672 0740 0800 0840 0740 222.00 0.000 6.000 12.000 0.000 6.000 20170329102742
B0 0000 0000 031F 0708 0740 0800 0840 0740 222.00 0.000 6.000 12.000 0.000 6.000 20170329102742
B0 0000 0000 031F 0672 0740 0800 0840 0740 222.00 0.000 6.000 12.000 0.000 6.000 20170329102742
B0 0000 0000 031F 0708 0740 0800 0840 0740 222.00 0.000 6.000 12.000 0.000 6.000 20170329102742
B0 0000 0000 031F 0708 0740 0800 0840 0740 222.00 0.000 6.000 12.000 0.000 6.000 20170329102743
B0 0000 0000 031F 0708 0740 0800 0840 0740 222.00 0.000 6.000 12.000 0.000 6.000 20170329102743
B0 0000 0000 031F 0708 0740 0800 0840 0740 223.00 0.000 6.000 12.000 0.000 6.000 20170329102743
B0 0000 0000 031F 0708 0740 0800 0840 0740 222.00 0.000 6.000 12.000 0.000 6.000 20170329102743
B0 0000 0000 031F 0672 0740 0800 0840 0740 222.00 0.000 6.000 12.000 0.000 6.000 20170329102743
B0 0000 0000 031F 0708 0740 0800 0840 0740 222.00 0.000 6.000 12.000 0.000 6.000 20170329102743
B0 0000 0000 031F 0708 0740 0800 0840 0740 222.00 0.000 6.000 12.000 0.000 6.000 20170329102743
B0 0000 0000 031F 0672 0740 0800 0840 0740 222.00 0.000 6.000 12.000 0.000 6.000 20170329102743
B0 0000 0000 031F 0708 0740 0800 0840 0740 222.00 0.000 6.000 12.000 0.000 6.000 20170329102744
B0 0000 0000 031F 0672 0740 0800 0840 0740 222.00 0.000 6.000 12.000 0.000 6.000 20170329102744
B0 0000 0000 031F 0708 0740 0800 0840 0740 222.00 0.000 6.000 12.000 0.000 6.000 20170329102744
B0 0000 0000 031F 0708 0740 0800 0840 0740 222.00 0.000 6.000 12.000 0.000 6.000 20170329102744
B0 0000 0000 031F 0672 0740 0800 0840 0740 222.00 0.000 6.000 12.000 0.000 6.000 20170329102744
B0 0000 0000 031F 0708 0740 0800 0840 0740 222.00 0.000 6.000 12.000 0.000 6.000 20170329102744
B0 0000 0000 031F 0708 0740 0800 0840 0740 222.00 0.000 6.000 12.000 0.000 6.000 20170329102744
B0 0000 0000 031F 0672 0740 0800 0840 0740 222.00 0.000 6.000 12.000 0.000 6.000 20170329102744
B0 0000 0000 031F 0708 0740 0800 0840 0740 222.00 0.000 6.000 12.000 0.000 6.000 20170329102744
B0 0000 0000 031F 0708 0740 0800 0840 0740 222.00 0.000 6.000 12.000 0.000 6.000 20170329102745
B0 0000 0000 031F 0672 0740 0800 0840 0740 223.00 0.000 6.000 12.000 0.000 6.000 20170329102745
B0 0000 0000 031F 0708 0740 0800 0840 0740 222.00 0.000 6.000 12.000 0.000 6.000 20170329102745
B0 0000 0000 031F 0672 0740 0800 0840 0740 222.00 0.000 6.000 12.000 0.000 6.000 20170329102745
B0 0000 0000 031F 0708 0740 0800 0840 0740 222.00 0.000 6.000 12.000 0.000 6.000 20170329102745
B0 0000 0000 031F 0708 0740 0800 0840 0740 222.00 0.000 6.000 12.000 0.000 6.000 20170329102745
B0 0000 0000 031F 0708 0740 0800 0840 0740 222.00 0.000 6.000 12.000 0.000 6.000 20170329102745
B0 0000 0000 031F 0672 0740 0800 0840 0740 223.00 0.000 6.000 12.000 0.000 6.000 20170329102745
B0 0000 0000 031F 0708 0740 0800 0840 0740 223.00 0.000 6.000 12.000 0.000 6.000 20170329102746
B0 0000 0000 031F 0672 0740 0800 0840 0740 223.00 0.000 6.000 12.000 0.000 6.000 20170329102746
B0 0000 0000 031F 0708 0740 0800 0840 0740 223.00 0.000 6.000 12.000 0.000 6.000 20170329102746
B0 0000 0000 031F 0708 0740 0800 0840 0740 223.00 0.000 6.000 12.000 0.000 6.000 20170329102746
B0 0000 0000 031F 0672 0740 0800 0840 0740 223.00 0.000 6.000 12.000 0.000 6.000 20170329102746
B0 0000 0000 031F 0708 0740 0800 0840 0740 223.00 0.000 6.000 12.000 0.000 6.000 20170329102746
B0 0000 0000 031F 0672 0740 0800 0840 0740 222.00 0.000 6.000 12.000 0.000 6.000 20170329102746
B0 0000 0000 031F 0708 0740 0800 0840 0740 222.00 0.000 6.000 12.000 0.000 6.000 20170329102746
B0 0000 0000 031F 0708 0740 0800 0840 0740 222.00 0.000 6.000 12.000 0.000 6.000 20170329102746
B0 0000 0000 031F 0672 0740 0800 0840 0740 222.00 0.000 6.000 12.000 0.000 6.000 20170329102747
B0 0000 0000 031F 0708 0740 0800 0840 0740 223.00 0.000 6.000 12.000 0.000 6.000 20170329102747
B0 0000 0000 031F 0708 0740 0800 0840 0740 222.00 0.000 6.000 12.000 0.000 6.000 20170329102747
