Address 79 7A 7B 7C 7D 7E 7F 80 81 82 8D 8E 8F 90 88 89 97 8B 8C 96 86 Time
B0 0002 00 00 00 00 80 FF FF 00 FF 29.50 30.00 32.00 2896 222.75 0.10 3.50 12.00 0.03 0.09 06 20170928160458
B0 0002 00 00 00 00 80 FF FF 00 FF 29.50 30.50 32.00 2896 222.75 0.10 3.50 12.00 0.01 0.09 06 20170928160458
B0 0002 00 00 00 00 80 FF FF 00 FF 29.50 30.00 32.00 2896 222.50 0.10 3.50 12.00 0.03 0.38 06 20170928160458
B0 0002 00 00 00 00 80 FF FF 00 FF 29.50 30.00 32.00 2896 222.50 0.10 3.50 12.00 0.03 0.09 06 20170928160458
B0 0002 00 00 00 00 80 FF FF 00 FF 29.50 30.00 32.00 2896 222.75 0.10 3.50 12.00 0.03 0.09 06 20170928160459
B0 0002 00 00 00 00 80 FF FF 00 FF 29.50 30.00 32.00 2896 222.75 0.10 3.50 12.00 0.01 0.09 06 20170928160459
B0 0002 00 00 00 00 80 FF FF 00 FF 29.50 30.00 32.00 2896 222.75 0.10 3.50 12.00 0.03 0.38 06 20170928160459
B0 0002 00 00 00 00 80 FF FF 00 FF 29.50 30.00 32.00 2896 222.25 0.10 3.50 12.00 0.01 0.09 06 20170928160459
B0 0002 00 00 00 00 80 FF FF 00 FF 29.50 30.00 32.00 2896 222.75 0.10 3.50 12.00 0.01 0.38 06 20170928160459
B0 0002 00 00 00 00 80 FF FF 00 FF 29.50 30.00 32.00 2896 222.50 0.10 3.50 12.00 0.01 0.09 06 20170928160500
B0 0002 00 00 00 00 80 FF FF 00 FF 29.50 30.00 32.00 2896 222.75 0.10 3.50 12.00 0.03 0.09 06 20170928160500
B0 0002 00 00 00 00 80 FF FF 00 FF 29.50 30.00 32.00 2896 222.75 0.10 3.50 12.00 0.01 0.38 06 20170928160500
B0 0002 00 00 00 00 80 FF FF 00 FF 29.50 30.00 32.00 2896 222.50 0.10 3.50 12.00 0.01 0.38 06 20170928160500
B0 0002 00 00 00 00 80 FF FF 00 FF 29.50 30.00 32.00 2896 222.25 0.10 3.50 12.00 0.03 0.38 06 20170928160500
B0 0002 00 00 00 00 80 FF FF 00 FF 29.50 30.00 32.00 2896 222.75 0.10 3.50 12.00 0.01 0.38 06 20170928160501
B0 0002 00 00 00 00 80 FF FF 00 FF 29.50 30.00 32.00 2896 222.50 0.10 3.50 12.00 0.03 0.38 06 20170928160501
B0 0002 00 00 00 00 80 FF FF 00 FF 29.50 30.00 32.00 2896 222.75 0.10 3.50 12.00 0.01 0.38 06 20170928160501
B0 0002 00 00 00 00 80 FF FF 00 FF 29.50 30.00 32.00 2896 222.50 0.10 3.50 12.00 0.01 0.38 06 20170928160501
B0 0002 00 00 00 00 80 FF FF 00 FF 29.50 30.00 32.00 2896 222.50 0.10 3.50 12.00 0.01 0.38 06 20170928160501
B0 0002 00 00 00 00 80 FF FF 00 FF 29.50 30.00 32.00 2896 222.75 0.10 3.50 12.00 0.03 0.09 06 20170928160502
B0 0002 00 00 00 00 80 FF FF 00 FF 29.50 30.00 32.00 2896 223.00 0.10 3.50 12.00 0.03 0.38 06 20170928160502
B0 0002 00 00 00 00 80 FF FF 00 FF 29.50 30.00 32.00 2896 222.75 0.10 3.50 12.00 0.01 0.38 06 20170928160502
B0 0002 00 00 00 00 80 FF FF 00 FF 29.50 30.00 32.00 2896 222.50 0.10 3.50 12.00 0.01 0.38 06 20170928160502
B0 0002 00 00 00 00 80 FF FF 00 FF 29.50 30.00 32.00 2896 222.50 0.10 3.50 12.00 0.01 0.09 06 20170928160502
B0 0002 00 00 00 00 80 FF FF 00 FF 29.50 30.00 32.00 2896 222.75 0.10 3.50 12.00 0.03 0.38 06 20170928160503
B0 0002 00 00 00 00 80 FF FF 00 FF 29.50 30.00 32.00 2896 222.75 0.10 3.50 12.00 0.01 0.38 06 20170928160503
B0 0002 00 00 00 00 80 FF FF 00 FF 29.50 30.00 32.00 2896 222.75 0.10 3.50 12.00 0.03 0.09 06 20170928160503
B0 0002 00 00 00 00 80 FF FF 00 FF 29.50 30.00 32.00 2896 222.75 0.10 3.50 12.00 0.03 0.09 06 20170928160503
B0 0002 00 00 00 00 80 FF FF 00 FF 29.50 30.00 32.00 2896 222.25 0.10 3.50 12.00 0.03 0.09 06 20170928160503
B0 0002 00 00 00 00 80 FF FF 00 FF 29.50 30.00 32.00 2896 222.75 0.10 3.50 12.00 0.01 0.09 06 20170928160504
B0 0002 00 00 00 00 80 FF FF 00 FF 29.50 30.00 32.00 2896 222.75 0.10 3.50 12.00 0.01 0.09 06 20170928160504
B0 0002 00 00 00 00 80 FF FF 00 FF 29.50 30.00 32.00 2896 222.50 0.10 3.50 12.00 0.01 0.38 06 20170928160504
B0 0002 00 00 00 00 80 FF FF 00 FF 29.50 30.00 32.00 2896 222.50 0.10 3.50 12.00 0.03 0.38 06 20170928160504
B0 0002 00 00 00 00 80 FF FF 00 FF 29.50 30.00 32.00 2896 222.50 0.10 3.50 12.00 0.01 0.09 06 20170928160504
B0 0002 00 00 00 00 80 FF FF 00 FF 29.50 30.00 32.00 2896 222.50 0.10 3.50 12.00 0.03 0.09 06 20170928160505
B0 0002 00 00 00 00 80 FF FF 00 FF 29.50 30.00 32.00 2896 222.75 0.10 3.50 12.00 0.01 0.38 06 20170928160505
B0 0002 00 00 00 00 80 FF FF 00 FF 29.50 30.00 32.00 2896 222.50 0.10 3.50 12.00 0.01 0.09 06 20170928160505
B0 0002 00 00 00 00 80 FF FF 00 FF 29.50 30.00 32.00 2896 222.75 0.10 3.50 12.00 0.01 0.38 06 20170928160505
B0 0002 00 00 00 00 80 FF FF 00 FF 29.50 30.00 32.00 2896 222.50 0.10 3.50 12.00 0.03 0.38 06 20170928160505
