Address 79 7A 7B 7C 7D 7E 7F 80 81 82 8D 8E 8F 90 88 89 97 8B 8C 96 Time
B0 0000 00 00 00 00 00 00 00 00 00 0.000 0.000 0.000 0 0.000 0.000 0.000 0.000 0.000 0.000 20171218131759365
B0 0000 00 00 00 00 00 00 00 00 00 0.000 0.000 0.000 0 0.000 0.000 0.000 0.000 0.000 0.000 20171218131759512
B0 0000 00 00 00 00 00 00 00 00 00 0.000 0.000 0.000 0 0.000 0.000 0.000 0.000 0.000 0.000 20171218131759682
B0 0000 00 00 00 00 00 00 00 00 00 0.000 0.000 0.000 0 0.000 0.000 0.000 0.000 0.000 0.000 20171218131759865
B0 0000 00 00 00 00 00 00 00 00 00 0.000 0.000 0.000 0 0.000 0.000 0.000 0.000 0.000 0.000 20171218131800070
B0 0000 00 00 00 00 00 00 00 00 00 0.000 0.000 0.000 0 0.000 0.000 0.000 0.000 0.000 0.000 20171218131800251
B0 0000 00 00 00 00 00 00 00 00 00 0.000 0.000 0.000 0 0.000 0.000 0.000 0.000 0.000 0.000 20171218131800421
B0 0000 00 00 00 00 00 00 00 00 00 0.000 0.000 0.000 0 0.000 0.000 0.000 0.000 0.000 0.000 20171218131800593
B0 0000 00 00 00 00 00 00 00 00 00 0.000 0.000 0.000 0 0.000 0.000 0.000 0.000 0.000 0.000 20171218131800746
B0 0000 00 00 00 00 00 00 00 00 00 0.000 0.000 0.000 0 0.000 0.000 0.000 0.000 0.000 0.000 20171218131800920
B0 0000 00 00 00 00 00 00 00 00 00 0.000 0.000 0.000 0 0.000 0.000 0.000 0.000 0.000 0.000 20171218131801100
B0 0000 00 00 00 00 00 00 00 00 00 0.000 0.000 0.000 0 0.000 0.000 0.000 0.000 0.000 0.000 20171218131801270
B0 0000 00 00 00 00 00 00 00 00 00 0.000 0.000 0.000 0 0.000 0.000 0.000 0.000 0.000 0.000 20171218131801447
B0 0000 00 00 00 00 00 00 00 00 00 0.000 0.000 0.000 0 0.000 0.000 0.000 0.000 0.000 0.000 20171218131801616
B0 0000 00 00 00 00 00 00 00 00 00 0.000 0.000 0.000 0 0.000 0.000 0.000 0.000 0.000 0.000 20171218131801782
B0 0000 00 00 00 00 00 00 00 00 00 0.000 0.000 0.000 0 0.000 0.000 0.000 0.000 0.000 0.000 20171218131801941
B0 0000 00 00 00 00 00 00 00 00 00 0.000 0.000 0.000 0 0.000 0.000 0.000 0.000 0.000 0.000 20171218131802098
B0 0000 00 00 00 00 00 00 00 00 00 0.000 0.000 0.000 0 0.000 0.000 0.000 0.000 0.000 0.000 20171218131802257
B0 0000 00 00 00 00 00 00 00 00 00 0.000 0.000 0.000 0 0.000 0.000 0.000 0.000 0.000 0.000 20171218131802445
B0 0000 00 00 00 00 00 00 00 00 00 0.000 0.000 0.000 0 0.000 0.000 0.000 0.000 0.000 0.000 20171218131802620
B0 0000 00 00 00 00 00 00 00 00 00 0.000 0.000 0.000 0 0.000 0.000 0.000 0.000 0.000 0.000 20171218131802786
B0 0000 00 00 00 00 00 00 00 00 00 0.000 0.000 0.000 0 0.000 0.000 0.000 0.000 0.000 0.000 20171218131802972
B0 0000 00 00 00 00 00 00 00 00 00 0.000 0.000 0.000 0 0.000 0.000 0.000 0.000 0.000 0.000 20171218131803148
B0 0000 00 00 00 00 00 00 00 00 00 0.000 0.000 0.000 0 0.000 0.000 0.000 0.000 0.000 0.000 20171218131803328
B0 0000 00 00 00 00 00 00 00 00 00 0.000 0.000 0.000 0 0.000 0.000 0.000 0.000 0.000 0.000 20171218131803513
B0 0000 00 00 00 00 00 00 00 00 00 0.000 0.000 0.000 0 0.000 0.000 0.000 0.000 0.000 0.000 20171218131803696
B0 0000 00 00 00 00 00 00 00 00 00 0.000 0.000 0.000 0 0.000 0.000 0.000 0.000 0.000 0.000 20171218131803877
B0 0000 00 00 00 00 00 00 00 00 00 0.000 0.000 0.000 0 0.000 0.000 0.000 0.000 0.000 0.000 20171218131804069
B0 0000 00 00 00 00 00 00 00 00 00 0.000 0.000 0.000 0 0.000 0.000 0.000 0.000 0.000 0.000 20171218131804246
B0 0000 00 00 00 00 00 00 00 00 00 0.000 0.000 0.000 0 0.000 0.000 0.000 0.000 0.000 0.000 20171218131804429
B0 0000 00 00 00 00 00 00 00 00 00 0.000 0.000 0.000 0 0.000 0.000 0.000 0.000 0.000 0.000 20171218131804620
B0 0000 00 00 00 00 00 00 00 00 00 0.000 0.000 0.000 0 0.000 0.000 0.000 0.000 0.000 0.000 20171218131804803
B0 0000 00 00 00 00 00 00 00 00 00 0.000 0.000 0.000 0 0.000 0.000 0.000 0.000 0.000 0.000 20171218131804989
B0 0000 00 00 00 00 00 00 00 00 00 0.000 0.000 0.000 0 0.000 0.000 0.000 0.000 0.000 0.000 20171218131805180
B0 0000 00 00 00 00 00 00 00 00 00 0.000 0.000 0.000 0 0.000 0.000 0.000 0.000 0.000 0.000 20171218131805373
B0 0000 00 00 00 00 00 00 00 00 00 0.000 0.000 0.000 0 0.000 0.000 0.000 0.000 0.000 0.000 20171218131805553
B0 0000 00 00 00 00 00 00 00 00 00 0.000 0.000 0.000 0 0.000 0.000 0.000 0.000 0.000 0.000 20171218131805742
B0 0000 00 00 00 00 00 00 00 00 00 0.000 0.000 0.000 0 0.000 0.000 0.000 0.000 0.000 0.000 20171218131805931
B0 0000 00 00 00 00 00 00 00 00 00 0.000 0.000 0.000 0 0.000 0.000 0.000 0.000 0.000 0.000 20171218131806118
B0 0000 00 00 00 00 00 00 00 00 00 0.000 0.000 0.000 0 0.000 0.000 0.000 0.000 0.000 0.000 20171218131806309
B0 0000 00 00 00 00 00 00 00 00 00 0.000 0.000 0.000 0 0.000 0.000 0.000 0.000 0.000 0.000 20171218131806488
B0 0000 00 00 00 00 00 00 00 00 00 0.000 0.000 0.000 0 0.000 0.000 0.000 0.000 0.000 0.000 20171218131806669
B0 0000 00 00 00 00 00 00 00 00 00 0.000 0.000 0.000 0 0.000 0.000 0.000 0.000 0.000 0.000 20171218131806849
B0 0000 00 00 00 00 00 00 00 00 00 0.000 0.000 0.000 0 0.000 0.000 0.000 0.000 0.000 0.000 20171218131807035
B0 0000 00 00 00 00 00 00 00 00 00 0.000 0.000 0.000 0 0.000 0.000 0.000 0.000 0.000 0.000 20171218131807224
B0 0000 00 00 00 00 00 00 00 00 00 0.000 0.000 0.000 0 0.000 0.000 0.000 0.000 0.000 0.000 20171218131807380
B0 0000 00 00 00 00 00 00 00 00 00 0.000 0.000 0.000 0 0.000 0.000 0.000 0.000 0.000 0.000 20171218131807527
B0 0000 00 00 00 00 00 00 00 00 00 0.000 0.000 0.000 0 0.000 0.000 0.000 0.000 0.000 0.000 20171218131807674
B0 0000 00 00 00 00 00 00 00 00 00 0.000 0.000 0.000 0 0.000 0.000 0.000 0.000 0.000 0.000 20171218131807827
B0 0000 00 00 00 00 00 00 00 00 00 0.000 0.000 0.000 0 0.000 0.000 0.000 0.000 0.000 0.000 20171218131807992
B0 0000 00 00 00 00 00 00 00 00 00 0.000 0.000 0.000 0 0.000 0.000 0.000 0.000 0.000 0.000 20171218131808181
B0 0000 00 00 00 00 00 00 00 00 00 0.000 0.000 0.000 0 0.000 0.000 0.000 0.000 0.000 0.000 20171218131808365
B0 0000 00 00 00 00 00 00 00 00 00 0.000 0.000 0.000 0 0.000 0.000 0.000 0.000 0.000 0.000 20171218131808550
B0 0000 00 00 00 00 00 00 00 00 00 0.000 0.000 0.000 0 0.000 0.000 0.000 0.000 0.000 0.000 20171218131808734
B0 0000 00 00 00 00 00 00 00 00 00 0.000 0.000 0.000 0 0.000 0.000 0.000 0.000 0.000 0.000 20171218131808917
B0 0000 00 00 00 00 00 00 00 00 00 0.000 0.000 0.000 0 0.000 0.000 0.000 0.000 0.000 0.000 20171218131809103
B0 0000 00 00 00 00 00 00 00 00 00 0.000 0.000 0.000 0 0.000 0.000 0.000 0.000 0.000 0.000 20171218131809282
B0 0000 00 00 00 00 00 00 00 00 00 0.000 0.000 0.000 0 0.000 0.000 0.000 0.000 0.000 0.000 20171218131809459
B0 0000 00 00 00 00 00 00 00 00 00 0.000 0.000 0.000 0 0.000 0.000 0.000 0.000 0.000 0.000 20171218131809644
B0 0000 00 00 00 00 00 00 00 00 00 0.000 0.000 0.000 0 0.000 0.000 0.000 0.000 0.000 0.000 20171218131809833
B0 0000 00 00 00 00 00 00 00 00 00 0.000 0.000 0.000 0 0.000 0.000 0.000 0.000 0.000 0.000 20171218131810017
B0 0000 00 00 00 00 00 00 00 00 00 0.000 0.000 0.000 0 0.000 0.000 0.000 0.000 0.000 0.000 20171218131810205
B0 0000 00 00 00 00 00 00 00 00 00 0.000 0.000 0.000 0 0.000 0.000 0.000 0.000 0.000 0.000 20171218131810393
B0 0000 00 00 00 00 00 00 00 00 00 0.000 0.000 0.000 0 0.000 0.000 0.000 0.000 0.000 0.000 20171218131810579
B0 0000 00 00 00 00 00 00 00 00 00 0.000 0.000 0.000 0 0.000 0.000 0.000 0.000 0.000 0.000 20171218131810762
B0 0000 00 00 00 00 00 00 00 00 00 0.000 0.000 0.000 0 0.000 0.000 0.000 0.000 0.000 0.000 20171218131810938
B0 0000 00 00 00 00 00 00 00 00 00 0.000 0.000 0.000 0 0.000 0.000 0.000 0.000 0.000 0.000 20171218131811122
B0 0000 00 00 00 00 00 00 00 00 00 0.000 0.000 0.000 0 0.000 0.000 0.000 0.000 0.000 0.000 20171218131811305
B0 0000 00 00 00 00 00 00 00 00 00 0.000 0.000 0.000 0 0.000 0.000 0.000 0.000 0.000 0.000 20171218131811494
B0 0000 00 00 00 00 00 00 00 00 00 0.000 0.000 0.000 0 0.000 0.000 0.000 0.000 0.000 0.000 20171218131811674
B0 0000 00 00 00 00 00 00 00 00 00 0.000 0.000 0.000 0 0.000 0.000 0.000 0.000 0.000 0.000 20171218131811848
B0 0000 00 00 00 00 00 00 00 00 00 0.000 0.000 0.000 0 0.000 0.000 0.000 0.000 0.000 0.000 20171218131812020
B0 0000 00 00 00 00 00 00 00 00 00 0.000 0.000 0.000 0 0.000 0.000 0.000 0.000 0.000 0.000 20171218131812184
B0 0000 00 00 00 00 00 00 00 00 00 0.000 0.000 0.000 0 0.000 0.000 0.000 0.000 0.000 0.000 20171218131812351
B0 0000 00 00 00 00 00 00 00 00 00 0.000 0.000 0.000 0 0.000 0.000 0.000 0.000 0.000 0.000 20171218131812531
B0 0000 00 00 00 00 00 00 00 00 00 0.000 0.000 0.000 0 0.000 0.000 0.000 0.000 0.000 0.000 20171218131812706
B0 0000 00 00 00 00 00 00 00 00 00 0.000 0.000 0.000 0 0.000 0.000 0.000 0.000 0.000 0.000 20171218131812880
B0 0000 00 00 00 00 00 00 00 00 00 0.000 0.000 0.000 0 0.000 0.000 0.000 0.000 0.000 0.000 20171218131813050
B0 0000 00 00 00 00 00 00 00 00 00 0.000 0.000 0.000 0 0.000 0.000 0.000 0.000 0.000 0.000 20171218131813226
B0 0000 00 00 00 00 00 00 00 00 00 0.000 0.000 0.000 0 0.000 0.000 0.000 0.000 0.000 0.000 20171218131813406
B0 0000 00 00 00 00 00 00 00 00 00 0.000 0.000 0.000 0 0.000 0.000 0.000 0.000 0.000 0.000 20171218131813578
B0 0000 00 00 00 00 00 00 00 00 00 0.000 0.000 0.000 0 0.000 0.000 0.000 0.000 0.000 0.000 20171218131813735
B0 0000 00 00 00 00 00 00 00 00 00 0.000 0.000 0.000 0 0.000 0.000 0.000 0.000 0.000 0.000 20171218131813908
B0 0000 00 00 00 00 00 00 00 00 00 0.000 0.000 0.000 0 0.000 0.000 0.000 0.000 0.000 0.000 20171218131814094
B0 0000 00 00 00 00 00 00 00 00 00 0.000 0.000 0.000 0 0.000 0.000 0.000 0.000 0.000 0.000 20171218131814290
B0 0000 00 00 00 00 00 00 00 00 00 0.000 0.000 0.000 0 0.000 0.000 0.000 0.000 0.000 0.000 20171218131814471
B0 0000 00 00 00 00 00 00 00 00 00 0.000 0.000 0.000 0 0.000 0.000 0.000 0.000 0.000 0.000 20171218131814649
B0 0000 00 00 00 00 00 00 00 00 00 0.000 0.000 0.000 0 0.000 0.000 0.000 0.000 0.000 0.000 20171218131814829
B0 0000 00 00 00 00 00 00 00 00 00 0.000 0.000 0.000 0 0.000 0.000 0.000 0.000 0.000 0.000 20171218131815017
B0 0000 00 00 00 00 00 00 00 00 00 0.000 0.000 0.000 0 0.000 0.000 0.000 0.000 0.000 0.000 20171218131815215
B0 0000 00 00 00 00 00 00 00 00 00 0.000 0.000 0.000 0 0.000 0.000 0.000 0.000 0.000 0.000 20171218131815403
B0 0000 00 00 00 00 00 00 00 00 00 0.000 0.000 0.000 0 0.000 0.000 0.000 0.000 0.000 0.000 20171218131815587
B0 0000 00 00 00 00 00 00 00 00 00 0.000 0.000 0.000 0 0.000 0.000 0.000 0.000 0.000 0.000 20171218131815780
B0 0000 00 00 00 00 00 00 00 00 00 0.000 0.000 0.000 0 0.000 0.000 0.000 0.000 0.000 0.000 20171218131815973
B0 0000 00 00 00 00 00 00 00 00 00 0.000 0.000 0.000 0 0.000 0.000 0.000 0.000 0.000 0.000 20171218131816163
B0 0000 00 00 00 00 00 00 00 00 00 0.000 0.000 0.000 0 0.000 0.000 0.000 0.000 0.000 0.000 20171218131816347
B0 0000 00 00 00 00 00 00 00 00 00 0.000 0.000 0.000 0 0.000 0.000 0.000 0.000 0.000 0.000 20171218131816538
B0 0000 00 00 00 00 00 00 00 00 00 0.000 0.000 0.000 0 0.000 0.000 0.000 0.000 0.000 0.000 20171218131816717
B0 0000 00 00 00 00 00 00 00 00 00 0.000 0.000 0.000 0 0.000 0.000 0.000 0.000 0.000 0.000 20171218131816903
B0 0000 00 00 00 00 00 00 00 00 00 0.000 0.000 0.000 0 0.000 0.000 0.000 0.000 0.000 0.000 20171218131817078
B0 0000 00 00 00 00 00 00 00 00 00 0.000 0.000 0.000 0 0.000 0.000 0.000 0.000 0.000 0.000 20171218131817271
B0 0000 00 00 00 00 00 00 00 00 00 0.000 0.000 0.000 0 0.000 0.000 0.000 0.000 0.000 0.000 20171218131817460
B0 0000 00 00 00 00 00 00 00 00 00 0.000 0.000 0.000 0 0.000 0.000 0.000 0.000 0.000 0.000 20171218131817659
B0 0000 00 00 00 00 00 00 00 00 00 0.000 0.000 0.000 0 0.000 0.000 0.000 0.000 0.000 0.000 20171218131817833
B0 0000 00 00 00 00 00 00 00 00 00 0.000 0.000 0.000 0 0.000 0.000 0.000 0.000 0.000 0.000 20171218131818011
