Address 02 30 01 40 42 44 46 48 10 11 12 20 21 22 Time
B0 0000 0000 0316 0000 0740 0740 0700 0700 222.00 0.000 6.000 0.000 0.000 0.000 20170414143622
B0 0000 0000 0316 0000 0740 0740 0700 0700 222.00 0.000 6.000 0.000 0.000 0.000 20170414143622
B0 0000 0000 0316 0000 0740 0740 0700 0700 222.00 0.000 6.000 0.000 0.000 0.000 20170414143622
B0 0000 0000 0316 0000 0740 0740 0700 0700 222.00 0.000 6.000 0.000 0.000 0.000 20170414143622
B0 0000 0000 0316 0000 0740 0740 0700 0700 222.00 0.000 6.000 0.000 0.000 0.000 20170414143622
B0 0000 0000 0316 0000 0740 0740 0700 0700 222.00 0.000 6.000 0.000 0.000 0.000 20170414143622
B0 0000 0000 0316 0000 0740 0740 0700 0700 222.00 0.000 6.000 0.000 0.000 0.000 20170414143622
B0 0000 0000 0316 0000 0740 0740 0700 0700 222.00 0.000 6.000 0.000 0.000 0.000 20170414143622
B0 0000 0000 0316 0000 0740 0740 0700 0700 222.00 0.000 6.000 0.000 0.000 0.000 20170414143623
B0 0000 0000 0316 0000 0740 0740 0700 0700 222.00 0.000 6.000 0.000 0.000 0.000 20170414143623
B0 0000 0000 0316 0000 0740 0740 0700 0700 222.00 0.000 6.000 0.000 0.000 0.000 20170414143623
B0 0000 0000 0316 0000 0740 0740 0700 0700 222.00 0.000 6.000 0.000 0.000 0.000 20170414143623
B0 0000 0000 0316 0000 0740 0740 0700 0700 223.00 0.000 6.000 0.000 0.000 0.000 20170414143623
B0 0000 0000 0316 0000 0740 0740 0700 0700 223.00 0.000 6.000 0.000 0.000 0.000 20170414143623
B0 0000 0000 0316 0000 0740 0740 0700 0700 223.00 0.000 6.000 0.000 0.000 0.000 20170414143623
B0 0000 0000 0316 0000 0740 0740 0700 0700 222.00 0.000 6.000 0.000 0.000 0.000 20170414143623
B0 0000 0000 0316 0000 0740 0740 0700 0700 223.00 0.000 6.000 0.000 0.000 0.000 20170414143623
B0 0000 0000 0316 0000 0740 0740 0700 0700 222.00 0.000 6.000 0.000 0.000 0.000 20170414143624
B0 0000 0000 0316 0000 0740 0740 0700 0700 222.00 0.000 6.000 0.000 0.000 0.000 20170414143624
B0 0000 0000 0316 0000 0740 0740 0700 0700 222.00 0.000 6.000 0.000 0.000 0.000 20170414143624
B0 0000 0000 0316 0000 0740 0740 0700 0700 222.00 0.000 6.000 0.000 0.000 0.000 20170414143624
B0 0000 0000 0316 0000 0740 0740 0700 0700 222.00 0.000 6.000 0.000 0.000 0.000 20170414143624
B0 0000 0000 0316 0000 0740 0740 0700 0700 222.00 0.000 6.000 0.000 0.000 0.000 20170414143624
B0 0000 0000 0316 0000 0740 0740 0700 0700 222.00 0.000 6.000 0.000 0.000 0.000 20170414143624
B0 0000 0000 0316 0000 0740 0740 0700 0700 222.00 0.000 6.000 0.000 0.000 0.000 20170414143624
B0 0000 0000 0316 0000 0740 0740 0700 0700 222.00 0.000 6.000 0.000 0.000 0.000 20170414143624
B0 0000 0000 0316 0000 0740 0740 0700 0700 222.00 0.000 6.000 0.000 0.000 0.000 20170414143625
B0 0000 0000 0316 0000 0740 0740 0700 0700 222.00 0.000 6.000 0.000 0.000 0.000 20170414143625
B0 0000 0000 0316 0000 0740 0740 0700 0700 222.00 0.000 6.000 0.000 0.000 0.000 20170414143625
B0 0000 0000 0316 0000 0740 0740 0700 0700 223.00 0.000 6.000 0.000 0.000 0.000 20170414143625
B0 0000 0000 0316 0000 0740 0740 0700 0700 222.00 0.000 6.000 0.000 0.000 0.000 20170414143625
B0 000B 0000 0014 0000 0740 0740 0700 0700 222.00 0.000 6.000 0.000 0.000 0.000 20170414143625
B0 000B 0000 0014 0000 0740 0740 0700 0700 274.00 0.000 6.000 0.000 0.000 0.000 20170414143625
B0 000B 0000 0010 0000 0740 0740 0700 0700 186.00 0.000 6.000 0.000 0.000 0.000 20170414143625
B0 000B 0000 0010 0000 0740 0740 0700 0700 0.00 0.000 0.000 0.000 0.000 0.000 20170414143626
B0 000B 0000 0010 0000 0740 0740 0700 0700 0.00 0.000 0.000 0.000 0.000 0.000 20170414143626
B0 000B 0000 0010 0000 0740 0740 0700 0700 0.00 0.000 0.000 0.000 0.000 0.000 20170414143626
B0 000B 0000 0010 0000 0740 0740 0700 0700 0.00 0.000 0.000 0.000 0.000 0.000 20170414143626
B0 000B 0000 0010 0000 0740 0740 0700 0700 0.00 0.000 0.000 0.000 0.000 0.000 20170414143626
B0 000B 0000 0010 0000 0740 0740 0700 0700 0.00 0.000 0.000 0.000 0.000 0.000 20170414143626
B0 000B 0000 0010 0000 0740 0740 0700 0700 0.00 0.000 0.000 0.000 0.000 0.000 20170414143626
B0 000B 0000 0010 0000 0740 0740 0700 0700 0.00 0.000 0.000 0.000 0.000 0.000 20170414143626
B0 000B 0000 0010 0000 0740 0740 0700 0700 0.00 0.000 0.000 0.000 0.000 0.000 20170414143626
B0 000B 0000 0010 0000 0740 0740 0700 0700 0.00 0.000 0.000 0.000 0.000 0.000 20170414143627
B0 000B 0000 0010 0000 0740 0740 0700 0700 0.00 0.000 0.000 0.000 0.000 0.000 20170414143627
B0 000B 0000 0010 0000 0740 0740 0700 0700 0.00 0.000 0.000 0.000 0.000 0.000 20170414143627
B0 000B 0000 0410 0000 0740 0740 0700 0700 0.00 0.000 0.000 0.000 0.000 0.000 20170414143627
B0 000B 0000 0010 0000 0740 0740 0700 0700 0.00 0.000 0.000 0.000 0.000 0.000 20170414143627
B0 000B 0000 0010 0000 0740 0740 0700 0700 0.00 0.000 0.000 0.000 0.000 0.000 20170414143627
B0 000B 0000 0010 0000 0740 0740 0700 0700 0.00 0.000 0.000 0.000 0.000 0.000 20170414143627
B0 000B 0000 0010 0000 0740 0740 0700 0700 0.00 0.000 0.000 0.000 0.000 0.000 20170414143627
B0 000B 0000 0010 0000 0740 0740 0700 0700 0.00 0.000 0.000 0.000 0.000 0.000 20170414143628
B0 000B 0000 0010 0000 0740 0740 0700 0700 0.00 0.000 0.000 0.000 0.000 0.000 20170414143628
B0 000B 0000 0010 0000 0740 0740 0700 0700 0.00 0.000 0.000 0.000 0.000 0.000 20170414143628
B0 000B 0000 0010 0000 0740 0740 0700 0700 0.00 0.000 0.000 0.000 0.000 0.000 20170414143628
B0 000B 0000 0010 0000 0740 0740 0700 0700 0.00 0.000 0.000 0.000 0.000 0.000 20170414143628
B0 000B 0000 0010 0000 0740 0740 0700 0700 0.00 0.000 0.000 0.000 0.000 0.000 20170414143628
B0 000B 0000 0010 0000 0740 0740 0700 0700 0.00 0.000 0.000 0.000 0.000 0.000 20170414143628
B0 000B 0000 0010 0000 0740 0740 0700 0700 0.00 0.000 0.000 0.000 0.000 0.000 20170414143628
B0 000B 0000 0010 0000 0740 0740 0700 0700 0.00 0.000 0.000 0.000 0.000 0.000 20170414143629
B0 000B 0000 0010 0000 0740 0740 0700 0700 0.00 0.000 0.000 0.000 0.000 0.000 20170414143629
B0 000B 0000 0010 0000 0740 0740 0700 0700 0.00 0.000 0.000 0.000 0.000 0.000 20170414143629
B0 000B 0000 0010 0000 0740 0740 0700 0700 0.00 0.000 0.000 0.000 0.000 0.000 20170414143629
B0 000B 0000 0010 0000 0740 0740 0700 0700 0.00 0.000 0.000 0.000 0.000 0.000 20170414143629
B0 000B 0000 0010 0000 0740 0740 0700 0700 0.00 0.000 0.000 0.000 0.000 0.000 20170414143629
B0 000B 0000 0010 0000 0740 0740 0700 0700 0.00 0.000 0.000 0.000 0.000 0.000 20170414143629
B0 000B 0000 0010 0000 0740 0740 0700 0700 0.00 0.000 0.000 0.000 0.000 0.000 20170414143629
B0 000B 0000 0010 0000 0740 0740 0700 0700 0.00 0.000 0.000 0.000 0.000 0.000 20170414143629
B0 000B 0000 0010 0000 0740 0740 0700 0700 0.00 0.000 0.000 0.000 0.000 0.000 20170414143630
B0 000B 0000 0010 0000 0740 0740 0700 0700 0.00 0.000 0.000 0.000 0.000 0.000 20170414143630
B0 000B 0000 0010 0000 0740 0740 0700 0700 0.00 0.000 0.000 0.000 0.000 0.000 20170414143630
B0 000B 0000 0010 0000 0740 0740 0700 0700 0.00 0.000 0.000 0.000 0.000 0.000 20170414143630
B0 000B 0000 0010 0000 0740 0740 0700 0700 0.00 0.000 0.000 0.000 0.000 0.000 20170414143630
B0 000B 0000 0010 0000 0740 0740 0700 0700 0.00 0.000 0.000 0.000 0.000 0.000 20170414143630
B0 000B 0000 0010 0000 0740 0740 0700 0700 0.00 0.000 0.000 0.000 0.000 0.000 20170414143630
B0 000B 0000 0010 0000 0740 0740 0700 0700 0.00 0.000 0.000 0.000 0.000 0.000 20170414143630
B0 000B 0000 0010 0000 0740 0740 0700 0700 0.00 0.000 0.000 0.000 0.000 0.000 20170414143631
B0 000B 0000 0010 0000 0740 0740 0700 0700 0.00 0.000 0.000 0.000 0.000 0.000 20170414143631
B0 000B 0000 0010 0000 0740 0740 0700 0700 0.00 0.000 0.000 0.000 0.000 0.000 20170414143631
B0 000B 0000 0010 0000 0740 0740 0700 0700 0.00 0.000 0.000 0.000 0.000 0.000 20170414143631
B0 000B 0000 0010 0000 0740 0740 0700 0700 0.00 0.000 0.000 0.000 0.000 0.000 20170414143631
B0 000B 0000 0010 0000 0740 0740 0700 0700 0.00 0.000 0.000 0.000 0.000 0.000 20170414143631
B0 000B 0000 0010 0000 0740 0740 0700 0700 0.00 0.000 0.000 0.000 0.000 0.000 20170414143631
B0 000B 0000 0010 0000 0740 0740 0700 0700 0.00 0.000 0.000 0.000 0.000 0.000 20170414143631
B0 000B 0000 0010 0000 0740 0740 0700 0700 0.00 0.000 0.000 0.000 0.000 0.000 20170414143632
B0 000B 0000 0010 0000 0740 0740 0700 0700 0.00 0.000 0.000 0.000 0.000 0.000 20170414143632
B0 000B 0000 0010 0000 0740 0740 0700 0700 0.00 0.000 0.000 0.000 0.000 0.000 20170414143632
B0 000B 0000 0010 0000 0740 0740 0700 0700 0.00 0.000 0.000 0.000 0.000 0.000 20170414143632
B0 000B 0000 0010 0000 0740 0740 0700 0700 0.00 0.000 0.000 0.000 0.000 0.000 20170414143632
B0 000B 0000 0010 0000 0740 0740 0700 0700 0.00 0.000 0.000 0.000 0.000 0.000 20170414143632
B0 000B 0000 0010 0000 0740 0740 0700 0700 0.00 0.000 0.000 0.000 0.000 0.000 20170414143632
B0 000B 0000 0010 0000 0740 0740 0700 0700 0.00 0.000 0.000 0.000 0.000 0.000 20170414143632
B0 000B 0000 0010 0000 0740 0740 0700 0700 0.00 0.000 0.000 0.000 0.000 0.000 20170414143632
B0 000B 0000 0010 0000 0740 0740 0700 0700 0.00 0.000 0.000 0.000 0.000 0.000 20170414143633
B0 000B 0000 0010 0000 0740 0740 0700 0700 0.00 0.000 0.000 0.000 0.000 0.000 20170414143633
B0 000B 0000 0010 0000 0740 0740 0700 0700 0.00 0.000 0.000 0.000 0.000 0.000 20170414143633
B0 000B 0000 0010 0000 0740 0740 0700 0700 0.00 0.000 0.000 0.000 0.000 0.000 20170414143633
B0 000B 0000 0010 0000 0740 0740 0700 0700 0.00 0.000 0.000 0.000 0.000 0.000 20170414143633
B0 000B 0000 0010 0000 0740 0740 0700 0700 0.00 0.000 0.000 0.000 0.000 0.000 20170414143633
B0 000B 0000 0010 0000 0740 0740 0700 0700 0.00 0.000 0.000 0.000 0.000 0.000 20170414143633
B0 000B 0000 0010 0000 0740 0740 0700 0700 0.00 0.000 0.000 0.000 0.000 0.000 20170414143633
B0 000B 0000 0010 0000 0740 0740 0700 0700 0.00 0.000 0.000 0.000 0.000 0.000 20170414143634
B0 000B 0000 0010 0000 0740 0740 0700 0700 0.00 0.000 0.000 0.000 0.000 0.000 20170414143634
B0 000B 0000 0010 0000 0740 0740 0700 0700 0.00 0.000 0.000 0.000 0.000 0.000 20170414143634
B0 000B 0000 0010 0000 0740 0740 0700 0700 0.00 0.000 0.000 0.000 0.000 0.000 20170414143634
B0 000B 0000 0010 0000 0740 0740 0700 0700 0.00 0.000 0.000 0.000 0.000 0.000 20170414143634
B0 000B 0000 0010 0000 0740 0740 0700 0700 0.00 0.000 0.000 0.000 0.000 0.000 20170414143634
B0 000B 0000 0010 0000 0740 0740 0700 0700 0.00 0.000 0.000 0.000 0.000 0.000 20170414143634
B0 000B 0000 0010 0000 0740 0740 0700 0700 0.00 0.000 0.000 0.000 0.000 0.000 20170414143634
B0 000B 0000 0010 0000 0740 0740 0700 0700 0.00 0.000 0.000 0.000 0.000 0.000 20170414143634
B0 000B 0000 0010 0000 0740 0740 0700 0700 0.00 0.000 0.000 0.000 0.000 0.000 20170414143635
B0 000B 0000 0010 0000 0740 0740 0700 0700 0.00 0.000 0.000 0.000 0.000 0.000 20170414143635
B0 000B 0000 0010 0000 0740 0740 0700 0700 0.00 0.000 0.000 0.000 0.000 0.000 20170414143635
B0 000B 0000 0010 0000 0740 0740 0700 0700 0.00 0.000 0.000 0.000 0.000 0.000 20170414143635
B0 000B 0000 0010 0000 0740 0740 0700 0700 0.00 0.000 0.000 0.000 0.000 0.000 20170414143635
B0 000B 0000 0010 0000 0740 0740 0700 0700 0.00 0.000 0.000 0.000 0.000 0.000 20170414143635
B0 000B 0000 0010 0000 0740 0740 0700 0700 0.00 0.000 0.000 0.000 0.000 0.000 20170414143635
B0 000B 0000 0010 0000 0740 0740 0700 0700 0.00 0.000 0.000 0.000 0.000 0.000 20170414143635
B0 000B 0000 0010 0000 0740 0740 0700 0700 0.00 0.000 0.000 0.000 0.000 0.000 20170414143636
B0 000B 0000 0010 0000 0740 0740 0700 0700 0.00 0.000 0.000 0.000 0.000 0.000 20170414143636
B0 000B 0000 0010 0000 0740 0740 0700 0700 0.00 0.000 0.000 0.000 0.000 0.000 20170414143636
B0 000B 0000 0010 0000 0740 0740 0700 0700 0.00 0.000 0.000 0.000 0.000 0.000 20170414143636
B0 000B 0000 0010 0000 0740 0740 0700 0700 0.00 0.000 0.000 0.000 0.000 0.000 20170414143636
B0 000B 0000 0010 0000 0740 0740 0700 0700 0.00 0.000 0.000 0.000 0.000 0.000 20170414143636
B0 000B 0000 0010 0000 0740 0740 0700 0700 0.00 0.000 0.000 0.000 0.000 0.000 20170414143636
B0 000B 0000 0010 0000 0740 0740 0700 0700 0.00 0.000 0.000 0.000 0.000 0.000 20170414143636
B0 000B 0000 0010 0000 0740 0740 0700 0700 0.00 0.000 0.000 0.000 0.000 0.000 20170414143637
B0 000B 0000 0010 0000 0740 0740 0700 0700 0.00 0.000 0.000 0.000 0.000 0.000 20170414143637
B0 000B 0000 0010 0000 0740 0740 0700 0700 0.00 0.000 0.000 0.000 0.000 0.000 20170414143637
B0 000B 0000 0010 0000 0740 0740 0700 0700 0.00 0.000 0.000 0.000 0.000 0.000 20170414143637
B0 000B 0000 0010 0000 0740 0740 0700 0700 0.00 0.000 0.000 0.000 0.000 0.000 20170414143637
B0 000B 0000 0010 0000 0740 0740 0700 0700 0.00 0.000 0.000 0.000 0.000 0.000 20170414143637
B0 000B 0000 0010 0000 0740 0740 0700 0700 0.00 0.000 0.000 0.000 0.000 0.000 20170414143637
B0 000B 0000 0010 0000 0740 0740 0700 0700 0.00 0.000 0.000 0.000 0.000 0.000 20170414143637
B0 000B 0000 0010 0000 0740 0740 0700 0700 0.00 0.000 0.000 0.000 0.000 0.000 20170414143637
B0 000B 0000 0010 0000 0740 0740 0700 0700 0.00 0.000 0.000 0.000 0.000 0.000 20170414143638
B0 000B 0000 0010 0000 0740 0740 0700 0700 0.00 0.000 0.000 0.000 0.000 0.000 20170414143638
B0 000B 0000 0010 0000 0740 0740 0700 0700 0.00 0.000 0.000 0.000 0.000 0.000 20170414143638
B0 000B 0000 0010 0000 0740 0740 0700 0700 0.00 0.000 0.000 0.000 0.000 0.000 20170414143638
B0 000B 0000 0010 0000 0740 0740 0700 0700 0.00 0.000 0.000 0.000 0.000 0.000 20170414143638
B0 000B 0000 0010 0000 0740 0740 0700 0700 0.00 0.000 0.000 0.000 0.000 0.000 20170414143638
B0 000B 0000 0010 0000 0740 0740 0700 0700 0.00 0.000 0.000 0.000 0.000 0.000 20170414143638
B0 000B 0000 0010 0000 0740 0740 0700 0700 190.00 0.000 6.000 0.000 0.000 0.000 20170414143638
B0 000B 0000 0010 0000 0740 0740 0700 0700 222.00 0.000 6.000 0.000 0.000 0.000 20170414143639
B0 000B 0000 0010 0000 0740 0740 0700 0700 222.00 0.000 6.000 0.000 0.000 0.000 20170414143639
B0 000B 0000 0010 0000 0740 0740 0700 0700 222.00 0.000 6.000 0.000 0.000 0.000 20170414143639
B0 000B 0000 0014 0000 0740 0740 0700 0700 222.00 0.000 6.000 0.000 0.000 0.000 20170414143639
B0 000B 0000 0014 0000 0740 0740 0700 0700 222.00 0.000 6.000 0.000 0.000 0.000 20170414143639
B0 000B 0000 0016 0000 0740 0740 0700 0700 223.00 0.000 6.000 0.000 0.000 0.000 20170414143639
B0 0000 0000 0316 0000 0740 0740 0700 0700 223.00 0.000 6.000 0.000 0.000 0.000 20170414143639
B0 0000 0000 0316 0000 0740 0740 0700 0700 222.00 0.000 6.000 0.000 0.000 0.000 20170414143639
B0 0000 0000 0316 0000 0740 0740 0700 0700 222.00 0.000 6.000 0.000 0.000 0.000 20170414143639
B0 0000 0000 0316 0000 0740 0740 0700 0700 223.00 0.000 6.000 0.000 0.000 0.000 20170414143640
B0 0000 0000 0316 0000 0740 0740 0700 0700 223.00 0.000 6.000 0.000 0.000 0.000 20170414143640
B0 0000 0000 0316 0000 0740 0740 0700 0700 223.00 0.000 6.000 0.000 0.000 0.000 20170414143640
B0 0000 0000 0316 0000 0740 0740 0700 0700 223.00 0.000 6.000 0.000 0.000 0.000 20170414143640
B0 0000 0000 0316 0000 0740 0740 0700 0700 222.00 0.000 6.000 0.000 0.000 0.000 20170414143640
B0 0000 0000 0316 0000 0740 0740 0700 0700 223.00 0.000 6.000 0.000 0.000 0.000 20170414143640
B0 0000 0000 0316 0000 0740 0740 0700 0700 223.00 0.000 6.000 0.000 0.000 0.000 20170414143640
B0 0000 0000 0316 0000 0740 0740 0700 0700 223.00 0.000 6.000 0.000 0.000 0.000 20170414143640
B0 0000 0000 0316 0000 0740 0740 0700 0700 223.00 0.000 6.000 0.000 0.000 0.000 20170414143641
B0 0000 0000 0316 0000 0740 0740 0700 0700 223.00 0.000 6.000 0.000 0.000 0.000 20170414143641
B0 0000 0000 0316 0000 0740 0740 0700 0700 223.00 0.000 6.000 0.000 0.000 0.000 20170414143641
B0 0000 0000 0316 0000 0740 0740 0700 0700 223.00 0.000 6.000 0.000 0.000 0.000 20170414143641
B0 0000 0000 0316 0000 0740 0740 0700 0700 223.00 0.000 6.000 0.000 0.000 0.000 20170414143641
B0 0000 0000 0316 0000 0740 0740 0700 0700 223.00 0.000 6.000 0.000 0.000 0.000 20170414143641
B0 0000 0000 0316 0000 0740 0740 0700 0700 222.00 0.000 6.000 0.000 0.000 0.000 20170414143641
B0 0000 0000 0316 0000 0740 0740 0700 0700 222.00 0.000 6.000 0.000 0.000 0.000 20170414143641
B0 0000 0000 0316 0000 0740 0740 0700 0700 222.00 0.000 6.000 0.000 0.000 0.000 20170414143642
B0 0000 0000 0316 0000 0740 0740 0700 0700 222.00 0.000 6.000 0.000 0.000 0.000 20170414143642
B0 0000 0000 0316 0000 0740 0740 0700 0700 223.00 0.000 6.000 0.000 0.000 0.000 20170414143642
B0 0000 0000 0316 0000 0740 0740 0700 0700 222.00 0.000 6.000 0.000 0.000 0.000 20170414143642
B0 0000 0000 0316 0000 0740 0740 0700 0700 222.00 0.000 6.000 0.000 0.000 0.000 20170414143642
B0 0000 0000 0316 0000 0740 0740 0700 0700 222.00 0.000 6.000 0.000 0.000 0.000 20170414143642
B0 0000 0000 0316 0000 0740 0740 0700 0700 223.00 0.000 6.000 0.000 0.000 0.000 20170414143642
B0 0000 0000 0316 0000 0740 0740 0700 0700 222.00 0.000 6.000 0.000 0.000 0.000 20170414143642
B0 0000 0000 0316 0000 0740 0740 0700 0700 222.00 0.000 6.000 0.000 0.000 0.000 20170414143643
