Address 79 7A 7B 7C 7D 7E 7F 80 81 82 8D 8E 8F 90 88 89 97 8B 8C 96 86 87 Time
B0 0002 00 00 00 00 80 FF FF 00 FF 29.00 30.00 31.50 2896 222.50 0.10 3.50 12.00 0.01 0.09 3.700 0.200 20170929093009
B0 0002 00 00 00 00 80 FF FF 00 FF 29.00 30.00 31.50 2896 222.25 0.10 3.50 12.00 0.03 0.38 3.700 0.300 20170929093010
B0 0002 00 00 00 00 80 FF FF 00 FF 29.00 29.50 31.50 2880 221.75 0.10 3.50 12.00 0.01 0.38 3.700 0.300 20170929093011
B0 0002 00 00 00 00 80 FF FF 00 FF 29.00 30.00 31.50 2880 222.00 0.10 3.50 12.00 0.03 0.38 3.600 0.200 20170929093013
B0 0002 00 00 00 00 80 FF FF 00 FF 29.00 30.00 31.50 2880 221.75 0.10 3.50 12.00 0.03 0.38 3.600 0.300 20170929093014
B0 0002 00 00 00 00 80 FF FF 00 FF 29.00 30.00 31.50 2896 222.25 0.10 3.50 12.00 0.03 0.38 3.600 0.100 20170929093015
B0 0002 00 00 00 00 80 FF FF 00 FF 29.00 30.00 31.50 2896 222.25 0.10 3.50 12.00 0.03 0.38 1.800 0.000 20170929093020
B0 0843 00 00 00 00 80 FF FF 00 FF 29.00 30.00 31.50 4128 222.00 0.10 3.50 0.00 0.00 0.00 0.000 0.000 20170929093028
B0 0843 00 00 00 00 80 FF FF 00 FF 29.00 29.50 31.50 4000 221.75 0.10 3.25 0.00 0.00 0.00 0.000 0.000 20170929093037
B0 0843 00 00 00 00 80 FF FF 00 FF 28.50 29.50 31.50 4000 222.00 0.10 3.25 0.00 0.00 0.00 0.000 0.000 20170929093045
B0 0843 00 00 00 00 80 FF FF 00 FF 28.50 29.50 31.00 3984 222.25 0.10 3.25 0.00 0.00 0.00 2.700 0.300 20170929093052
B0 0000 00 00 00 00 00 FF FF 00 FF 28.50 29.50 31.00 4000 222.50 0.10 3.50 12.00 0.03 0.09 0.100 0.300 20170929093053
B0 0002 00 00 00 00 80 FF FF 00 FF 28.50 29.50 31.00 3616 222.25 0.09 2.00 12.00 0.01 0.38 2.800 0.100 20170929093054
B0 0002 00 00 00 00 80 FF FF 00 FF 28.50 29.50 31.00 3200 222.00 0.10 1.25 12.00 0.01 0.38 3.500 0.200 20170929093055
B0 0002 00 00 00 00 80 FF FF 00 FF 28.50 29.50 31.00 2992 221.75 0.10 2.75 12.00 0.03 0.09 3.600 0.100 20170929093056
B0 0002 00 00 00 00 80 FF FF 00 FF 28.50 29.50 31.00 2928 222.00 0.10 3.50 12.00 0.03 0.38 3.600 0.200 20170929093058
B0 0002 00 00 00 00 80 FF FF 00 FF 28.50 29.50 31.00 2896 222.00 0.10 3.50 12.00 0.03 0.09 3.700 0.200 20170929093059
B0 0002 00 00 00 00 80 FF FF 00 FF 28.50 29.50 31.00 2880 222.00 0.10 3.50 12.00 0.03 0.09 3.700 0.400 20170929093100
B0 0002 00 00 00 00 80 FF FF 00 FF 28.50 29.50 31.00 2896 222.25 0.10 3.50 12.00 0.01 0.38 3.700 0.200 20170929093101
B0 0002 00 00 00 00 80 FF FF 00 FF 28.50 29.50 31.00 2896 222.75 0.10 3.50 12.00 0.03 0.09 3.600 0.200 20170929093102
B0 0002 00 00 00 00 80 FF FF 00 FF 28.50 29.50 31.00 2896 222.25 0.10 3.50 12.00 0.03 0.09 3.600 0.300 20170929093103
B0 0002 00 00 00 00 80 FF FF 00 FF 29.00 29.50 31.00 2896 222.25 0.10 3.50 12.00 0.03 0.38 3.600 0.200 20170929093105
B0 0002 00 00 00 00 80 FF FF 00 FF 28.50 29.50 31.00 2896 221.75 0.10 3.50 0.00 0.00 0.00 0.000 0.000 20170929093113
B0 0843 00 00 00 00 80 FF FF 00 FF 28.50 29.50 31.00 4096 221.75 0.10 3.25 0.00 0.00 0.00 0.000 0.000 20170929093121
B0 0843 00 00 00 00 80 FF FF 00 FF 28.50 29.50 31.00 4000 221.75 0.10 3.25 0.00 0.00 0.00 0.000 0.000 20170929093130
B0 0843 00 00 00 00 80 FF FF 00 FF 28.50 29.50 31.00 4000 221.75 0.10 3.25 0.00 0.00 0.00 3.200 0.300 20170929093132
B0 0000 00 00 00 00 00 FF FF 00 FF 28.50 29.50 31.00 3872 221.75 0.10 3.00 12.00 0.03 0.38 0.000 0.200 20170929093133
B0 0002 00 00 00 00 80 FF FF 00 FF 28.50 29.50 31.00 3360 221.50 0.10 1.75 12.00 0.01 0.38 3.600 0.100 20170929093134
B0 0002 00 00 00 00 80 FF FF 00 FF 28.50 29.50 31.00 3088 222.25 0.10 1.75 12.00 0.03 0.38 3.600 0.300 20170929093135
B0 0002 00 00 00 00 80 FF FF 00 FF 28.50 29.50 31.00 2976 222.50 0.10 3.50 12.00 0.03 0.09 3.700 0.200 20170929093136
B0 0002 00 00 00 00 80 FF FF 00 FF 28.50 29.50 31.00 2912 222.25 0.10 3.50 12.00 0.01 0.38 3.600 0.400 20170929093138
B0 0002 00 00 00 00 80 FF FF 00 FF 28.50 29.50 31.00 2896 221.75 0.10 3.50 12.00 0.01 0.38 3.600 0.200 20170929093139
B0 0002 00 00 00 00 80 FF FF 00 FF 28.50 29.50 31.00 2880 221.75 0.10 3.50 12.00 0.01 0.38 3.600 0.100 20170929093140
B0 0002 00 00 00 00 80 FF FF 00 FF 28.50 29.50 31.00 2896 221.75 0.10 3.50 12.00 0.03 0.38 3.700 0.100 20170929093141
B0 0002 00 00 00 00 80 FF FF 00 FF 28.50 29.50 31.00 2896 222.00 0.10 3.50 12.00 0.03 0.38 3.600 0.200 20170929093142
B0 0002 00 00 00 00 80 FF FF 00 FF 28.50 29.50 31.00 2896 222.00 0.10 3.50 12.00 0.03 0.38 3.600 0.100 20170929093143
B0 0002 00 00 00 00 80 FF FF 00 FF 28.50 29.50 31.00 2896 221.75 0.10 3.50 12.00 0.01 0.38 3.700 0.300 20170929093145
B0 0002 00 00 00 00 80 FF FF 00 FF 28.50 29.50 31.00 2912 221.75 0.10 3.50 12.00 0.01 0.09 3.600 0.100 20170929093146
B0 0002 00 00 00 00 80 FF FF 00 FF 28.50 29.50 31.00 2912 222.25 0.10 3.50 12.00 0.03 0.38 3.600 0.200 20170929093147
