Address 79 7A 7B 7C 7D 7E 7F 80 81 82 8D 8E 8F 90 88 89 97 8B 8C 96 86 Time
B0 0002 00 00 00 00 80 FF FF 00 FF 29.50 30.00 31.50 2864 229.00 0.10 3.50 12.00 0.01 0.38 0.000 20170928175219
B0 0002 00 00 00 00 80 FF FF 00 FF 29.50 30.00 31.50 2864 229.00 0.10 3.50 12.00 0.03 0.38 0.000 20170928175220
B0 0002 00 00 00 00 80 FF FF 00 FF 29.50 30.00 31.50 2864 228.75 0.10 3.50 12.00 0.03 0.38 0.000 20170928175220
B0 0002 00 00 00 00 80 FF FF 00 FF 29.50 30.00 31.50 2864 228.75 0.10 3.50 12.00 0.03 0.09 0.000 20170928175221
B0 0002 00 00 00 00 80 FF FF 00 FF 29.50 30.00 31.50 2864 228.75 0.10 3.50 12.00 0.03 0.38 0.000 20170928175222
B0 0002 00 00 00 00 80 FF FF 00 FF 29.50 30.00 31.50 2864 228.50 0.10 3.50 12.00 0.03 0.38 0.000 20170928175222
B0 0002 00 00 00 00 80 FF FF 00 FF 29.50 30.00 31.50 2864 228.50 0.10 3.50 12.00 0.03 0.38 0.000 20170928175223
B0 0002 00 00 00 00 80 FF FF 00 FF 29.50 30.00 31.50 2864 228.50 0.10 3.50 12.00 0.01 0.38 0.000 20170928175223
B0 0002 00 00 00 00 80 FF FF 00 FF 29.50 30.00 31.50 2864 228.75 0.10 3.50 12.00 0.01 0.38 0.000 20170928175223
B0 0002 00 00 00 00 80 FF FF 00 FF 29.50 30.00 31.50 2864 228.50 0.10 3.50 12.00 0.03 0.38 0.000 20170928175224
B0 0002 00 00 00 00 80 FF FF 00 FF 29.50 30.00 31.50 2864 228.75 0.10 3.50 12.00 0.03 0.09 0.000 20170928175225
B0 0002 00 00 00 00 80 FF FF 00 FF 29.50 30.00 31.50 2864 228.50 0.10 3.50 12.00 0.01 0.09 0.000 20170928175225
B0 0002 00 00 00 00 80 FF FF 00 FF 29.50 30.00 31.50 2864 228.25 0.10 3.50 12.00 0.03 0.38 0.000 20170928175226
B0 0002 00 00 00 00 80 FF FF 00 FF 29.50 30.00 31.50 2864 228.50 0.10 3.50 12.00 0.03 0.38 1.000 20170928175226
B0 0002 00 00 00 00 80 FF FF 00 FF 29.50 30.00 31.50 2864 228.50 0.10 3.50 12.00 0.03 0.38 0.000 20170928175227
B0 0002 00 00 00 00 80 FF FF 00 FF 29.50 30.00 31.50 2864 228.75 0.10 3.50 12.00 0.03 0.38 0.000 20170928175227
B0 0002 00 00 00 00 80 FF FF 00 FF 29.50 30.00 31.50 2864 228.50 0.10 3.50 12.00 0.03 0.38 0.000 20170928175228
B0 0002 00 00 00 00 80 FF FF 00 FF 29.50 30.00 31.50 2864 228.50 0.10 3.50 12.00 0.03 0.09 0.000 20170928175228
B0 0002 00 00 00 00 80 FF FF 00 FF 29.50 30.00 31.50 2864 228.50 0.10 3.50 12.00 0.03 0.38 0.000 20170928175229
B0 0002 00 00 00 00 80 FF FF 00 FF 29.50 30.00 31.50 2864 228.75 0.10 3.50 12.00 0.03 0.38 0.000 20170928175229
B0 0002 00 00 00 00 80 FF FF 00 FF 29.50 30.00 31.50 2864 228.75 0.10 3.50 12.00 0.01 0.38 0.000 20170928175230
B0 0002 00 00 00 00 80 FF FF 00 FF 29.50 30.00 31.50 2864 228.50 0.10 3.50 12.00 0.03 0.38 0.000 20170928175230
B0 0002 00 00 00 00 80 FF FF 00 FF 29.50 30.00 31.50 2864 228.75 0.10 3.50 12.00 0.03 0.09 0.000 20170928175231
B0 0002 00 00 00 00 80 FF FF 00 FF 29.50 30.00 31.50 2864 228.75 0.10 3.50 12.00 0.03 0.38 0.000 20170928175231
B0 0002 00 00 00 00 80 FF FF 00 FF 29.50 30.00 31.50 2864 228.75 0.10 3.50 12.00 0.03 0.38 0.000 20170928175232
B0 0002 00 00 00 00 80 FF FF 00 FF 29.50 30.00 31.50 2864 228.75 0.10 3.50 12.00 0.03 0.38 0.000 20170928175232
B0 0002 00 00 00 00 80 FF FF 00 FF 29.50 30.00 31.50 2864 228.50 0.10 3.50 12.00 0.01 0.38 0.000 20170928175233
B0 0002 00 00 00 00 80 FF FF 00 FF 29.50 30.00 31.50 2864 228.75 0.10 3.50 12.00 0.03 0.38 0.000 20170928175233
B0 0002 00 00 00 00 80 FF FF 00 FF 29.50 30.00 31.50 2864 228.50 0.10 3.50 12.00 0.03 0.09 0.000 20170928175234
B0 0002 00 00 00 00 80 FF FF 00 FF 29.50 30.00 31.50 2864 229.00 0.10 3.50 12.00 0.01 0.09 0.000 20170928175234
B0 0002 00 00 00 00 80 FF FF 00 FF 29.50 30.00 31.50 2864 228.75 0.10 3.50 12.00 0.01 0.38 0.000 20170928175234
B0 0002 00 00 00 00 80 FF FF 00 FF 29.50 30.00 31.50 2864 229.00 0.10 3.50 12.00 0.03 0.38 0.000 20170928175235
B0 0002 00 00 00 00 80 FF FF 00 FF 29.50 30.00 31.50 2864 229.00 0.10 3.50 12.00 0.03 0.09 0.000 20170928175235
B0 0002 00 00 00 00 80 FF FF 00 FF 29.50 30.00 31.50 2864 228.50 0.10 3.50 12.00 0.01 0.38 0.000 20170928175236
B0 0002 00 00 00 00 80 FF FF 00 FF 29.50 30.00 31.50 2864 228.75 0.10 3.50 12.00 0.03 0.38 0.000 20170928175236
B0 0002 00 00 00 00 80 FF FF 00 FF 29.50 30.00 31.50 2864 228.50 0.10 3.50 12.00 0.03 0.09 0.000 20170928175237
B0 0002 00 00 00 00 80 FF FF 00 FF 29.50 30.00 31.50 2864 229.00 0.10 3.50 12.00 0.03 0.38 0.000 20170928175239
B0 0002 00 00 00 00 80 FF FF 00 FF 29.50 30.00 31.50 2864 228.50 0.10 3.50 12.00 0.03 0.38 0.000 20170928175240
