Address 79 7A 7B 7C 7D 7E 7F 80 81 82 8D 8E 8F 90 88 89 97 8B 8C 96   Time
B0 0000 00 00 00 00 00 00 00 00 00 0.000 0.000 0.000 0 0.000 0.000 0.000 0.000 0.000 0.000   20171115134715737
B0 0000 00 00 00 00 00 00 00 00 00 0.000 0.000 0.000 0 0.000 0.000 0.000 0.000 0.000 0.000   20171115134715917
B0 0000 00 00 00 00 00 00 00 00 00 0.000 0.000 0.000 0 0.000 0.000 0.000 0.000 0.000 0.000   20171115134716109
B0 0000 00 00 00 00 00 00 00 00 00 0.000 0.000 0.000 0 0.000 0.000 0.000 0.000 0.000 0.000   20171115134716320
B0 0000 00 00 00 00 00 00 00 00 00 0.000 0.000 0.000 0 0.000 0.000 0.000 0.000 0.000 0.000   20171115134716508
B0 0000 00 00 00 00 00 00 00 00 00 0.000 0.000 0.000 0 0.000 0.000 0.000 0.000 0.000 0.000   20171115134716702
B0 0000 00 00 00 00 00 00 00 00 00 0.000 0.000 0.000 0 0.000 0.000 0.000 0.000 0.000 0.000   20171115134716889
B0 0000 00 00 00 00 00 00 00 00 00 0.000 0.000 0.000 0 0.000 0.000 0.000 0.000 0.000 0.000   20171115134717093
B0 0000 00 00 00 00 00 00 00 00 00 0.000 0.000 0.000 0 0.000 0.000 0.000 0.000 0.000 0.000   20171115134717291
B0 0000 00 00 00 00 00 00 00 00 00 0.000 0.000 0.000 0 0.000 0.000 0.000 0.000 0.000 0.000   20171115134717461
B0 0000 00 00 00 00 00 00 00 00 00 0.000 0.000 0.000 0 0.000 0.000 0.000 0.000 0.000 0.000   20171115134717653
B0 0000 00 00 00 00 00 00 00 00 00 0.000 0.000 0.000 0 0.000 0.000 0.000 0.000 0.000 0.000   20171115134717839
B0 0000 00 00 00 00 00 00 00 00 00 0.000 0.000 0.000 0 0.000 0.000 0.000 0.000 0.000 0.000   20171115134718025
B0 0000 00 00 00 00 00 00 00 00 00 0.000 0.000 0.000 0 0.000 0.000 0.000 0.000 0.000 0.000   20171115134718776
B0 0000 00 00 00 00 00 00 00 00 00 0.000 0.000 0.000 0 0.000 0.000 0.000 0.000 0.000 0.000   20171115134718985
B0 0000 00 00 00 00 00 00 00 00 00 0.000 0.000 0.000 0 0.000 0.000 0.000 0.000 0.000 0.000   20171115134719176
B0 0000 00 00 00 00 00 00 00 00 00 0.000 0.000 0.000 0 0.000 0.000 0.000 0.000 0.000 0.000   20171115134719401
B0 0000 00 00 00 00 00 00 00 00 00 0.000 0.000 0.000 0 0.000 0.000 0.000 0.000 0.000 0.000   20171115134719603
B0 0000 00 00 00 00 00 00 00 00 00 0.000 0.000 0.000 0 0.000 0.000 0.000 0.000 0.000 0.000   20171115134719812
B0 0000 00 00 00 00 00 00 00 00 00 0.000 0.000 0.000 0 0.000 0.000 0.000 0.000 0.000 0.000   20171115134720030
B0 0000 00 00 00 00 00 00 00 00 00 0.000 0.000 0.000 0 0.000 0.000 0.000 0.000 0.000 0.000   20171115134720234
B0 0000 00 00 00 00 00 00 00 00 00 0.000 0.000 0.000 0 0.000 0.000 0.000 0.000 0.000 0.000   20171115134720445
B0 0000 00 00 00 00 00 00 00 00 00 0.000 0.000 0.000 0 0.000 0.000 0.000 0.000 0.000 0.000   20171115134720660
B0 0000 00 00 00 00 00 00 00 00 00 0.000 0.000 0.000 0 0.000 0.000 0.000 0.000 0.000 0.000   20171115134720890
B0 0000 00 00 00 00 00 00 00 00 00 0.000 0.000 0.000 0 0.000 0.000 0.000 0.000 0.000 0.000   20171115134721103
B0 0000 00 00 00 00 00 00 00 00 00 0.000 0.000 0.000 0 0.000 0.000 0.000 0.000 0.000 0.000   20171115134721309
B0 0000 00 00 00 00 00 00 00 00 00 0.000 0.000 0.000 0 0.000 0.000 0.000 0.000 0.000 0.000   20171115134721508
B0 0000 00 00 00 00 00 00 00 00 00 0.000 0.000 0.000 0 0.000 0.000 0.000 0.000 0.000 0.000   20171115134721711
B0 0000 00 00 00 00 00 00 00 00 00 0.000 0.000 0.000 0 0.000 0.000 0.000 0.000 0.000 0.000   20171115134721909
B0 0000 00 00 00 00 00 00 00 00 00 0.000 0.000 0.000 0 0.000 0.000 0.000 0.000 0.000 0.000   20171115134722112
B0 0000 00 00 00 00 00 00 00 00 00 0.000 0.000 0.000 0 0.000 0.000 0.000 0.000 0.000 0.000   20171115134722324
B0 0000 00 00 00 00 00 00 00 00 00 0.000 0.000 0.000 0 0.000 0.000 0.000 0.000 0.000 0.000   20171115134722533
B0 0000 00 00 00 00 00 00 00 00 00 0.000 0.000 0.000 0 0.000 0.000 0.000 0.000 0.000 0.000   20171115134722714
B0 0000 00 00 00 00 00 00 00 00 00 0.000 0.000 0.000 0 0.000 0.000 0.000 0.000 0.000 0.000   20171115134722916
B0 0000 00 00 00 00 00 00 00 00 00 0.000 0.000 0.000 0 0.000 0.000 0.000 0.000 0.000 0.000   20171115134723109
B0 0000 00 00 00 00 00 00 00 00 00 0.000 0.000 0.000 0 0.000 0.000 0.000 0.000 0.000 0.000   20171115134723299
B0 0000 00 00 00 00 00 00 00 00 00 0.000 0.000 0.000 0 0.000 0.000 0.000 0.000 0.000 0.000   20171115134723507
B0 0000 00 00 00 00 00 00 00 00 00 0.000 0.000 0.000 0 0.000 0.000 0.000 0.000 0.000 0.000   20171115134723728
B0 0000 00 00 00 00 00 00 00 00 00 0.000 0.000 0.000 0 0.000 0.000 0.000 0.000 0.000 0.000   20171115134723939
B0 0000 00 00 00 00 00 00 00 00 00 0.000 0.000 0.000 0 0.000 0.000 0.000 0.000 0.000 0.000   20171115134724150
B0 0000 00 00 00 00 00 00 00 00 00 0.000 0.000 0.000 0 0.000 0.000 0.000 0.000 0.000 0.000   20171115134724373
B0 0000 00 00 00 00 00 00 00 00 00 0.000 0.000 0.000 0 0.000 0.000 0.000 0.000 0.000 0.000   20171115134724568
B0 0000 00 00 00 00 00 00 00 00 00 0.000 0.000 0.000 0 0.000 0.000 0.000 0.000 0.000 0.000   20171115134724782
B0 0000 00 00 00 00 00 00 00 00 00 0.000 0.000 0.000 0 0.000 0.000 0.000 0.000 0.000 0.000   20171115134724990
B0 0000 00 00 00 00 00 00 00 00 00 0.000 0.000 0.000 0 0.000 0.000 0.000 0.000 0.000 0.000   20171115134725206
B0 0000 00 00 00 00 00 00 00 00 00 0.000 0.000 0.000 0 0.000 0.000 0.000 0.000 0.000 0.000   20171115134725413
B0 0000 00 00 00 00 00 00 00 00 00 0.000 0.000 0.000 0 0.000 0.000 0.000 0.000 0.000 0.000   20171115134725617
B0 0000 00 00 00 00 00 00 00 00 00 0.000 0.000 0.000 0 0.000 0.000 0.000 0.000 0.000 0.000   20171115134725818
B0 0000 00 00 00 00 00 00 00 00 00 0.000 0.000 0.000 0 0.000 0.000 0.000 0.000 0.000 0.000   20171115134726019
B0 0000 00 00 00 00 00 00 00 00 00 0.000 0.000 0.000 0 0.000 0.000 0.000 0.000 0.000 0.000   20171115134726235
B0 0000 00 00 00 00 00 00 00 00 00 0.000 0.000 0.000 0 0.000 0.000 0.000 0.000 0.000 0.000   20171115134726438
B0 0000 00 00 00 00 00 00 00 00 00 0.000 0.000 0.000 0 0.000 0.000 0.000 0.000 0.000 0.000   20171115134726644
B0 0000 00 00 00 00 00 00 00 00 00 0.000 0.000 0.000 0 0.000 0.000 0.000 0.000 0.000 0.000   20171115134726859
B0 0000 00 00 00 00 00 00 00 00 00 0.000 0.000 0.000 0 0.000 0.000 0.000 0.000 0.000 0.000   20171115134727058
B0 0000 00 00 00 00 00 00 00 00 00 0.000 0.000 0.000 0 0.000 0.000 0.000 0.000 0.000 0.000   20171115134727262
B0 0000 00 00 00 00 00 00 00 00 00 0.000 0.000 0.000 0 0.000 0.000 0.000 0.000 0.000 0.000   20171115134727470
B0 0000 00 00 00 00 00 00 00 00 00 0.000 0.000 0.000 0 0.000 0.000 0.000 0.000 0.000 0.000   20171115134727675
B0 0000 00 00 00 00 00 00 00 00 00 0.000 0.000 0.000 0 0.000 0.000 0.000 0.000 0.000 0.000   20171115134727877
B0 0000 00 00 00 00 00 00 00 00 00 0.000 0.000 0.000 0 0.000 0.000 0.000 0.000 0.000 0.000   20171115134728092
B0 0000 00 00 00 00 00 00 00 00 00 0.000 0.000 0.000 0 0.000 0.000 0.000 0.000 0.000 0.000   20171115134728304
B0 0000 00 00 00 00 00 00 00 00 00 0.000 0.000 0.000 0 0.000 0.000 0.000 0.000 0.000 0.000   20171115134728525
B0 0000 00 00 00 00 00 00 00 00 00 0.000 0.000 0.000 0 0.000 0.000 0.000 0.000 0.000 0.000   20171115134728738
B0 0000 00 00 00 00 00 00 00 00 00 0.000 0.000 0.000 0 0.000 0.000 0.000 0.000 0.000 0.000   20171115134728915
B0 0000 00 00 00 00 00 00 00 00 00 0.000 0.000 0.000 0 0.000 0.000 0.000 0.000 0.000 0.000   20171115134729130
B0 0000 00 00 00 00 00 00 00 00 00 0.000 0.000 0.000 0 0.000 0.000 0.000 0.000 0.000 0.000   20171115134729334
B0 0000 00 00 00 00 00 00 00 00 00 0.000 0.000 0.000 0 0.000 0.000 0.000 0.000 0.000 0.000   20171115134729543
B0 0000 00 00 00 00 00 00 00 00 00 0.000 0.000 0.000 0 0.000 0.000 0.000 0.000 0.000 0.000   20171115134729748
B0 0000 00 00 00 00 00 00 00 00 00 0.000 0.000 0.000 0 0.000 0.000 0.000 0.000 0.000 0.000   20171115134729957
B0 0000 00 00 00 00 00 00 00 00 00 0.000 0.000 0.000 0 0.000 0.000 0.000 0.000 0.000 0.000   20171115134730173
B0 0000 00 00 00 00 00 00 00 00 00 0.000 0.000 0.000 0 0.000 0.000 0.000 0.000 0.000 0.000   20171115134730373
B0 0000 00 00 00 00 00 00 00 00 00 0.000 0.000 0.000 0 0.000 0.000 0.000 0.000 0.000 0.000   20171115134730581
B0 0000 00 00 00 00 00 00 00 00 00 0.000 0.000 0.000 0 0.000 0.000 0.000 0.000 0.000 0.000   20171115134730786
B0 0000 00 00 00 00 00 00 00 00 00 0.000 0.000 0.000 0 0.000 0.000 0.000 0.000 0.000 0.000   20171115134730994
B0 0000 00 00 00 00 00 00 00 00 00 0.000 0.000 0.000 0 0.000 0.000 0.000 0.000 0.000 0.000   20171115134731201
B0 0000 00 00 00 00 00 00 00 00 00 0.000 0.000 0.000 0 0.000 0.000 0.000 0.000 0.000 0.000   20171115134731386
B0 0000 00 00 00 00 00 00 00 00 00 0.000 0.000 0.000 0 0.000 0.000 0.000 0.000 0.000 0.000   20171115134731594
B0 0000 00 00 00 00 00 00 00 00 00 0.000 0.000 0.000 0 0.000 0.000 0.000 0.000 0.000 0.000   20171115134731803
B0 0000 00 00 00 00 00 00 00 00 00 0.000 0.000 0.000 0 0.000 0.000 0.000 0.000 0.000 0.000   20171115134731973
B0 0000 00 00 00 00 00 00 00 00 00 0.000 0.000 0.000 0 0.000 0.000 0.000 0.000 0.000 0.000   20171115134732166
B0 0000 00 00 00 00 00 00 00 00 00 0.000 0.000 0.000 0 0.000 0.000 0.000 0.000 0.000 0.000   20171115134732372
B0 0000 00 00 00 00 00 00 00 00 00 0.000 0.000 0.000 0 0.000 0.000 0.000 0.000 0.000 0.000   20171115134732587
B0 0000 00 00 00 00 00 00 00 00 00 0.000 0.000 0.000 0 0.000 0.000 0.000 0.000 0.000 0.000   20171115134732802
B0 0000 00 00 00 00 00 00 00 00 00 0.000 0.000 0.000 0 0.000 0.000 0.000 0.000 0.000 0.000   20171115134733001
B0 0000 00 00 00 00 00 00 00 00 00 0.000 0.000 0.000 0 0.000 0.000 0.000 0.000 0.000 0.000   20171115134733175
B0 0000 00 00 00 00 00 00 00 00 00 0.000 0.000 0.000 0 0.000 0.000 0.000 0.000 0.000 0.000   20171115134733374
B0 0000 00 00 00 00 00 00 00 00 00 0.000 0.000 0.000 0 0.000 0.000 0.000 0.000 0.000 0.000   20171115134733569
B0 0000 00 00 00 00 00 00 00 00 00 0.000 0.000 0.000 0 0.000 0.000 0.000 0.000 0.000 0.000   20171115134733762
B0 0000 00 00 00 00 00 00 00 00 00 0.000 0.000 0.000 0 0.000 0.000 0.000 0.000 0.000 0.000   20171115134733967
B0 0000 00 00 00 00 00 00 00 00 00 0.000 0.000 0.000 0 0.000 0.000 0.000 0.000 0.000 0.000   20171115134734173
B0 0000 00 00 00 00 00 00 00 00 00 0.000 0.000 0.000 0 0.000 0.000 0.000 0.000 0.000 0.000   20171115134734374
B0 0000 00 00 00 00 00 00 00 00 00 0.000 0.000 0.000 0 0.000 0.000 0.000 0.000 0.000 0.000   20171115134734576
B0 0000 00 00 00 00 00 00 00 00 00 0.000 0.000 0.000 0 0.000 0.000 0.000 0.000 0.000 0.000   20171115134734771
B0 0000 00 00 00 00 00 00 00 00 00 0.000 0.000 0.000 0 0.000 0.000 0.000 0.000 0.000 0.000   20171115134734973
B0 0000 00 00 00 00 00 00 00 00 00 0.000 0.000 0.000 0 0.000 0.000 0.000 0.000 0.000 0.000   20171115134735163
B0 0000 00 00 00 00 00 00 00 00 00 0.000 0.000 0.000 0 0.000 0.000 0.000 0.000 0.000 0.000   20171115134735354
B0 0000 00 00 00 00 00 00 00 00 00 0.000 0.000 0.000 0 0.000 0.000 0.000 0.000 0.000 0.000   20171115134735540
B0 0000 00 00 00 00 00 00 00 00 00 0.000 0.000 0.000 0 0.000 0.000 0.000 0.000 0.000 0.000   20171115134735720
B0 0000 00 00 00 00 00 00 00 00 00 0.000 0.000 0.000 0 0.000 0.000 0.000 0.000 0.000 0.000   20171115134735918
B0 0000 00 00 00 00 00 00 00 00 00 0.000 0.000 0.000 0 0.000 0.000 0.000 0.000 0.000 0.000   20171115134736107
B0 0000 00 00 00 00 00 00 00 00 00 0.000 0.000 0.000 0 0.000 0.000 0.000 0.000 0.000 0.000   20171115134736310
B0 0000 00 00 00 00 00 00 00 00 00 0.000 0.000 0.000 0 0.000 0.000 0.000 0.000 0.000 0.000   20171115134736524
B0 0000 00 00 00 00 00 00 00 00 00 0.000 0.000 0.000 0 0.000 0.000 0.000 0.000 0.000 0.000   20171115134736732
B0 0000 00 00 00 00 00 00 00 00 00 0.000 0.000 0.000 0 0.000 0.000 0.000 0.000 0.000 0.000   20171115134736950
B0 0000 00 00 00 00 00 00 00 00 00 0.000 0.000 0.000 0 0.000 0.000 0.000 0.000 0.000 0.000   20171115134737165
B0 0000 00 00 00 00 00 00 00 00 00 0.000 0.000 0.000 0 0.000 0.000 0.000 0.000 0.000 0.000   20171115134737366
B0 0000 00 00 00 00 00 00 00 00 00 0.000 0.000 0.000 0 0.000 0.000 0.000 0.000 0.000 0.000   20171115134737580
B0 0000 00 00 00 00 00 00 00 00 00 0.000 0.000 0.000 0 0.000 0.000 0.000 0.000 0.000 0.000   20171115134737792
B0 0000 00 00 00 00 00 00 00 00 00 0.000 0.000 0.000 0 0.000 0.000 0.000 0.000 0.000 0.000   20171115134738011
B0 0000 00 00 00 00 00 00 00 00 00 0.000 0.000 0.000 0 0.000 0.000 0.000 0.000 0.000 0.000   20171115134738229
B0 0000 00 00 00 00 00 00 00 00 00 0.000 0.000 0.000 0 0.000 0.000 0.000 0.000 0.000 0.000   20171115134738451
B0 0000 00 00 00 00 00 00 00 00 00 0.000 0.000 0.000 0 0.000 0.000 0.000 0.000 0.000 0.000   20171115134738659
B0 0000 00 00 00 00 00 00 00 00 00 0.000 0.000 0.000 0 0.000 0.000 0.000 0.000 0.000 0.000   20171115134738868
B0 0000 00 00 00 00 00 00 00 00 00 0.000 0.000 0.000 0 0.000 0.000 0.000 0.000 0.000 0.000   20171115134739080
B0 0000 00 00 00 00 00 00 00 00 00 0.000 0.000 0.000 0 0.000 0.000 0.000 0.000 0.000 0.000   20171115134739290
B0 0000 00 00 00 00 00 00 00 00 00 0.000 0.000 0.000 0 0.000 0.000 0.000 0.000 0.000 0.000   20171115134739505
B0 0000 00 00 00 00 00 00 00 00 00 0.000 0.000 0.000 0 0.000 0.000 0.000 0.000 0.000 0.000   20171115134739717
B0 0000 00 00 00 00 00 00 00 00 00 0.000 0.000 0.000 0 0.000 0.000 0.000 0.000 0.000 0.000   20171115134739934
B0 0000 00 00 00 00 00 00 00 00 00 0.000 0.000 0.000 0 0.000 0.000 0.000 0.000 0.000 0.000   20171115134740147
B0 0000 00 00 00 00 00 00 00 00 00 0.000 0.000 0.000 0 0.000 0.000 0.000 0.000 0.000 0.000   20171115134740351
B0 0000 00 00 00 00 00 00 00 00 00 0.000 0.000 0.000 0 0.000 0.000 0.000 0.000 0.000 0.000   20171115134740559
B0 0000 00 00 00 00 00 00 00 00 00 0.000 0.000 0.000 0 0.000 0.000 0.000 0.000 0.000 0.000   20171115134740765
B0 0000 00 00 00 00 00 00 00 00 00 0.000 0.000 0.000 0 0.000 0.000 0.000 0.000 0.000 0.000   20171115134740981
B0 0000 00 00 00 00 00 00 00 00 00 0.000 0.000 0.000 0 0.000 0.000 0.000 0.000 0.000 0.000   20171115134741193
B0 0000 00 00 00 00 00 00 00 00 00 0.000 0.000 0.000 0 0.000 0.000 0.000 0.000 0.000 0.000   20171115134741407
B0 0000 00 00 00 00 00 00 00 00 00 0.000 0.000 0.000 0 0.000 0.000 0.000 0.000 0.000 0.000   20171115134741620
B0 0000 00 00 00 00 00 00 00 00 00 0.000 0.000 0.000 0 0.000 0.000 0.000 0.000 0.000 0.000   20171115134741815
B0 0000 00 00 00 00 00 00 00 00 00 0.000 0.000 0.000 0 0.000 0.000 0.000 0.000 0.000 0.000   20171115134742004
B0 0000 00 00 00 00 00 00 00 00 00 0.000 0.000 0.000 0 0.000 0.000 0.000 0.000 0.000 0.000   20171115134742206
B0 0000 00 00 00 00 00 00 00 00 00 0.000 0.000 0.000 0 0.000 0.000 0.000 0.000 0.000 0.000   20171115134742406
B0 0000 00 00 00 00 00 00 00 00 00 0.000 0.000 0.000 0 0.000 0.000 0.000 0.000 0.000 0.000   20171115134742601
B0 0000 00 00 00 00 00 00 00 00 00 0.000 0.000 0.000 0 0.000 0.000 0.000 0.000 0.000 0.000   20171115134742868
B0 0000 00 00 00 00 00 00 00 00 00 0.000 0.000 0.000 0 0.000 0.000 0.000 0.000 0.000 0.000   20171115134743076
B0 0000 00 00 00 00 00 00 00 00 00 0.000 0.000 0.000 0 0.000 0.000 0.000 0.000 0.000 0.000   20171115134743283
B0 0000 00 00 00 00 00 00 00 00 00 0.000 0.000 0.000 0 0.000 0.000 0.000 0.000 0.000 0.000   20171115134743484
B0 0000 00 00 00 00 00 00 00 00 00 0.000 0.000 0.000 0 0.000 0.000 0.000 0.000 0.000 0.000   20171115134743685
B0 0000 00 00 00 00 00 00 00 00 00 0.000 0.000 0.000 0 0.000 0.000 0.000 0.000 0.000 0.000   20171115134743896
B0 0000 00 00 00 00 00 00 00 00 00 0.000 0.000 0.000 0 0.000 0.000 0.000 0.000 0.000 0.000   20171115134744113
B0 0000 00 00 00 00 00 00 00 00 00 0.000 0.000 0.000 0 0.000 0.000 0.000 0.000 0.000 0.000   20171115134744300
B0 0000 00 00 00 00 00 00 00 00 00 0.000 0.000 0.000 0 0.000 0.000 0.000 0.000 0.000 0.000   20171115134744495
B0 0000 00 00 00 00 00 00 00 00 00 0.000 0.000 0.000 0 0.000 0.000 0.000 0.000 0.000 0.000   20171115134744697
