Address 02 30 01 40 42 44 46 48 10 11 12 20 21 22 Time
B0 0000 0000 0316 0000 0640 0640 0640 0640 221.00 0.000 6.000 0.000 0.000 0.000 20170415112428
B0 0000 0000 0316 0000 0640 0640 0640 0640 221.00 0.000 6.000 0.000 0.000 0.000 20170415112428
B0 0000 0000 0316 0000 0640 0640 0640 0640 221.00 0.000 6.000 0.000 0.000 0.000 20170415112429
B0 0000 0000 0316 0000 0640 0640 0640 0640 221.00 0.000 6.000 0.000 0.000 0.000 20170415112429
B0 0000 0000 0316 0000 0640 0640 0640 0640 221.00 0.000 6.000 0.000 0.000 0.000 20170415112429
B0 0000 0000 0316 0000 0640 0640 0640 0640 221.00 0.000 6.000 0.000 0.000 0.000 20170415112429
B0 0000 0000 0316 0000 0640 0640 0640 0640 221.00 0.000 6.000 0.000 0.000 0.000 20170415112429
B0 0000 0000 0316 0000 0640 0640 0640 0640 221.00 0.000 6.000 0.000 0.000 0.000 20170415112429
B0 0000 0000 0316 0000 0640 0640 0640 0640 221.00 0.000 6.000 0.000 0.000 0.000 20170415112429
B0 0000 0000 0316 0000 0640 0640 0640 0640 221.00 0.000 6.000 0.000 0.000 0.000 20170415112429
B0 0000 0000 0316 0000 0640 0640 0640 0640 221.00 0.000 6.000 0.000 0.000 0.000 20170415112429
B0 0000 0000 0316 0000 0640 0640 0640 0640 221.00 0.000 6.000 0.000 0.000 0.000 20170415112430
B0 0000 0000 0316 0000 0640 0640 0640 0640 221.00 0.000 6.000 0.000 0.000 0.000 20170415112430
B0 0000 0000 0316 0000 0640 0640 0640 0640 221.00 0.000 6.000 0.000 0.000 0.000 20170415112430
B0 0000 0000 0316 0000 0640 0640 0640 0640 221.00 0.000 6.000 0.000 0.000 0.000 20170415112430
B0 0000 0000 0316 0000 0640 0640 0640 0640 221.00 0.000 6.000 0.000 0.000 0.000 20170415112430
B0 0000 0000 0316 0000 0640 0640 0640 0640 221.00 0.000 6.000 0.000 0.000 0.000 20170415112430
B0 0000 0000 0316 0000 0640 0640 0640 0640 221.00 0.000 6.000 0.000 0.000 0.000 20170415112430
B0 0000 0000 0316 0000 0640 0640 0640 0640 221.00 0.000 6.000 0.000 0.000 0.000 20170415112430
B0 0000 0000 0316 0000 0640 0640 0640 0640 221.00 0.000 6.000 0.000 0.000 0.000 20170415112431
B0 0000 0000 0316 0000 0640 0640 0640 0640 221.00 0.000 6.000 0.000 0.000 0.000 20170415112431
B0 0000 0000 0316 0000 0640 0640 0640 0640 221.00 0.000 6.000 0.000 0.000 0.000 20170415112431
B0 0000 0000 0316 0000 0640 0640 0640 0640 221.00 0.000 6.000 0.000 0.000 0.000 20170415112431
B0 0000 0000 0316 0000 0640 0640 0640 0640 221.00 0.000 6.000 0.000 0.000 0.000 20170415112431
B0 0000 0000 0316 0000 0640 0640 0640 0640 221.00 0.000 6.000 0.000 0.000 0.000 20170415112431
B0 0000 0000 0316 0000 0640 0640 0640 0640 221.00 0.000 6.000 0.000 0.000 0.000 20170415112431
B0 0000 0000 0316 0000 0640 0640 0640 0640 221.00 0.000 6.000 0.000 0.000 0.000 20170415112431
B0 0000 0000 0316 0000 0640 0640 0640 0640 221.00 0.000 6.000 0.000 0.000 0.000 20170415112432
B0 0000 0000 0316 0000 0640 0640 0640 0640 221.00 0.000 6.000 0.000 0.000 0.000 20170415112432
B0 0000 0000 0316 0000 0640 0640 0640 0640 221.00 0.000 6.000 0.000 0.000 0.000 20170415112432
B0 0000 0000 0316 0000 0640 0640 0640 0640 221.00 0.000 6.000 0.000 0.000 0.000 20170415112432
B0 0000 0000 0316 0000 0640 0640 0640 0640 221.00 0.000 6.000 0.000 0.000 0.000 20170415112432
B0 0000 0000 0316 0000 0640 0640 0640 0640 221.00 0.000 6.000 0.000 0.000 0.000 20170415112432
B0 0000 0000 0316 0000 0640 0640 0640 0640 221.00 0.000 6.000 0.000 0.000 0.000 20170415112432
B0 0000 0000 0316 0000 0640 0640 0640 0640 221.00 0.000 6.000 0.000 0.000 0.000 20170415112432
B0 0000 0000 0316 0000 0640 0640 0640 0640 221.00 0.000 6.000 0.000 0.000 0.000 20170415112433
B0 0000 0000 0316 0000 0640 0640 0640 0640 221.00 0.000 6.000 0.000 0.000 0.000 20170415112433
B0 0000 0000 0316 0000 0640 0640 0640 0640 221.00 0.000 6.000 0.000 0.000 0.000 20170415112433
B0 0000 0000 0316 0000 0640 0640 0640 0640 221.00 0.000 6.000 0.000 0.000 0.000 20170415112433
B0 0000 0000 0316 0000 0640 0640 0640 0640 221.00 0.000 6.000 0.000 0.000 0.000 20170415112433
B0 0000 0000 0316 0000 0640 0640 0640 0640 221.00 0.000 6.000 0.000 0.000 0.000 20170415112433
B0 0000 0000 0316 0000 0640 0640 0640 0640 221.00 0.000 6.000 0.000 0.000 0.000 20170415112433
B0 0000 0000 0316 0000 0640 0640 0640 0640 221.00 0.000 6.000 0.000 0.000 0.000 20170415112433
B0 0000 0000 0316 0000 0640 0640 0640 0640 221.00 0.000 6.000 0.000 0.000 0.000 20170415112434
B0 0000 0000 0316 0000 0640 0640 0640 0640 221.00 0.000 6.000 0.000 0.000 0.000 20170415112434
B0 0000 0000 0316 0000 0640 0640 0640 0640 221.00 0.000 6.000 0.000 0.000 0.000 20170415112434
B0 0000 0000 0316 0000 0640 0640 0640 0640 221.00 0.000 6.000 0.000 0.000 0.000 20170415112434
B0 0000 0000 0316 0000 0640 0640 0640 0640 221.00 0.000 6.000 0.000 0.000 0.000 20170415112434
B0 0000 0000 0316 0000 0640 0640 0640 0640 221.00 0.000 6.000 0.000 0.000 0.000 20170415112434
B0 0000 0000 0316 0000 0640 0640 0640 0640 221.00 0.000 6.000 0.000 0.000 0.000 20170415112434
B0 0000 0000 0316 0000 0640 0640 0640 0640 221.00 0.000 6.000 0.000 0.000 0.000 20170415112434
B0 0000 0000 0316 0000 0640 0640 0640 0640 221.00 0.000 6.000 0.000 0.000 0.000 20170415112434
B0 0000 0000 0316 0000 0640 0640 0640 0640 221.00 0.000 6.000 0.000 0.000 0.000 20170415112435
B0 0000 0000 0316 0000 0640 0640 0640 0640 221.00 0.000 6.000 0.000 0.000 0.000 20170415112435
B0 0000 0000 0316 0000 0640 0640 0640 0640 221.00 0.000 6.000 0.000 0.000 0.000 20170415112435
B0 0000 0000 0316 0000 0640 0640 0640 0640 221.00 0.000 6.000 0.000 0.000 0.000 20170415112435
B0 0000 0000 0316 0000 0640 0640 0640 0640 221.00 0.000 6.000 0.000 0.000 0.000 20170415112435
B0 0000 0000 0316 0000 0640 0640 0640 0640 221.00 0.000 6.000 0.000 0.000 0.000 20170415112435
B0 0000 0000 0316 0000 0640 0640 0640 0640 221.00 0.000 6.000 0.000 0.000 0.000 20170415112435
B0 0000 0000 0316 0000 0640 0640 0640 0640 221.00 0.000 6.000 0.000 0.000 0.000 20170415112435
B0 0000 0000 0316 0000 0640 0640 0640 0640 221.00 0.000 6.000 0.000 0.000 0.000 20170415112436
B0 0000 0000 0316 0000 0640 0640 0640 0640 221.00 0.000 6.000 0.000 0.000 0.000 20170415112436
B0 0000 0000 0316 0000 0640 0640 0640 0640 221.00 0.000 6.000 0.000 0.000 0.000 20170415112436
B0 0000 0000 0316 0000 0640 0640 0640 0640 221.00 0.000 6.000 0.000 0.000 0.000 20170415112436
B0 0000 0000 0316 0000 0640 0640 0640 0640 221.00 0.000 6.000 0.000 0.000 0.000 20170415112436
B0 0000 0000 0316 0000 0640 0640 0640 0640 221.00 0.000 6.000 0.000 0.000 0.000 20170415112436
B0 0000 0000 0316 0000 0640 0640 0640 0640 221.00 0.000 6.000 0.000 0.000 0.000 20170415112436
B0 0000 0000 0316 0000 0640 0640 0640 0640 221.00 0.000 6.000 0.000 0.000 0.000 20170415112436
B0 0000 0000 0316 0000 0640 0640 0640 0640 221.00 0.000 6.000 0.000 0.000 0.000 20170415112437
B0 0000 0000 0316 0000 0640 0640 0640 0640 221.00 0.000 6.000 0.000 0.000 0.000 20170415112437
B0 0000 0000 0316 0000 0640 0640 0640 0640 221.00 0.000 6.000 0.000 0.000 0.000 20170415112437
B0 000B 0000 0014 0000 0640 0640 0640 0640 302.00 0.000 6.000 0.000 0.000 0.000 20170415112437
B0 000B 0000 0014 0000 0640 0640 0640 0640 254.00 0.000 0.000 0.000 0.000 0.000 20170415112437
B0 000B 0000 0010 0000 0640 0640 0640 0640 0.00 0.000 0.000 0.000 0.000 0.000 20170415112437
B0 000B 0000 0010 0000 0640 0640 0640 0640 0.00 0.000 0.000 0.000 0.000 0.000 20170415112437
B0 000B 0000 0010 0000 0640 0640 0640 0640 0.00 0.000 0.000 0.000 0.000 0.000 20170415112437
B0 000B 0000 0010 0000 0640 0640 0640 0640 0.00 0.000 0.000 0.000 0.000 0.000 20170415112437
B0 000B 0000 0010 0000 0640 0640 0640 0640 0.00 0.000 0.000 0.000 0.000 0.000 20170415112438
B0 000B 0000 0010 0000 0640 0640 0640 0640 0.00 0.000 0.000 0.000 0.000 0.000 20170415112438
B0 000B 0000 0010 0000 0640 0640 0640 0640 0.00 0.000 0.000 0.000 0.000 0.000 20170415112438
B0 000B 0000 0010 0000 0640 0640 0640 0640 0.00 0.000 0.000 0.000 0.000 0.000 20170415112438
B0 000B 0000 0010 0000 0640 0640 0640 0640 0.00 0.000 0.000 0.000 0.000 0.000 20170415112438
B0 000B 0000 0010 0000 0640 0640 0640 0640 0.00 0.000 0.000 0.000 0.000 0.000 20170415112438
B0 000B 0000 0010 0000 0640 0640 0640 0640 0.00 0.000 0.000 0.000 0.000 0.000 20170415112438
B0 000B 0000 0010 0000 0640 0640 0640 0640 0.00 0.000 0.000 0.000 0.000 0.000 20170415112438
B0 000B 0000 0010 0000 0640 0640 0640 0640 0.00 0.000 0.000 0.000 0.000 0.000 20170415112439
B0 000B 0000 0010 0000 0640 0640 0640 0640 0.00 0.000 0.000 0.000 0.000 0.000 20170415112439
B0 000B 0000 0010 0000 0640 0640 0640 0640 0.00 0.000 0.000 0.000 0.000 0.000 20170415112439
B0 000B 0000 0010 0000 0640 0640 0640 0640 0.00 0.000 0.000 0.000 0.000 0.000 20170415112439
B0 000B 0000 0010 0000 0640 0640 0640 0640 0.00 0.000 0.000 0.000 0.000 0.000 20170415112439
B0 000B 0000 0010 0000 0640 0640 0640 0640 0.00 0.000 0.000 0.000 0.000 0.000 20170415112439
B0 000B 0000 0010 0000 0640 0640 0640 0640 0.00 0.000 0.000 0.000 0.000 0.000 20170415112439
B0 000B 0000 0010 0000 0640 0640 0640 0640 0.00 0.000 0.000 0.000 0.000 0.000 20170415112439
B0 000B 0000 0010 0000 0640 0640 0640 0640 0.00 0.000 0.000 0.000 0.000 0.000 20170415112439
B0 000B 0000 0010 0000 0640 0640 0640 0640 0.00 0.000 0.000 0.000 0.000 0.000 20170415112440
B0 000B 0000 0010 0000 0640 0640 0640 0640 0.00 0.000 0.000 0.000 0.000 0.000 20170415112440
B0 000B 0000 0010 0000 0640 0640 0640 0640 0.00 0.000 0.000 0.000 0.000 0.000 20170415112440
B0 000B 0000 0010 0000 0640 0640 0640 0640 0.00 0.000 0.000 0.000 0.000 0.000 20170415112440
B0 000B 0000 0010 0000 0640 0640 0640 0640 0.00 0.000 0.000 0.000 0.000 0.000 20170415112440
B0 000B 0000 0010 0000 0640 0640 0640 0640 0.00 0.000 0.000 0.000 0.000 0.000 20170415112440
B0 000B 0000 0010 0000 0640 0640 0640 0640 0.00 0.000 0.000 0.000 0.000 0.000 20170415112440
B0 000B 0000 0010 0000 0640 0640 0640 0640 0.00 0.000 0.000 0.000 0.000 0.000 20170415112440
B0 000B 0000 0010 0000 0640 0640 0640 0640 0.00 0.000 0.000 0.000 0.000 0.000 20170415112441
B0 000B 0000 0010 0000 0640 0640 0640 0640 0.00 0.000 0.000 0.000 0.000 0.000 20170415112441
B0 000B 0000 0010 0000 0640 0640 0640 0640 0.00 0.000 0.000 0.000 0.000 0.000 20170415112441
B0 000B 0000 0010 0000 0640 0640 0640 0640 0.00 0.000 0.000 0.000 0.000 0.000 20170415112441
B0 000B 0000 0010 0000 0640 0640 0640 0640 0.00 0.000 0.000 0.000 0.000 0.000 20170415112441
B0 000B 0000 0010 0000 0640 0640 0640 0640 0.00 0.000 0.000 0.000 0.000 0.000 20170415112441
B0 000B 0000 0010 0000 0640 0640 0640 0640 0.00 0.000 0.000 0.000 0.000 0.000 20170415112441
B0 000B 0000 0010 0000 0640 0640 0640 0640 0.00 0.000 0.000 0.000 0.000 0.000 20170415112441
B0 000B 0000 0010 0000 0640 0640 0640 0640 0.00 0.000 0.000 0.000 0.000 0.000 20170415112442
B0 000B 0000 0010 0000 0640 0640 0640 0640 0.00 0.000 0.000 0.000 0.000 0.000 20170415112442
B0 000B 0000 0010 0000 0640 0640 0640 0640 0.00 0.000 0.000 0.000 0.000 0.000 20170415112442
B0 000B 0000 0010 0000 0640 0640 0640 0640 0.00 0.000 0.000 0.000 0.000 0.000 20170415112442
B0 000B 0000 0010 0000 0640 0640 0640 0640 0.00 0.000 0.000 0.000 0.000 0.000 20170415112442
B0 000B 0000 0010 0000 0640 0640 0640 0640 0.00 0.000 0.000 0.000 0.000 0.000 20170415112442
B0 000B 0000 0010 0000 0640 0640 0640 0640 0.00 0.000 0.000 0.000 0.000 0.000 20170415112442
B0 000B 0000 0010 0000 0640 0640 0640 0640 0.00 0.000 0.000 0.000 0.000 0.000 20170415112442
B0 000B 0000 0010 0000 0640 0640 0640 0640 0.00 0.000 0.000 0.000 0.000 0.000 20170415112442
B0 000B 0000 0010 0000 0640 0640 0640 0640 0.00 0.000 0.000 0.000 0.000 0.000 20170415112443
B0 000B 0000 0010 0000 0640 0640 0640 0640 0.00 0.000 0.000 0.000 0.000 0.000 20170415112443
B0 000B 0000 0010 0000 0640 0640 0640 0640 0.00 0.000 0.000 0.000 0.000 0.000 20170415112443
B0 000B 0000 0010 0000 0640 0640 0640 0640 0.00 0.000 0.000 0.000 0.000 0.000 20170415112443
B0 000B 0000 0010 0000 0640 0640 0640 0640 0.00 0.000 0.000 0.000 0.000 0.000 20170415112443
B0 000B 0000 0010 0000 0640 0640 0640 0640 0.00 0.000 0.000 0.000 0.000 0.000 20170415112443
B0 000B 0000 0010 0000 0640 0640 0640 0640 0.00 0.000 0.000 0.000 0.000 0.000 20170415112443
B0 000B 0000 0010 0000 0640 0640 0640 0640 0.00 0.000 0.000 0.000 0.000 0.000 20170415112443
B0 000B 0000 0010 0000 0640 0640 0640 0640 0.00 0.000 0.000 0.000 0.000 0.000 20170415112444
B0 000B 0000 0010 0000 0640 0640 0640 0640 0.00 0.000 0.000 0.000 0.000 0.000 20170415112444
B0 000B 0000 0010 0000 0640 0640 0640 0640 0.00 0.000 0.000 0.000 0.000 0.000 20170415112444
B0 000B 0000 0010 0000 0640 0640 0640 0640 0.00 0.000 0.000 0.000 0.000 0.000 20170415112444
B0 000B 0000 0010 0000 0640 0640 0640 0640 0.00 0.000 0.000 0.000 0.000 0.000 20170415112444
B0 000B 0000 0010 0000 0640 0640 0640 0640 0.00 0.000 0.000 0.000 0.000 0.000 20170415112444
B0 000B 0000 0010 0000 0640 0640 0640 0640 0.00 0.000 0.000 0.000 0.000 0.000 20170415112444
B0 000B 0000 0010 0000 0640 0640 0640 0640 0.00 0.000 0.000 0.000 0.000 0.000 20170415112444
B0 000B 0000 0010 0000 0640 0640 0640 0640 0.00 0.000 0.000 0.000 0.000 0.000 20170415112445
B0 000B 0000 0010 0000 0640 0640 0640 0640 0.00 0.000 0.000 0.000 0.000 0.000 20170415112445
B0 000B 0000 0010 0000 0640 0640 0640 0640 0.00 0.000 0.000 0.000 0.000 0.000 20170415112445
B0 000B 0000 0010 0000 0640 0640 0640 0640 0.00 0.000 0.000 0.000 0.000 0.000 20170415112445
B0 000B 0000 0010 0000 0640 0640 0640 0640 0.00 0.000 0.000 0.000 0.000 0.000 20170415112445
B0 000B 0000 0010 0000 0640 0640 0640 0640 0.00 0.000 0.000 0.000 0.000 0.000 20170415112445
B0 000B 0000 0010 0000 0640 0640 0640 0640 0.00 0.000 0.000 0.000 0.000 0.000 20170415112445
B0 000B 0000 0010 0000 0640 0640 0640 0640 0.00 0.000 0.000 0.000 0.000 0.000 20170415112445
B0 000B 0000 0010 0000 0640 0640 0640 0640 0.00 0.000 0.000 0.000 0.000 0.000 20170415112445
B0 000B 0000 0010 0000 0640 0640 0640 0640 0.00 0.000 0.000 0.000 0.000 0.000 20170415112446
B0 000B 0000 0010 0000 0640 0640 0640 0640 0.00 0.000 0.000 0.000 0.000 0.000 20170415112446
B0 000B 0000 0010 0000 0640 0640 0640 0640 0.00 0.000 0.000 0.000 0.000 0.000 20170415112446
B0 000B 0000 0010 0000 0640 0640 0640 0640 0.00 0.000 0.000 0.000 0.000 0.000 20170415112446
B0 000B 0000 0010 0000 0640 0640 0640 0640 0.00 0.000 0.000 0.000 0.000 0.000 20170415112446
B0 000B 0000 0010 0000 0640 0640 0640 0640 0.00 0.000 0.000 0.000 0.000 0.000 20170415112446
B0 000B 0000 0010 0000 0640 0640 0640 0640 0.00 0.000 0.000 0.000 0.000 0.000 20170415112446
B0 000B 0000 0010 0000 0640 0640 0640 0640 0.00 0.000 0.000 0.000 0.000 0.000 20170415112446
B0 000B 0000 0010 0000 0640 0640 0640 0640 0.00 0.000 0.000 0.000 0.000 0.000 20170415112447
B0 000B 0000 0010 0000 0640 0640 0640 0640 0.00 0.000 0.000 0.000 0.000 0.000 20170415112447
B0 000B 0000 0010 0000 0640 0640 0640 0640 0.00 0.000 0.000 0.000 0.000 0.000 20170415112447
B0 000B 0000 0010 0000 0640 0640 0640 0640 0.00 0.000 0.000 0.000 0.000 0.000 20170415112447
B0 000B 0000 0010 0000 0640 0640 0640 0640 0.00 0.000 0.000 0.000 0.000 0.000 20170415112447
B0 000B 0000 0010 0000 0640 0640 0640 0640 0.00 0.000 0.000 0.000 0.000 0.000 20170415112447
B0 000B 0000 0010 0000 0640 0640 0640 0640 0.00 0.000 0.000 0.000 0.000 0.000 20170415112447
B0 000B 0000 0010 0000 0640 0640 0640 0640 0.00 0.000 0.000 0.000 0.000 0.000 20170415112447
B0 000B 0000 0010 0000 0640 0640 0640 0640 0.00 0.000 0.000 0.000 0.000 0.000 20170415112447
B0 000B 0000 0010 0000 0640 0640 0640 0640 0.00 0.000 0.000 0.000 0.000 0.000 20170415112448
B0 000B 0000 0010 0000 0640 0640 0640 0640 0.00 0.000 0.000 0.000 0.000 0.000 20170415112448
B0 000B 0000 0010 0000 0640 0640 0640 0640 0.00 0.000 0.000 0.000 0.000 0.000 20170415112448
B0 000B 0000 0010 0000 0640 0640 0640 0640 0.00 0.000 0.000 0.000 0.000 0.000 20170415112448
B0 000B 0000 0010 0000 0640 0640 0640 0640 0.00 0.000 0.000 0.000 0.000 0.000 20170415112448
B0 000B 0000 0010 0000 0640 0640 0640 0640 0.00 0.000 0.000 0.000 0.000 0.000 20170415112448
B0 000B 0000 0010 0000 0640 0640 0640 0640 0.00 0.000 0.000 0.000 0.000 0.000 20170415112448
B0 000B 0000 0010 0000 0640 0640 0640 0640 0.00 0.000 0.000 0.000 0.000 0.000 20170415112448
B0 000B 0000 0010 0000 0640 0640 0640 0640 0.00 0.000 0.000 0.000 0.000 0.000 20170415112449
B0 000B 0000 0010 0000 0640 0640 0640 0640 0.00 0.000 0.000 0.000 0.000 0.000 20170415112449
B0 000B 0000 0010 0000 0640 0640 0640 0640 0.00 0.000 0.000 0.000 0.000 0.000 20170415112449
B0 000B 0000 0010 0000 0640 0640 0640 0640 0.00 0.000 0.000 0.000 0.000 0.000 20170415112449
B0 000B 0000 0010 0000 0640 0640 0640 0640 0.00 0.000 0.000 0.000 0.000 0.000 20170415112449
B0 000B 0000 0010 0000 0680 0640 0640 0640 0.00 0.000 0.000 0.000 0.000 0.000 20170415112449
B0 000B 0000 0010 0000 0680 0640 0640 0640 0.00 0.000 0.000 0.000 0.000 0.000 20170415112449
B0 000B 0000 0010 0000 0680 0640 0640 0640 0.00 0.000 0.000 0.000 0.000 0.000 20170415112449
B0 000B 0000 0010 0000 0680 0640 0640 0640 0.00 0.000 0.000 0.000 0.000 0.000 20170415112450
B0 000B 0000 0010 0000 0680 0640 0640 0640 0.00 0.000 0.000 0.000 0.000 0.000 20170415112450
B0 000B 0000 0010 0000 0680 0640 0640 0640 0.00 0.000 0.000 0.000 0.000 0.000 20170415112450
B0 000B 0000 0010 0000 0680 0640 0680 0640 0.00 0.000 0.000 0.000 0.000 0.000 20170415112450
B0 000B 0000 0010 0000 0680 0640 0640 0640 0.00 0.000 0.000 0.000 0.000 0.000 20170415112450
B0 000B 0000 0010 0000 0680 0640 0680 0640 0.00 0.000 0.000 0.000 0.000 0.000 20170415112450
B0 000B 0000 0010 0000 0680 0640 0680 0640 0.00 0.000 0.000 0.000 0.000 0.000 20170415112450
B0 000B 0000 0010 0000 0680 0640 0640 0640 0.00 0.000 0.000 0.000 0.000 0.000 20170415112450
B0 000B 0000 0010 0000 0680 0640 0640 0640 0.00 0.000 0.000 0.000 0.000 0.000 20170415112450
B0 000B 0000 0010 0000 0680 0640 0680 0640 0.00 0.000 0.000 0.000 0.000 0.000 20170415112451
B0 000B 0000 0010 0000 0680 0640 0640 0640 0.00 0.000 0.000 0.000 0.000 0.000 20170415112451
B0 000B 0000 0010 0000 0680 0640 0640 0640 0.00 0.000 0.000 0.000 0.000 0.000 20170415112451
B0 000B 0000 0010 0000 0680 0640 0640 0640 0.00 0.000 0.000 0.000 0.000 0.000 20170415112451
B0 000B 0000 0010 0000 0680 0640 0680 0640 0.00 0.000 0.000 0.000 0.000 0.000 20170415112451
B0 000B 0000 0010 0000 0680 0640 0640 0640 0.00 0.000 0.000 0.000 0.000 0.000 20170415112451
B0 000B 0000 0010 0000 0680 0640 0640 0640 0.00 0.000 0.000 0.000 0.000 0.000 20170415112451
B0 000B 0000 0010 0000 0680 0640 0680 0640 0.00 0.000 0.000 0.000 0.000 0.000 20170415112451
B0 000B 0000 0010 0000 0680 0640 0680 0640 0.00 0.000 0.000 0.000 0.000 0.000 20170415112452
B0 000B 0000 0010 0000 0680 0640 0680 0640 0.00 0.000 0.000 0.000 0.000 0.000 20170415112452
B0 000B 0000 0010 0000 0680 0640 0680 0640 0.00 0.000 0.000 0.000 0.000 0.000 20170415112452
B0 000B 0000 0010 0000 0680 0640 0680 0640 0.00 0.000 0.000 0.000 0.000 0.000 20170415112452
B0 000B 0000 0010 0000 0680 0640 0680 0640 0.00 0.000 0.000 0.000 0.000 0.000 20170415112452
B0 000B 0000 0010 0000 0680 0640 0680 0640 0.00 0.000 0.000 0.000 0.000 0.000 20170415112452
B0 000B 0000 0010 0000 0680 0640 0680 0640 0.00 0.000 0.000 0.000 0.000 0.000 20170415112452
B0 000B 0000 0010 0000 0680 0640 0680 0640 0.00 0.000 0.000 0.000 0.000 0.000 20170415112452
B0 000B 0000 0010 0000 0680 0640 0680 0640 0.00 0.000 0.000 0.000 0.000 0.000 20170415112452
B0 000B 0000 0010 0000 0680 0640 0680 0640 0.00 0.000 0.000 0.000 0.000 0.000 20170415112453
B0 000B 0000 0010 0000 0680 0640 0680 0640 0.00 0.000 0.000 0.000 0.000 0.000 20170415112453
B0 000B 0000 0010 0000 0680 0640 0680 0640 0.00 0.000 0.000 0.000 0.000 0.000 20170415112453
B0 000B 0000 0010 0000 0680 0640 0680 0640 0.00 0.000 0.000 0.000 0.000 0.000 20170415112453
B0 000B 0000 0010 0000 0680 0640 0680 0640 0.00 0.000 0.000 0.000 0.000 0.000 20170415112453
B0 000B 0000 0010 0000 0680 0640 0680 0640 0.00 0.000 0.000 0.000 0.000 0.000 20170415112453
B0 000B 0000 0010 0000 0680 0640 0680 0640 0.00 0.000 0.000 0.000 0.000 0.000 20170415112453
B0 000B 0000 0010 0000 0680 0640 0680 0640 0.00 0.000 0.000 0.000 0.000 0.000 20170415112453
B0 000B 0000 0010 0000 0680 0640 0680 0640 0.00 0.000 0.000 0.000 0.000 0.000 20170415112454
B0 000B 0000 0010 0000 0680 0640 0680 0640 0.00 0.000 0.000 0.000 0.000 0.000 20170415112454
B0 000B 0000 0010 0000 0680 0640 0680 0640 0.00 0.000 0.000 0.000 0.000 0.000 20170415112454
B0 000B 0000 0010 0000 0680 0640 0680 0640 0.00 0.000 0.000 0.000 0.000 0.000 20170415112454
B0 000B 0000 0010 0000 0680 0640 0680 0640 0.00 0.000 0.000 0.000 0.000 0.000 20170415112454
B0 000B 0000 0010 0000 0680 0640 0680 0640 0.00 0.000 0.000 0.000 0.000 0.000 20170415112454
B0 000B 0000 0010 0000 0680 0640 0680 0640 0.00 0.000 0.000 0.000 0.000 0.000 20170415112454
B0 000B 0000 0010 0000 0680 0640 0680 0640 0.00 0.000 0.000 0.000 0.000 0.000 20170415112454
B0 000B 0000 0010 0000 0680 0640 0680 0640 0.00 0.000 0.000 0.000 0.000 0.000 20170415112454
B0 000B 0000 0010 0000 0680 0640 0680 0640 0.00 0.000 0.000 0.000 0.000 0.000 20170415112455
B0 000B 0000 0010 0000 0680 0640 0680 0640 0.00 0.000 0.000 0.000 0.000 0.000 20170415112455
B0 000B 0000 0010 0000 0680 0640 0680 0640 0.00 0.000 0.000 0.000 0.000 0.000 20170415112455
B0 000B 0000 0010 0000 0680 0640 0680 0640 0.00 0.000 0.000 0.000 0.000 0.000 20170415112455
B0 000B 0000 0010 0000 0680 0640 0680 0640 0.00 0.000 0.000 0.000 0.000 0.000 20170415112455
B0 000B 0000 0010 0000 0680 0640 0680 0640 0.00 0.000 0.000 0.000 0.000 0.000 20170415112455
B0 000B 0000 0010 0000 0680 0640 0680 0640 0.00 0.000 0.000 0.000 0.000 0.000 20170415112455
B0 000B 0000 0010 0000 0680 0640 0680 0640 0.00 0.000 0.000 0.000 0.000 0.000 20170415112455
B0 000B 0000 0010 0000 0680 0640 0680 0640 0.00 0.000 0.000 0.000 0.000 0.000 20170415112456
B0 000B 0000 0010 0000 0680 0640 0680 0640 0.00 0.000 0.000 0.000 0.000 0.000 20170415112456
B0 000B 0000 0010 0000 0680 0640 0680 0640 0.00 0.000 0.000 0.000 0.000 0.000 20170415112456
B0 000B 0000 0010 0000 0680 0640 0680 0640 0.00 0.000 0.000 0.000 0.000 0.000 20170415112456
B0 000B 0000 0010 0000 0680 0640 0680 0640 0.00 0.000 0.000 0.000 0.000 0.000 20170415112456
B0 000B 0000 0010 0000 0680 0640 0680 0640 0.00 0.000 0.000 0.000 0.000 0.000 20170415112456
B0 000B 0000 0010 0000 0680 0640 0680 0640 0.00 0.000 0.000 0.000 0.000 0.000 20170415112456
B0 000B 0000 0010 0000 0680 0640 0680 0640 0.00 0.000 0.000 0.000 0.000 0.000 20170415112456
B0 000B 0000 0010 0000 0680 0640 0680 0640 0.00 0.000 0.000 0.000 0.000 0.000 20170415112457
B0 000B 0000 0010 0000 0680 0640 0680 0640 0.00 0.000 0.000 0.000 0.000 0.000 20170415112457
B0 000B 0000 0010 0000 0680 0640 0680 0640 0.00 0.000 0.000 0.000 0.000 0.000 20170415112457
B0 000B 0000 0010 0000 0680 0640 0680 0640 0.00 0.000 0.000 0.000 0.000 0.000 20170415112457
B0 000B 0000 0010 0000 0680 0640 0680 0640 0.00 0.000 0.000 0.000 0.000 0.000 20170415112457
B0 000B 0000 0010 0000 0680 0640 0680 0640 0.00 0.000 0.000 0.000 0.000 0.000 20170415112457
B0 000B 0000 0010 0000 0680 0640 0680 0640 0.00 0.000 0.000 0.000 0.000 0.000 20170415112457
B0 000B 0000 0010 0000 0680 0640 0680 0640 0.00 0.000 0.000 0.000 0.000 0.000 20170415112457
B0 000B 0000 0010 0000 0680 0640 0680 0640 0.00 0.000 0.000 0.000 0.000 0.000 20170415112457
B0 000B 0000 0010 0000 0680 0640 0680 0640 0.00 0.000 0.000 0.000 0.000 0.000 20170415112458
B0 000B 0000 0010 0000 0680 0640 0680 0640 0.00 0.000 0.000 0.000 0.000 0.000 20170415112458
B0 000B 0000 0010 0000 0680 0640 0680 0640 0.00 0.000 0.000 0.000 0.000 0.000 20170415112458
B0 000B 0000 0010 0000 0680 0640 0680 0640 0.00 0.000 0.000 0.000 0.000 0.000 20170415112458
B0 000B 0000 0010 0000 0680 0640 0680 0640 0.00 0.000 0.000 0.000 0.000 0.000 20170415112458
B0 000B 0000 0010 0000 0680 0640 0680 0640 0.00 0.000 0.000 0.000 0.000 0.000 20170415112458
B0 000B 0000 0010 0000 0680 0640 0640 0640 50.00 25.000 1600.000 6.000 25.000 1600.000 20170415112458
B0 0640 0640 0640 0640 0640 0640 0640 0640 50.00 25.000 1600.000 6.000 25.000 1600.000 20170415112458
B0 0640 0640 0640 0640 0640 0640 0640 0640 50.00 25.000 1600.000 6.000 25.000 1600.000 20170415112459
B0 0640 0640 0640 0640 0640 0640 0640 0640 50.00 25.000 1600.000 6.000 25.000 1600.000 20170415112459
B0 0640 0640 0640 0640 0640 0640 0640 0640 50.00 25.000 1600.000 6.000 25.000 1600.000 20170415112459
B0 0640 0640 0640 0640 0640 0640 0640 0640 50.00 25.000 1600.000 6.000 25.000 1600.000 20170415112459
B0 0640 0640 0640 0640 0640 0640 0640 0640 50.00 25.000 1600.000 6.000 25.000 1600.000 20170415112459
B0 0640 0640 0640 0640 0640 0640 0640 0640 50.00 25.000 1600.000 6.000 25.000 1600.000 20170415112459
B0 0640 0640 0640 0640 0640 0640 0640 0640 50.00 25.000 1600.000 6.000 25.000 1600.000 20170415112459
B0 0640 0640 0640 0640 0640 0640 0640 0640 50.00 25.000 1600.000 6.000 25.000 1600.000 20170415112459
B0 0640 0640 0640 0640 0640 0640 0640 0640 50.00 25.000 1600.000 6.000 25.000 1600.000 20170415112459
B0 0640 0640 0640 0640 0640 0640 0640 0640 50.00 25.000 1600.000 6.000 25.000 1600.000 20170415112500
B0 0640 0640 0640 0640 0640 0640 0640 0640 50.00 25.000 1600.000 6.000 25.000 1600.000 20170415112500
B0 0640 0640 0640 0640 0640 0640 0640 0640 50.00 25.000 1600.000 6.000 25.000 1600.000 20170415112500
B0 0640 0640 0640 0640 0640 0640 0640 0640 50.00 25.000 1600.000 6.000 25.000 1600.000 20170415112500
B0 0640 0640 0640 0640 0640 0640 0640 0640 50.00 25.000 1600.000 6.000 25.000 1600.000 20170415112500
B0 0640 0640 0640 0640 0640 0640 0640 0640 50.00 25.000 1600.000 6.000 25.000 1600.000 20170415112500
B0 0640 0640 0640 0640 0640 0640 0640 0640 50.00 25.000 1600.000 6.000 25.000 1600.000 20170415112500
B0 0640 0640 0640 0640 0640 0640 0640 0640 50.00 25.000 1600.000 6.000 25.000 1600.000 20170415112500
B0 0640 0640 0640 0640 0640 0640 0640 0640 50.00 25.000 1600.000 6.000 25.000 1600.000 20170415112500
B0 0640 0640 0640 0640 0640 0640 0640 0640 50.00 25.000 1600.000 6.000 25.000 1600.000 20170415112501
B0 0640 0640 0640 0640 0640 0640 0640 0640 50.00 25.000 1600.000 6.000 25.000 1600.000 20170415112501
B0 0640 0640 0640 0640 0640 0640 0640 0640 50.00 25.000 1600.000 6.000 25.000 1600.000 20170415112501
B0 0640 0640 0640 0640 0640 0640 0640 0640 50.00 25.000 1600.000 6.000 25.000 1600.000 20170415112501
B0 0640 0640 0640 0640 0640 0640 0640 0640 50.00 25.000 1600.000 6.000 25.000 1600.000 20170415112501
B0 0640 0640 0640 0640 0640 0640 0640 0640 50.00 25.000 1600.000 6.000 25.000 1600.000 20170415112501
B0 0640 0640 0640 0640 0640 0640 0640 0640 50.00 25.000 1600.000 6.000 25.000 1600.000 20170415112501
B0 0640 0640 0640 0640 0640 0640 0640 0640 50.00 25.000 1600.000 6.000 25.000 1600.000 20170415112501
B0 0640 0640 0640 0640 0640 0640 0640 0640 50.00 25.000 1600.000 6.000 25.000 1600.000 20170415112501
B0 0640 0640 0640 0640 0640 0640 0640 0640 50.00 25.000 1600.000 6.000 25.000 1600.000 20170415112502
B0 0640 0640 0640 0640 0640 0640 0640 0640 50.00 25.000 1600.000 6.000 25.000 1600.000 20170415112502
B0 0640 0640 0640 0640 0640 0640 0640 0640 50.00 25.000 1600.000 6.000 25.000 1600.000 20170415112502
B0 0640 0640 0640 0640 0640 0640 0640 0640 50.00 25.000 1600.000 6.000 25.000 1600.000 20170415112502
B0 0640 0640 0640 0640 0640 0640 0640 0640 50.00 25.000 1600.000 6.000 25.000 1600.000 20170415112502
B0 0640 0640 0640 0640 0640 0640 0640 0640 50.00 25.000 1600.000 6.000 25.000 1600.000 20170415112502
B0 0640 0640 0640 0640 0640 0640 0640 0640 50.00 25.000 1600.000 6.000 25.000 1600.000 20170415112502
B0 0640 0640 0640 0640 0640 0640 0640 0640 50.00 25.000 1600.000 6.000 25.000 1600.000 20170415112502
B0 0640 0640 0640 0640 0640 0640 0640 0640 50.00 25.000 1600.000 6.000 25.000 1600.000 20170415112502
B0 0640 0640 0640 0640 0640 0640 0640 0640 50.00 25.000 1600.000 6.000 25.000 1600.000 20170415112503
B0 0640 0640 0640 0640 0640 0640 0640 0640 50.00 25.000 1600.000 6.000 25.000 1600.000 20170415112503
B0 0640 0640 0640 0640 0640 0640 0640 0640 50.00 25.000 1600.000 6.000 25.000 1600.000 20170415112503
B0 0640 0640 0640 0640 0640 0640 0640 0640 50.00 25.000 1600.000 6.000 25.000 1600.000 20170415112503
B0 0640 0640 0640 0640 0640 0640 0640 0640 50.00 25.000 1600.000 6.000 25.000 1600.000 20170415112503
B0 0640 0640 0640 0640 0640 0640 0640 0640 50.00 25.000 1600.000 6.000 25.000 1600.000 20170415112503
B0 0640 0640 0640 0640 0640 0640 0640 0640 50.00 25.000 1600.000 6.000 25.000 1600.000 20170415112503
B0 0640 0640 0640 0640 0640 0640 0640 0640 50.00 25.000 1600.000 6.000 25.000 1600.000 20170415112503
B0 0640 0640 0640 0640 0640 0640 0640 0640 50.00 25.000 1600.000 6.000 25.000 1600.000 20170415112504
B0 0640 0640 0640 0640 0640 0640 0640 0640 50.00 25.000 1600.000 6.000 25.000 1600.000 20170415112504
B0 0640 0640 0640 0640 0640 0640 0640 0640 50.00 25.000 1600.000 6.000 25.000 1600.000 20170415112504
B0 0640 0640 0640 0640 0640 0640 0640 0640 50.00 25.000 1600.000 6.000 25.000 1600.000 20170415112504
B0 0640 0640 0640 0640 0640 0640 0640 0640 50.00 25.000 1600.000 6.000 25.000 1600.000 20170415112504
B0 0640 0640 0640 0640 0640 0640 0640 0640 50.00 25.000 1600.000 6.000 25.000 1600.000 20170415112504
B0 0640 0640 0640 0640 0640 0640 0640 0640 50.00 25.000 1600.000 6.000 25.000 1600.000 20170415112504
B0 0640 0640 0640 0640 0640 0640 0640 0640 50.00 25.000 1600.000 6.000 25.000 1600.000 20170415112504
B0 0640 0640 0640 0640 0640 0640 0640 0640 50.00 25.000 1600.000 6.000 25.000 1600.000 20170415112504
B0 0640 0640 0640 0640 0640 0640 0640 0640 50.00 25.000 1600.000 6.000 25.000 1600.000 20170415112504
B0 0640 0640 0640 0640 0640 0640 0640 0640 50.00 25.000 1600.000 6.000 25.000 1600.000 20170415112505
B0 0640 0640 0640 0640 0640 0640 0640 0640 50.00 25.000 1600.000 6.000 25.000 1600.000 20170415112505
B0 0640 0640 0640 0640 0640 0640 0640 0640 50.00 25.000 1600.000 6.000 25.000 1600.000 20170415112505
B0 0640 0640 0640 0640 0640 0640 0640 0640 50.00 25.000 1600.000 6.000 25.000 1600.000 20170415112505
B0 0640 0640 0640 0640 0640 0640 0640 0640 50.00 25.000 1600.000 0.000 0.000 0.000 20170415112505
B0 000B 0000 0010 0000 0640 0000 0640 0640 0.00 0.000 0.000 0.000 0.000 0.000 20170415112505
B0 000B 0000 0010 0096 0640 0000 0640 0640 0.00 0.000 0.000 0.000 0.000 0.000 20170415112505
B0 000B 0000 0010 0000 0640 0000 0640 0640 0.00 0.000 0.000 0.000 0.000 0.000 20170415112505
B0 000B 0000 0010 0000 0640 0000 0640 0640 0.00 0.000 0.000 0.000 0.000 0.000 20170415112506
B0 000B 0000 0010 0000 0640 0000 0640 0640 0.00 0.000 0.000 0.000 0.000 0.000 20170415112506
B0 000B 0000 0010 0000 0640 0000 0640 0640 0.00 0.000 0.000 0.000 0.000 0.000 20170415112506
B0 000B 0000 0010 0000 0640 0000 0640 0640 0.00 0.000 0.000 0.000 0.000 0.000 20170415112506
B0 000B 0000 0010 0000 0640 0000 0640 0640 0.00 0.000 0.000 0.000 0.000 0.000 20170415112506
B0 000B 0000 0014 0000 0640 0640 0640 0640 220.00 0.000 6.000 0.000 0.000 0.000 20170415112506
B0 0000 0000 0316 0000 0640 0640 0640 0640 221.00 0.000 6.000 0.000 0.000 0.000 20170415112506
B0 0000 0000 0316 0000 0640 0640 0640 0640 221.00 0.000 6.000 0.000 0.000 0.000 20170415112506
B0 0000 0000 0316 0000 0640 0640 0640 0640 221.00 0.000 6.000 0.000 0.000 0.000 20170415112507
B0 0000 0000 0316 0000 0640 0640 0640 0640 221.00 0.000 6.000 0.000 0.000 0.000 20170415112507
B0 0000 0000 0316 0000 0640 0640 0640 0640 221.00 0.000 6.000 0.000 0.000 0.000 20170415112507
B0 0000 0000 0316 0000 0640 0640 0640 0640 221.00 0.000 6.000 0.000 0.000 0.000 20170415112507
B0 0000 0000 0316 0000 0640 0640 0640 0640 221.00 0.000 6.000 0.000 0.000 0.000 20170415112507
B0 0000 0000 0316 0000 0640 0640 0640 0640 221.00 0.000 6.000 0.000 0.000 0.000 20170415112507
B0 0000 0000 0316 0000 0680 0640 0680 0640 221.00 0.000 6.000 0.000 0.000 0.000 20170415112507
B0 0000 0000 0316 0000 0680 0640 0680 0640 221.00 0.000 6.000 0.000 0.000 0.000 20170415112507
B0 0000 0000 0316 0000 0680 0640 0680 0640 221.00 0.000 6.000 0.000 0.000 0.000 20170415112507
B0 0000 0000 0316 0000 0680 0640 0680 0640 221.00 0.000 6.000 0.000 0.000 0.000 20170415112508
B0 0000 0000 0316 0000 0680 0640 0680 0640 221.00 0.000 6.000 0.000 0.000 0.000 20170415112508
B0 0000 0000 0316 0000 0680 0640 0680 0640 221.00 0.000 6.000 0.000 0.000 0.000 20170415112508
B0 0000 0000 0316 0000 0680 0640 0680 0640 221.00 0.000 6.000 0.000 0.000 0.000 20170415112508
B0 0000 0000 0316 0000 0680 0640 0680 0640 221.00 0.000 6.000 0.000 0.000 0.000 20170415112508
B0 0000 0000 0316 0000 0680 0640 0680 0640 221.00 0.000 6.000 0.000 0.000 0.000 20170415112508
B0 0000 0000 0316 0000 0680 0640 0680 0640 221.00 0.000 6.000 0.000 0.000 0.000 20170415112508
B0 0000 0000 0316 0000 0680 0640 0680 0640 221.00 0.000 6.000 0.000 0.000 0.000 20170415112508
B0 0000 0000 0316 0000 0680 0640 0680 0640 221.00 0.000 6.000 0.000 0.000 0.000 20170415112509
B0 0000 0000 0316 0000 0680 0640 0680 0640 221.00 0.000 6.000 0.000 0.000 0.000 20170415112509
B0 0000 0000 0316 0000 0680 0640 0680 0640 221.00 0.000 6.000 0.000 0.000 0.000 20170415112509
B0 0000 0000 0316 0000 0680 0640 0680 0640 221.00 0.000 6.000 0.000 0.000 0.000 20170415112509
B0 0000 0000 0316 0000 0680 0640 0680 0640 221.00 0.000 6.000 0.000 0.000 0.000 20170415112509
B0 0000 0000 0316 0000 0680 0640 0680 0640 221.00 0.000 6.000 0.000 0.000 0.000 20170415112509
B0 0000 0000 0316 0000 0680 0640 0680 0640 221.00 0.000 6.000 0.000 0.000 0.000 20170415112509
B0 0000 0000 0316 0000 0680 0640 0680 0640 221.00 0.000 6.000 0.000 0.000 0.000 20170415112509
B0 0000 0000 0316 0000 0680 0640 0680 0640 221.00 0.000 6.000 0.000 0.000 0.000 20170415112510
B0 0000 0000 0316 0000 0680 0640 0680 0640 220.00 0.000 6.000 0.000 0.000 0.000 20170415112510
B0 0000 0000 0316 0000 0680 0640 0680 0640 220.00 0.000 6.000 0.000 0.000 0.000 20170415112510
B0 0000 0000 0316 0000 0680 0640 0680 0640 220.00 0.000 6.000 0.000 0.000 0.000 20170415112510
B0 0000 0000 0316 0000 0680 0640 0680 0640 221.00 0.000 6.000 0.000 0.000 0.000 20170415112510
B0 0000 0000 0316 0000 0680 0640 0680 0640 220.00 0.000 6.000 0.000 0.000 0.000 20170415112510
B0 0000 0000 0316 0000 0680 0640 0680 0640 220.00 0.000 6.000 0.000 0.000 0.000 20170415112510
B0 0000 0000 0316 0000 0680 0640 0680 0640 220.00 0.000 6.000 0.000 0.000 0.000 20170415112510
B0 0000 0000 0316 0000 0680 0640 0680 0640 220.00 0.000 6.000 0.000 0.000 0.000 20170415112510
B0 0000 0000 0316 0000 0680 0640 0680 0640 221.00 0.000 6.000 0.000 0.000 0.000 20170415112511
B0 0000 0000 0316 0000 0680 0640 0680 0640 221.00 0.000 6.000 0.000 0.000 0.000 20170415112511
B0 0000 0000 0316 0000 0680 0640 0680 0640 220.00 0.000 6.000 0.000 0.000 0.000 20170415112511
B0 0000 0000 0316 0000 0680 0640 0680 0640 220.00 0.000 6.000 0.000 0.000 0.000 20170415112511
B0 0000 0000 0316 0000 0680 0640 0680 0640 220.00 0.000 6.000 0.000 0.000 0.000 20170415112511
B0 0000 0000 0316 0000 0680 0640 0680 0640 220.00 0.000 6.000 0.000 0.000 0.000 20170415112511
B0 0000 0000 0316 0000 0680 0640 0680 0640 221.00 0.000 6.000 0.000 0.000 0.000 20170415112511
B0 0000 0000 0316 0000 0680 0640 0680 0640 221.00 0.000 6.000 0.000 0.000 0.000 20170415112511
B0 0000 0000 0316 0000 0680 0640 0680 0640 220.00 0.000 6.000 0.000 0.000 0.000 20170415112512
B0 0000 0000 0316 0000 0680 0640 0680 0640 220.00 0.000 6.000 0.000 0.000 0.000 20170415112512
B0 0000 0000 0316 0000 0680 0640 0680 0640 220.00 0.000 6.000 0.000 0.000 0.000 20170415112512
B0 0000 0000 0316 0000 0680 0640 0680 0640 221.00 0.000 6.000 0.000 0.000 0.000 20170415112512
B0 0000 0000 0316 0000 0680 0640 0680 0640 220.00 0.000 6.000 0.000 0.000 0.000 20170415112512
B0 0000 0000 0316 0000 0680 0640 0680 0640 220.00 0.000 6.000 0.000 0.000 0.000 20170415112512
B0 0000 0000 0316 0000 0680 0640 0680 0640 220.00 0.000 6.000 0.000 0.000 0.000 20170415112512
B0 0000 0000 0316 0000 0680 0640 0680 0640 220.00 0.000 6.000 0.000 0.000 0.000 20170415112512
B0 0000 0000 0316 0000 0680 0640 0680 0640 221.00 0.000 6.000 0.000 0.000 0.000 20170415112513
B0 0000 0000 0316 0000 0680 0640 0680 0640 221.00 0.000 6.000 0.000 0.000 0.000 20170415112513
B0 0000 0000 0316 0000 0680 0640 0680 0640 221.00 0.000 6.000 0.000 0.000 0.000 20170415112513
B0 0000 0000 0316 0000 0680 0640 0680 0640 220.00 0.000 6.000 0.000 0.000 0.000 20170415112513
B0 0000 0000 0316 0000 0680 0640 0680 0640 220.00 0.000 6.000 0.000 0.000 0.000 20170415112513
B0 0000 0000 0316 0000 0680 0640 0680 0640 221.00 0.000 6.000 0.000 0.000 0.000 20170415112513
B0 0000 0000 0316 0000 0680 0640 0680 0640 221.00 0.000 6.000 0.000 0.000 0.000 20170415112513
B0 0000 0000 0316 0000 0680 0640 0680 0640 221.00 0.000 6.000 0.000 0.000 0.000 20170415112513
B0 0000 0000 0316 0000 0680 0640 0680 0640 220.00 0.000 6.000 0.000 0.000 0.000 20170415112513
B0 0000 0000 0316 0000 0680 0640 0680 0640 220.00 0.000 6.000 0.000 0.000 0.000 20170415112514
B0 0000 0000 0316 0000 0680 0640 0680 0640 220.00 0.000 6.000 0.000 0.000 0.000 20170415112514
B0 0000 0000 0316 0000 0680 0640 0680 0640 221.00 0.000 6.000 0.000 0.000 0.000 20170415112514
B0 000B 0000 0014 0000 0680 0640 0680 0640 221.00 0.000 6.000 0.000 0.000 0.000 20170415112514
B0 000B 0000 0014 0000 0680 0640 0680 0640 285.00 0.000 6.000 0.000 0.000 0.000 20170415112514
B0 000B 0000 0010 0000 0680 0640 0680 0640 181.00 0.000 6.000 0.000 0.000 0.000 20170415112514
B0 000B 0000 0010 0000 0680 0640 0680 0640 0.00 0.000 0.000 0.000 0.000 0.000 20170415112514
B0 000B 0000 0010 0000 0680 0640 0680 0680 0.00 0.000 0.000 0.000 0.000 0.000 20170415112514
B0 000B 0000 0010 0000 0680 0640 0680 0680 0.00 0.000 0.000 0.000 0.000 0.000 20170415112515
B0 000B 0000 0010 0000 0680 0640 0680 0680 0.00 0.000 0.000 0.000 0.000 0.000 20170415112515
B0 000B 0000 0010 0000 0680 0640 0680 0680 0.00 0.000 0.000 0.000 0.000 0.000 20170415112515
B0 000B 0000 0010 0000 0680 0640 0680 0680 0.00 0.000 0.000 0.000 0.000 0.000 20170415112515
B0 000B 0000 0010 0000 0680 0640 0680 0680 0.00 0.000 0.000 0.000 0.000 0.000 20170415112515
B0 000B 0000 0010 0000 0680 0640 0680 0680 0.00 0.000 0.000 0.000 0.000 0.000 20170415112515
B0 000B 0000 0010 0000 0680 0640 0680 0680 0.00 0.000 0.000 0.000 0.000 0.000 20170415112515
B0 000B 0000 0010 0000 0680 0640 0680 0680 0.00 0.000 0.000 0.000 0.000 0.000 20170415112515
B0 000B 0000 0010 0000 0680 0640 0680 0680 0.00 0.000 0.000 0.000 0.000 0.000 20170415112515
B0 000B 0000 0010 0000 0680 0640 0680 0680 0.00 0.000 0.000 0.000 0.000 0.000 20170415112516
B0 000B 0000 0010 0000 0680 0640 0680 0680 0.00 0.000 0.000 0.000 0.000 0.000 20170415112516
B0 000B 0000 0010 0000 0680 0640 0680 0680 0.00 0.000 0.000 0.000 0.000 0.000 20170415112516
B0 000B 0000 0010 0000 0680 0640 0680 0680 0.00 0.000 0.000 0.000 0.000 0.000 20170415112516
B0 000B 0000 0010 0000 0680 0640 0680 0680 0.00 0.000 0.000 0.000 0.000 0.000 20170415112516
B0 000B 0000 0010 0000 0680 0640 0680 0680 0.00 0.000 0.000 0.000 0.000 0.000 20170415112516
B0 000B 0000 0010 0000 0680 0640 0680 0680 0.00 0.000 0.000 0.000 0.000 0.000 20170415112516
B0 000B 0000 0010 0000 0680 0640 0680 0680 0.00 0.000 0.000 0.000 0.000 0.000 20170415112516
B0 000B 0000 0010 0000 0680 0640 0680 0680 0.00 0.000 0.000 0.000 0.000 0.000 20170415112517
B0 000B 0000 0010 0000 0680 0640 0680 0680 0.00 0.000 0.000 0.000 0.000 0.000 20170415112517
B0 000B 0000 0010 0000 0680 0640 0680 0680 0.00 0.000 0.000 0.000 0.000 0.000 20170415112517
B0 000B 0000 0010 0000 0680 0640 0680 0680 0.00 0.000 0.000 0.000 0.000 0.000 20170415112517
B0 000B 0000 0010 0000 0680 0640 0680 0680 0.00 0.000 0.000 0.000 0.000 0.000 20170415112517
B0 000B 0000 0010 0000 0680 0640 0680 0680 0.00 0.000 0.000 0.000 0.000 0.000 20170415112517
B0 000B 0000 0010 0000 0680 0640 0680 0680 0.00 0.000 0.000 0.000 0.000 0.000 20170415112517
B0 000B 0000 0010 0000 0680 0640 0680 0680 0.00 0.000 0.000 0.000 0.000 0.000 20170415112517
B0 000B 0000 0010 0000 0680 0640 0680 0680 0.00 0.000 0.000 0.000 0.000 0.000 20170415112518
B0 000B 0000 0010 0000 0680 0640 0680 0680 0.00 0.000 0.000 0.000 0.000 0.000 20170415112518
B0 000B 0000 0010 0000 0680 0640 0680 0680 0.00 0.000 0.000 0.000 0.000 0.000 20170415112518
B0 000B 0000 0010 0000 0680 0640 0680 0680 0.00 0.000 0.000 0.000 0.000 0.000 20170415112518
B0 000B 0000 0010 0000 0680 0640 0680 0680 0.00 0.000 0.000 0.000 0.000 0.000 20170415112518
B0 000B 0000 0010 0000 0680 0640 0680 0680 0.00 0.000 0.000 0.000 0.000 0.000 20170415112518
B0 000B 0000 0010 0000 0680 0640 0680 0680 0.00 0.000 0.000 0.000 0.000 0.000 20170415112518
B0 000B 0000 0010 0000 0680 0640 0680 0680 0.00 0.000 0.000 0.000 0.000 0.000 20170415112518
B0 000B 0000 0010 0000 0680 0640 0680 0680 0.00 0.000 0.000 0.000 0.000 0.000 20170415112518
B0 000B 0000 0010 0000 0680 0640 0680 0680 0.00 0.000 0.000 0.000 0.000 0.000 20170415112519
B0 000B 0000 0010 0000 0680 0640 0680 0680 0.00 0.000 0.000 0.000 0.000 0.000 20170415112519
B0 000B 0000 0010 0000 0680 0640 0680 0680 0.00 0.000 0.000 0.000 0.000 0.000 20170415112519
B0 000B 0000 0010 0000 0680 0640 0680 0680 0.00 0.000 0.000 0.000 0.000 0.000 20170415112519
B0 000B 0000 0010 0000 0680 0640 0680 0680 0.00 0.000 0.000 0.000 0.000 0.000 20170415112519
B0 000B 0000 0010 0000 0680 0640 0680 0680 0.00 0.000 0.000 0.000 0.000 0.000 20170415112519
B0 000B 0000 0010 0000 0680 0640 0680 0680 0.00 0.000 0.000 0.000 0.000 0.000 20170415112519
B0 000B 0000 0010 0000 0680 0640 0680 0680 0.00 0.000 6.000 0.000 0.000 0.000 20170415112519
B0 000B 0000 0010 0000 0680 0640 0680 0680 220.00 0.000 6.000 0.000 0.000 0.000 20170415112520
B0 000B 0000 0010 0000 0680 0640 0680 0680 220.00 0.000 6.000 0.000 0.000 0.000 20170415112520
B0 000B 0000 0010 0000 0680 0640 0680 0680 220.00 0.000 6.000 0.000 0.000 0.000 20170415112520
B0 000B 0000 0010 0000 0680 0640 0680 0680 220.00 0.000 6.000 0.000 0.000 0.000 20170415112520
B0 000B 0000 0010 0000 0680 0640 0680 0680 220.00 0.000 6.000 0.000 0.000 0.000 20170415112520
B0 000B 0000 0014 0000 0680 0640 0680 0680 220.00 0.000 6.000 0.000 0.000 0.000 20170415112520
B0 000B 0000 0014 0000 0680 0640 0680 0680 220.00 0.000 6.000 0.000 0.000 0.000 20170415112520
B0 0000 0000 0316 0000 0680 0640 0680 0680 220.00 0.000 6.000 0.000 0.000 0.000 20170415112520
B0 0000 0000 0316 0000 0680 0640 0680 0680 220.00 0.000 6.000 0.000 0.000 0.000 20170415112521
B0 0000 0000 0316 0000 0680 0640 0680 0680 221.00 0.000 6.000 0.000 0.000 0.000 20170415112521
B0 0000 0000 0316 0000 0680 0640 0680 0680 221.00 0.000 6.000 0.000 0.000 0.000 20170415112521
B0 0000 0000 0316 0000 0680 0640 0680 0680 221.00 0.000 6.000 0.000 0.000 0.000 20170415112521
B0 0000 0000 0316 0000 0680 0640 0680 0680 221.00 0.000 6.000 0.000 0.000 0.000 20170415112521
B0 0000 0000 0316 0000 0680 0640 0680 0680 220.00 0.000 6.000 0.000 0.000 0.000 20170415112521
B0 0000 0000 0316 0000 0680 0640 0680 0680 221.00 0.000 6.000 0.000 0.000 0.000 20170415112521
B0 0000 0000 0316 0000 0680 0640 0680 0680 221.00 0.000 6.000 0.000 0.000 0.000 20170415112521
B0 0000 0000 0316 0000 0680 0640 0680 0680 221.00 0.000 6.000 0.000 0.000 0.000 20170415112521
B0 0000 0000 0316 0000 0680 0640 0680 0680 221.00 0.000 6.000 0.000 0.000 0.000 20170415112522
B0 0000 0000 0316 0000 0680 0640 0680 0680 221.00 0.000 6.000 0.000 0.000 0.000 20170415112522
B0 0000 0000 0316 0000 0680 0640 0680 0680 221.00 0.000 6.000 0.000 0.000 0.000 20170415112522
B0 0000 0000 0316 0000 0680 0640 0680 0680 221.00 0.000 6.000 0.000 0.000 0.000 20170415112522
B0 0000 0000 0316 0000 0680 0640 0680 0680 221.00 0.000 6.000 0.000 0.000 0.000 20170415112522
B0 0000 0000 0316 0000 0680 0640 0680 0680 221.00 0.000 6.000 0.000 0.000 0.000 20170415112522
B0 0000 0000 0316 0000 0680 0640 0680 0680 221.00 0.000 6.000 0.000 0.000 0.000 20170415112522
B0 0000 0000 0316 0000 0680 0640 0680 0680 221.00 0.000 6.000 0.000 0.000 0.000 20170415112522
B0 0000 0000 0316 0000 0680 0640 0680 0680 221.00 0.000 6.000 0.000 0.000 0.000 20170415112523
B0 0000 0000 0316 0000 0680 0640 0680 0680 221.00 0.000 6.000 0.000 0.000 0.000 20170415112523
B0 0000 0000 0316 0000 0680 0640 0680 0680 221.00 0.000 6.000 0.000 0.000 0.000 20170415112523
B0 0000 0000 0316 0000 0680 0640 0680 0680 220.00 0.000 6.000 0.000 0.000 0.000 20170415112523
B0 0000 0000 0316 0000 0680 0640 0680 0680 221.00 0.000 6.000 0.000 0.000 0.000 20170415112523
B0 0000 0000 0316 0000 0680 0640 0680 0680 220.00 0.000 6.000 0.000 0.000 0.000 20170415112523
B0 0000 0000 0316 0000 0680 0640 0680 0680 220.00 0.000 6.000 0.000 0.000 0.000 20170415112523
B0 0000 0000 0316 0000 0680 0640 0680 0680 220.00 0.000 6.000 0.000 0.000 0.000 20170415112523
B0 0000 0000 0316 0000 0680 0640 0680 0680 220.00 0.000 6.000 0.000 0.000 0.000 20170415112523
B0 0000 0000 0316 0000 0680 0640 0680 0680 220.00 0.000 6.000 0.000 0.000 0.000 20170415112524
B0 0000 0000 0316 0000 0680 0640 0680 0680 221.00 0.000 6.000 0.000 0.000 0.000 20170415112524
B0 0000 0000 0316 0000 0680 0640 0680 0680 220.00 0.000 6.000 0.000 0.000 0.000 20170415112524
B0 0000 0000 0316 0000 0680 0640 0680 0680 220.00 0.000 6.000 0.000 0.000 0.000 20170415112524
B0 0000 0000 0316 0000 0680 0640 0680 0680 220.00 0.000 6.000 0.000 0.000 0.000 20170415112524
B0 0000 0000 0316 0000 0680 0640 0680 0680 220.00 0.000 6.000 0.000 0.000 0.000 20170415112524
B0 0000 0000 0316 0000 0680 0640 0680 0680 221.00 0.000 6.000 0.000 0.000 0.000 20170415112524
B0 0000 0000 0316 0000 0680 0640 0680 0680 221.00 0.000 6.000 0.000 0.000 0.000 20170415112524
B0 000B 0000 0014 0000 0680 0640 0680 0680 220.00 0.000 6.000 0.000 0.000 0.000 20170415112525
B0 000B 0000 0014 0000 0680 0640 0680 0680 219.00 0.000 6.000 0.000 0.000 0.000 20170415112525
B0 000B 0000 0010 0000 0680 0640 0680 0680 210.00 0.000 6.000 0.000 0.000 0.000 20170415112525
B0 000B 0000 0010 0000 0680 0640 0680 0680 0.00 0.000 0.000 0.000 0.000 0.000 20170415112525
B0 000B 0000 0010 0000 0680 0640 0680 0680 0.00 0.000 0.000 0.000 0.000 0.000 20170415112525
B0 000B 0000 0010 0000 0680 0640 0680 0680 0.00 0.000 0.000 0.000 0.000 0.000 20170415112525
B0 000B 0000 0010 0000 0680 0640 0680 0680 0.00 0.000 0.000 0.000 0.000 0.000 20170415112525
B0 000B 0000 0010 0000 0680 0640 0680 0680 0.00 0.000 0.000 0.000 0.000 0.000 20170415112525
B0 000B 0000 0010 0000 0680 0640 0680 0680 0.00 0.000 0.000 0.000 0.000 0.000 20170415112526
B0 000B 0000 0010 0000 0680 0640 0680 0680 0.00 0.000 0.000 0.000 0.000 0.000 20170415112526
B0 000B 0000 0010 0000 0680 0640 0680 0680 0.00 0.000 0.000 0.000 0.000 0.000 20170415112526
B0 000B 0000 0010 0000 0680 0640 0680 0680 0.00 0.000 0.000 0.000 0.000 0.000 20170415112526
B0 000B 0000 0010 0000 0680 0640 0680 0680 0.00 0.000 0.000 0.000 0.000 0.000 20170415112526
B0 000B 0000 0010 0000 0680 0640 0680 0680 0.00 0.000 0.000 0.000 0.000 0.000 20170415112526
B0 000B 0000 0010 0000 0680 0640 0680 0680 0.00 0.000 0.000 0.000 0.000 0.000 20170415112526
B0 000B 0000 0010 0000 0680 0640 0680 0680 0.00 0.000 0.000 0.000 0.000 0.000 20170415112526
B0 000B 0000 0010 0000 0680 0640 0680 0680 0.00 0.000 0.000 0.000 0.000 0.000 20170415112526
B0 000B 0000 0010 0000 0680 0640 0680 0680 0.00 0.000 0.000 0.000 0.000 0.000 20170415112527
B0 000B 0000 0010 0000 0680 0640 0680 0680 0.00 0.000 0.000 0.000 0.000 0.000 20170415112527
B0 000B 0000 0010 0000 0680 0640 0680 0680 0.00 0.000 0.000 0.000 0.000 0.000 20170415112527
B0 000B 0000 0010 0000 0680 0640 0680 0680 0.00 0.000 0.000 0.000 0.000 0.000 20170415112527
B0 000B 0000 0010 0000 0680 0640 0680 0680 0.00 0.000 0.000 0.000 0.000 0.000 20170415112527
B0 000B 0000 0010 0000 0680 0640 0680 0680 0.00 0.000 0.000 0.000 0.000 0.000 20170415112527
B0 000B 0000 0010 0000 0680 0640 0680 0680 0.00 0.000 0.000 0.000 0.000 0.000 20170415112527
