Address 02 30 01 40 42 44 46 48 10 11 12 20 21 22 Time
B0 0000 0000 0316 0000 0700 0700 0700 0700 223.00 0.000 6.000 0.000 0.000 0.000 20170412111130
B0 0000 0000 0316 0000 0700 0700 0700 0700 223.00 0.000 6.000 0.000 0.000 0.000 20170412111130
B0 0000 0000 0316 0000 0700 0700 0700 0700 222.00 0.000 6.000 0.000 0.000 0.000 20170412111130
B0 0000 0000 0316 0000 0700 0700 0700 0700 222.00 0.000 6.000 0.000 0.000 0.000 20170412111130
B0 0000 0000 0316 0000 0700 0700 0700 0700 222.00 0.000 6.000 0.000 0.000 0.000 20170412111130
B0 0000 0000 0316 0000 0700 0700 0700 0700 223.00 0.000 6.000 0.000 0.000 0.000 20170412111131
B0 0000 0000 0316 0000 0700 0700 0700 0700 223.00 0.000 6.000 0.000 0.000 0.000 20170412111131
B0 0000 0000 0316 0000 0700 0700 0700 0700 222.00 0.000 6.000 0.000 0.000 0.000 20170412111131
B0 0000 0000 0316 0000 0700 0700 0700 0700 222.00 0.000 6.000 0.000 0.000 0.000 20170412111131
B0 0000 0000 0316 0000 0700 0700 0700 0700 222.00 0.000 6.000 0.000 0.000 0.000 20170412111131
B0 0000 0000 0316 0000 0700 0700 0700 0700 223.00 0.000 6.000 0.000 0.000 0.000 20170412111131
B0 0000 0000 0316 0000 0700 0700 0700 0700 223.00 0.000 6.000 0.000 0.000 0.000 20170412111131
B0 0000 0000 0316 0000 0700 0700 0700 0700 223.00 0.000 6.000 0.000 0.000 0.000 20170412111131
B0 0000 0000 0316 0000 0700 0700 0700 0700 222.00 0.000 6.000 0.000 0.000 0.000 20170412111131
B0 0000 0000 0316 0000 0700 0700 0700 0700 222.00 0.000 6.000 0.000 0.000 0.000 20170412111132
B0 0000 0000 0316 0000 0700 0700 0700 0700 222.00 0.000 6.000 0.000 0.000 0.000 20170412111132
B0 0000 0000 0316 0000 0700 0700 0700 0700 223.00 0.000 6.000 0.000 0.000 0.000 20170412111132
B0 0000 0000 0316 0000 0700 0700 0700 0700 223.00 0.000 6.000 0.000 0.000 0.000 20170412111132
B0 0000 0000 0316 0000 0700 0700 0700 0700 222.00 0.000 6.000 0.000 0.000 0.000 20170412111132
B0 0000 0000 0316 0000 0700 0700 0700 0700 222.00 0.000 6.000 0.000 0.000 0.000 20170412111132
B0 0000 0000 0316 0000 0700 0700 0700 0700 222.00 0.000 6.000 0.000 0.000 0.000 20170412111132
B0 0000 0000 0316 0000 0700 0700 0700 0700 222.00 0.000 6.000 0.000 0.000 0.000 20170412111132
B0 0000 0000 0316 0000 0700 0700 0700 0700 223.00 0.000 6.000 0.000 0.000 0.000 20170412111132
B0 0000 0000 0316 0000 0700 0700 0700 0700 223.00 0.000 6.000 0.000 0.000 0.000 20170412111133
B0 0000 0000 0316 0000 0700 0700 0700 0700 222.00 0.000 6.000 0.000 0.000 0.000 20170412111133
B0 0000 0000 0316 0000 0700 0700 0700 0700 222.00 0.000 6.000 0.000 0.000 0.000 20170412111133
B0 0000 0000 0316 0000 0700 0700 0700 0700 222.00 0.000 6.000 0.000 0.000 0.000 20170412111133
B0 0000 0000 0316 0000 0700 0700 0700 0700 223.00 0.000 6.000 0.000 0.000 0.000 20170412111133
B0 0000 0000 0316 0000 0700 0700 0700 0700 223.00 0.000 6.000 0.000 0.000 0.000 20170412111133
B0 0000 0000 0316 0000 0700 0700 0700 0700 223.00 0.000 6.000 0.000 0.000 0.000 20170412111133
B0 0000 0000 0316 0000 0700 0700 0700 0700 222.00 0.000 6.000 0.000 0.000 0.000 20170412111133
B0 0000 0000 0316 0000 0700 0700 0700 0700 222.00 0.000 6.000 0.000 0.000 0.000 20170412111133
B0 0000 0000 0316 0000 0700 0700 0700 0700 222.00 0.000 6.000 0.000 0.000 0.000 20170412111134
B0 0000 0000 0316 0000 0700 0700 0700 0700 222.00 0.000 6.000 0.000 0.000 0.000 20170412111134
B0 0000 0000 0316 0000 0700 0700 0700 0700 223.00 0.000 6.000 0.000 0.000 0.000 20170412111134
B0 0000 0000 0316 0000 0700 0700 0700 0700 222.00 0.000 6.000 0.000 0.000 0.000 20170412111134
B0 0000 0000 0316 0000 0700 0700 0700 0700 222.00 0.000 6.000 0.000 0.000 0.000 20170412111134
B0 0000 0000 0316 0000 0700 0700 0700 0700 222.00 0.000 6.000 0.000 0.000 0.000 20170412111134
B0 0000 0000 0316 0000 0700 0700 0700 0700 222.00 0.000 6.000 0.000 0.000 0.000 20170412111134
B0 0000 0000 0316 0000 0700 0700 0700 0700 223.00 0.000 6.000 0.000 0.000 0.000 20170412111134
B0 0000 0000 0316 0000 0700 0700 0700 0700 222.00 0.000 6.000 0.000 0.000 0.000 20170412111134
B0 0000 0000 0316 0000 0700 0700 0700 0700 222.00 0.000 6.000 0.000 0.000 0.000 20170412111135
B0 0000 0000 0316 0000 0700 0700 0700 0700 222.00 0.000 6.000 0.000 0.000 0.000 20170412111135
B0 0000 0000 0316 0000 0700 0700 0700 0700 222.00 0.000 6.000 0.000 0.000 0.000 20170412111135
B0 0000 0000 0316 0000 0700 0700 0700 0700 223.00 0.000 6.000 0.000 0.000 0.000 20170412111135
B0 0000 0000 0316 0000 0700 0700 0700 0700 223.00 0.000 6.000 0.000 0.000 0.000 20170412111135
B0 0000 0000 0316 0000 0700 0700 0700 0700 222.00 0.000 6.000 0.000 0.000 0.000 20170412111135
B0 0000 0000 0316 0000 0700 0700 0700 0700 222.00 0.000 6.000 0.000 0.000 0.000 20170412111135
B0 0000 0000 0316 0000 0700 0700 0700 0700 222.00 0.000 6.000 0.000 0.000 0.000 20170412111135
B0 0000 0000 0316 0000 0700 0700 0700 0700 223.00 0.000 6.000 0.000 0.000 0.000 20170412111136
B0 0000 0000 0316 0000 0700 0700 0700 0700 223.00 0.000 6.000 0.000 0.000 0.000 20170412111136
B0 0000 0000 0316 0000 0700 0700 0700 0700 223.00 0.000 6.000 0.000 0.000 0.000 20170412111136
B0 0000 0000 0316 0000 0700 0700 0700 0700 222.00 0.000 6.000 0.000 0.000 0.000 20170412111136
B0 0000 0000 0316 0000 0700 0700 0700 0700 222.00 0.000 6.000 0.000 0.000 0.000 20170412111136
B0 0000 0000 0316 0000 0700 0700 0700 0700 222.00 0.000 6.000 0.000 0.000 0.000 20170412111136
B0 0000 0000 0316 0000 0700 0700 0700 0700 223.00 0.000 6.000 0.000 0.000 0.000 20170412111136
B0 0000 0000 0316 0000 0700 0700 0700 0700 223.00 0.000 6.000 0.000 0.000 0.000 20170412111136
B0 0000 0000 0316 0000 0700 0700 0700 0700 223.00 0.000 6.000 0.000 0.000 0.000 20170412111136
B0 0000 0000 0316 0000 0700 0700 0700 0700 223.00 0.000 6.000 0.000 0.000 0.000 20170412111137
B0 0000 0000 0316 0000 0700 0700 0700 0700 222.00 0.000 6.000 0.000 0.000 0.000 20170412111137
B0 0000 0000 0316 0000 0700 0700 0700 0700 223.00 0.000 6.000 0.000 0.000 0.000 20170412111137
B0 0000 0000 0316 0000 0700 0700 0700 0700 223.00 0.000 6.000 0.000 0.000 0.000 20170412111137
B0 0000 0000 0316 0000 0700 0700 0700 0700 223.00 0.000 6.000 0.000 0.000 0.000 20170412111137
B0 0000 0000 0316 0000 0700 0700 0700 0700 223.00 0.000 6.000 0.000 0.000 0.000 20170412111137
B0 0000 0000 0316 0000 0700 0700 0700 0700 223.00 0.000 6.000 0.000 0.000 0.000 20170412111137
B0 0000 0000 0316 0000 0700 0700 0700 0700 223.00 0.000 6.000 0.000 0.000 0.000 20170412111137
B0 0000 0000 0316 0000 0700 0700 0700 0700 223.00 0.000 6.000 0.000 0.000 0.000 20170412111137
B0 0000 0000 0316 0000 0700 0700 0700 0700 223.00 0.000 6.000 0.000 0.000 0.000 20170412111138
B0 0000 0000 0316 0000 0700 0700 0700 0700 223.00 0.000 6.000 0.000 0.000 0.000 20170412111138
B0 0000 0000 0316 0000 0700 0700 0700 0700 223.00 0.000 6.000 0.000 0.000 0.000 20170412111138
B0 0000 0000 0316 0000 0700 0700 0700 0700 222.00 0.000 6.000 0.000 0.000 0.000 20170412111138
B0 0000 0000 0316 0000 0700 0700 0700 0700 222.00 0.000 6.000 0.000 0.000 0.000 20170412111138
B0 0000 0000 0316 0000 0700 0700 0700 0700 223.00 0.000 6.000 0.000 0.000 0.000 20170412111138
B0 0000 0000 0316 0000 0700 0700 0700 0700 223.00 0.000 6.000 0.000 0.000 0.000 20170412111138
B0 0000 0000 0316 0000 0700 0700 0700 0700 223.00 0.000 6.000 0.000 0.000 0.000 20170412111138
B0 0000 0000 0316 0000 0700 0700 0700 0700 222.00 0.000 6.000 0.000 0.000 0.000 20170412111138
B0 0000 0000 0316 0000 0700 0700 0700 0700 222.00 0.000 6.000 0.000 0.000 0.000 20170412111139
B0 0000 0000 0316 0000 0700 0700 0700 0700 222.00 0.000 6.000 0.000 0.000 0.000 20170412111139
B0 0000 0000 0316 0000 0700 0700 0700 0700 222.00 0.000 6.000 0.000 0.000 0.000 20170412111139
B0 0000 0000 0316 0000 0700 0700 0700 0700 222.00 0.000 6.000 0.000 0.000 0.000 20170412111139
B0 0000 0000 0316 0000 0700 0700 0700 0700 222.00 0.000 6.000 0.000 0.000 0.000 20170412111139
B0 0000 0000 0316 0000 0700 0700 0700 0700 222.00 0.000 6.000 0.000 0.000 0.000 20170412111139
B0 0000 0000 0316 0000 0700 0700 0700 0700 222.00 0.000 6.000 0.000 0.000 0.000 20170412111139
B0 0000 0000 0316 0000 0700 0700 0700 0700 223.00 0.000 6.000 0.000 0.000 0.000 20170412111139
B0 0000 0000 0316 0000 0700 0700 0700 0700 223.00 0.000 6.000 0.000 0.000 0.000 20170412111139
B0 0000 0000 0316 0000 0700 0700 0700 0700 223.00 0.000 6.000 0.000 0.000 0.000 20170412111140
B0 0000 0000 0316 0000 0700 0700 0700 0700 222.00 0.000 6.000 0.000 0.000 0.000 20170412111140
B0 0000 0000 0316 0000 0700 0700 0700 0700 222.00 0.000 6.000 0.000 0.000 0.000 20170412111140
B0 0000 0000 0316 0000 0700 0700 0700 0700 222.00 0.000 6.000 0.000 0.000 0.000 20170412111140
B0 0000 0000 0316 0000 0700 0700 0700 0700 222.00 0.000 6.000 0.000 0.000 0.000 20170412111140
B0 0000 0000 0316 0000 0700 0700 0700 0700 222.00 0.000 6.000 0.000 0.000 0.000 20170412111140
B0 0000 0000 0316 0000 0700 0700 0700 0700 223.00 0.000 6.000 0.000 0.000 0.000 20170412111140
B0 0000 0000 0316 0000 0700 0700 0700 0700 223.00 0.000 6.000 0.000 0.000 0.000 20170412111140
B0 0000 0000 0316 0000 0700 0700 0700 0700 222.00 0.000 6.000 0.000 0.000 0.000 20170412111140
B0 0000 0000 0316 0000 0700 0700 0700 0700 222.00 0.000 6.000 0.000 0.000 0.000 20170412111141
B0 0000 0000 0316 0000 0700 0700 0700 0700 223.00 0.000 6.000 0.000 0.000 0.000 20170412111141
B0 0000 0000 0316 0000 0700 0700 0700 0700 223.00 0.000 6.000 0.000 0.000 0.000 20170412111141
B0 0000 0000 0316 0000 0700 0700 0700 0700 223.00 0.000 6.000 0.000 0.000 0.000 20170412111141
B0 0000 0000 0316 0000 0700 0700 0700 0700 222.00 0.000 6.000 0.000 0.000 0.000 20170412111141
B0 0000 0000 0316 0000 0700 0700 0700 0700 222.00 0.000 6.000 0.000 0.000 0.000 20170412111141
B0 0000 0000 0316 0000 0700 0700 0700 0700 222.00 0.000 6.000 0.000 0.000 0.000 20170412111141
B0 0000 0000 0316 0000 0700 0700 0700 0700 223.00 0.000 6.000 0.000 0.000 0.000 20170412111141
B0 0000 0000 0316 0000 0700 0700 0700 0700 223.00 0.000 6.000 0.000 0.000 0.000 20170412111142
B0 0000 0000 0316 0000 0700 0700 0700 0700 223.00 0.000 6.000 0.000 0.000 0.000 20170412111142
B0 0000 0000 0316 0000 0700 0700 0700 0700 222.00 0.000 6.000 0.000 0.000 0.000 20170412111142
B0 0000 0000 0316 0000 0700 0700 0700 0700 222.00 0.000 6.000 0.000 0.000 0.000 20170412111142
B0 0000 0000 0316 0000 0700 0700 0700 0700 223.00 0.000 6.000 0.000 0.000 0.000 20170412111142
B0 0000 0000 0316 0000 0700 0700 0700 0700 223.00 0.000 6.000 0.000 0.000 0.000 20170412111142
B0 0000 0000 0316 0000 0700 0700 0700 0700 223.00 0.000 6.000 0.000 0.000 0.000 20170412111142
B0 0000 0000 0316 0000 0700 0700 0700 0700 223.00 0.000 6.000 0.000 0.000 0.000 20170412111142
B0 0000 0000 0316 0000 0700 0700 0700 0700 222.00 0.000 6.000 0.000 0.000 0.000 20170412111142
B0 0000 0000 0316 0000 0700 0700 0700 0700 223.00 0.000 6.000 0.000 0.000 0.000 20170412111143
B0 0000 0000 0316 0000 0700 0700 0700 0700 223.00 0.000 6.000 0.000 0.000 0.000 20170412111143
B0 0000 0000 0316 0000 0700 0700 0700 0700 223.00 0.000 6.000 0.000 0.000 0.000 20170412111143
B0 0000 0000 0316 0000 0700 0700 0700 0700 223.00 0.000 6.000 0.000 0.000 0.000 20170412111143
B0 0000 0000 0316 0000 0700 0700 0700 0700 222.00 0.000 6.000 0.000 0.000 0.000 20170412111143
B0 0000 0000 0316 0000 0700 0700 0700 0700 222.00 0.000 6.000 0.000 0.000 0.000 20170412111143
B0 0000 0000 0316 0000 0700 0700 0700 0700 223.00 0.000 6.000 0.000 0.000 0.000 20170412111143
B0 0000 0000 0316 0000 0700 0700 0700 0700 223.00 0.000 6.000 0.000 0.000 0.000 20170412111143
B0 0000 0000 0316 0000 0700 0700 0700 0700 223.00 0.000 6.000 0.000 0.000 0.000 20170412111144
B0 0000 0000 0316 0000 0700 0700 0700 0700 222.00 0.000 6.000 0.000 0.000 0.000 20170412111144
B0 0000 0000 0316 0000 0700 0700 0700 0700 222.00 0.000 6.000 0.000 0.000 0.000 20170412111144
B0 0000 0000 0316 0000 0700 0700 0700 0700 222.00 0.000 6.000 0.000 0.000 0.000 20170412111144
B0 0000 0000 0316 0000 0700 0700 0700 0700 222.00 0.000 6.000 0.000 0.000 0.000 20170412111144
B0 0000 0000 0316 0000 0700 0700 0700 0700 222.00 0.000 6.000 0.000 0.000 0.000 20170412111144
B0 0000 0000 0316 0000 0700 0700 0700 0700 222.00 0.000 6.000 0.000 0.000 0.000 20170412111144
B0 0000 0000 0316 0000 0700 0700 0700 0700 222.00 0.000 6.000 0.000 0.000 0.000 20170412111144
B0 0000 0000 0316 0000 0700 0700 0700 0700 222.00 0.000 6.000 0.000 0.000 0.000 20170412111145
B0 0000 0000 0316 0000 0700 0700 0700 0700 223.00 0.000 6.000 0.000 0.000 0.000 20170412111145
B0 0000 0000 0316 0000 0700 0700 0700 0700 223.00 0.000 6.000 0.000 0.000 0.000 20170412111145
B0 0000 0000 0316 0000 0700 0700 0700 0700 223.00 0.000 6.000 0.000 0.000 0.000 20170412111145
B0 0000 0000 0316 0000 0700 0700 0700 0700 222.00 0.000 6.000 0.000 0.000 0.000 20170412111145
B0 0000 0000 0316 0000 0700 0700 0700 0700 222.00 0.000 6.000 0.000 0.000 0.000 20170412111145
B0 0000 0000 0316 0000 0700 0700 0700 0700 222.00 0.000 6.000 0.000 0.000 0.000 20170412111145
B0 0000 0000 0316 0000 0700 0700 0700 0700 223.00 0.000 6.000 0.000 0.000 0.000 20170412111145
B0 0000 0000 0316 0000 0700 0700 0700 0700 223.00 0.000 6.000 0.000 0.000 0.000 20170412111145
B0 0000 0000 0316 0000 0700 0700 0700 0700 222.00 0.000 6.000 0.000 0.000 0.000 20170412111146
B0 0000 0000 0316 0000 0700 0700 0700 0700 222.00 0.000 6.000 0.000 0.000 0.000 20170412111146
B0 0000 0000 0316 0000 0700 0700 0700 0700 222.00 0.000 6.000 0.000 0.000 0.000 20170412111146
B0 0000 0000 0316 0000 0700 0700 0700 0700 223.00 0.000 6.000 0.000 0.000 0.000 20170412111146
B0 0000 0000 0316 0000 0700 0700 0700 0700 222.00 0.000 6.000 0.000 0.000 0.000 20170412111146
B0 0000 0000 0316 0000 0700 0700 0700 0700 222.00 0.000 6.000 0.000 0.000 0.000 20170412111146
B0 0000 0000 0316 0000 0700 0700 0700 0700 222.00 0.000 6.000 0.000 0.000 0.000 20170412111146
B0 0000 0000 0316 0000 0700 0700 0700 0700 222.00 0.000 6.000 0.000 0.000 0.000 20170412111146
B0 0000 0000 0316 0000 0700 0700 0700 0700 222.00 0.000 6.000 0.000 0.000 0.000 20170412111147
B0 0000 0000 0316 0000 0700 0700 0700 0700 223.00 0.000 6.000 0.000 0.000 0.000 20170412111147
B0 0000 0000 0316 0000 0700 0700 0700 0700 223.00 0.000 6.000 0.000 0.000 0.000 20170412111147
B0 0000 0000 0316 0000 0700 0700 0700 0700 222.00 0.000 6.000 0.000 0.000 0.000 20170412111147
B0 0000 0000 0316 0000 0700 0700 0700 0700 222.00 0.000 6.000 0.000 0.000 0.000 20170412111147
B0 0000 0000 0316 0000 0700 0700 0700 0700 222.00 0.000 6.000 0.000 0.000 0.000 20170412111147
B0 0000 0000 0316 0000 0700 0700 0700 0700 222.00 0.000 6.000 0.000 0.000 0.000 20170412111147
B0 0000 0000 0316 0000 0700 0700 0700 0700 223.00 0.000 6.000 0.000 0.000 0.000 20170412111147
B0 0000 0000 0316 0000 0700 0700 0700 0700 223.00 0.000 6.000 0.000 0.000 0.000 20170412111147
B0 0000 0000 0316 0000 0700 0700 0700 0700 222.00 0.000 6.000 0.000 0.000 0.000 20170412111148
B0 0000 0000 0316 0000 0700 0700 0700 0700 222.00 0.000 6.000 0.000 0.000 0.000 20170412111148
B0 0000 0000 0316 0000 0700 0700 0700 0700 222.00 0.000 6.000 0.000 0.000 0.000 20170412111148
B0 0000 0000 0316 0000 0700 0700 0700 0700 222.00 0.000 6.000 0.000 0.000 0.000 20170412111148
B0 0000 0000 0316 0000 0700 0700 0700 0700 222.00 0.000 6.000 0.000 0.000 0.000 20170412111148
B0 0000 0000 0316 0000 0700 0700 0700 0700 222.00 0.000 6.000 0.000 0.000 0.000 20170412111148
B0 0000 0000 0316 0000 0700 0700 0700 0700 222.00 0.000 6.000 0.000 0.000 0.000 20170412111148
B0 0000 0000 0316 0000 0700 0700 0700 0700 222.00 0.000 6.000 0.000 0.000 0.000 20170412111148
B0 0000 0000 0316 0000 0700 0700 0700 0700 223.00 0.000 6.000 0.000 0.000 0.000 20170412111149
B0 0000 0000 0316 0000 0700 0700 0700 0700 223.00 0.000 6.000 0.000 0.000 0.000 20170412111149
B0 0000 0000 0316 0000 0700 0700 0700 0700 222.00 0.000 6.000 0.000 0.000 0.000 20170412111149
B0 0000 0000 0316 0000 0700 0700 0700 0700 222.00 0.000 6.000 0.000 0.000 0.000 20170412111149
B0 0000 0000 0316 0000 0700 0700 0700 0700 222.00 0.000 6.000 0.000 0.000 0.000 20170412111149
B0 0000 0000 0316 0000 0700 0700 0700 0700 222.00 0.000 6.000 0.000 0.000 0.000 20170412111149
B0 0000 0000 0316 0000 0700 0700 0700 0700 223.00 0.000 6.000 0.000 0.000 0.000 20170412111149
B0 0000 0000 0316 0000 0700 0700 0700 0700 223.00 0.000 6.000 0.000 0.000 0.000 20170412111149
B0 0000 0000 0316 0000 0700 0700 0700 0700 223.00 0.000 6.000 0.000 0.000 0.000 20170412111149
B0 0000 0000 0316 0000 0700 0700 0700 0700 222.00 0.000 6.000 0.000 0.000 0.000 20170412111150
B0 0000 0000 0316 0000 0700 0700 0700 0700 223.00 0.000 6.000 0.000 0.000 0.000 20170412111150
B0 0000 0000 0316 0000 0700 0700 0700 0700 223.00 0.000 6.000 0.000 0.000 0.000 20170412111150
B0 0000 0000 0316 0000 0700 0700 0700 0700 223.00 0.000 6.000 0.000 0.000 0.000 20170412111150
B0 0000 0000 0316 0000 0700 0700 0700 0700 222.00 0.000 6.000 0.000 0.000 0.000 20170412111150
B0 0000 0000 0316 0000 0700 0700 0700 0700 222.00 0.000 6.000 0.000 0.000 0.000 20170412111150
B0 0000 0000 0316 0000 0700 0700 0700 0700 222.00 0.000 6.000 0.000 0.000 0.000 20170412111150
B0 0000 0000 0316 0000 0700 0700 0700 0700 222.00 0.000 6.000 0.000 0.000 0.000 20170412111150
B0 0000 0000 0316 0000 0700 0700 0700 0700 223.00 0.000 6.000 0.000 0.000 0.000 20170412111151
B0 0000 0000 0316 0000 0700 0700 0700 0700 222.00 0.000 6.000 0.000 0.000 0.000 20170412111151
B0 0000 0000 0316 0000 0700 0700 0700 0700 222.00 0.000 6.000 0.000 0.000 0.000 20170412111151
B0 0000 0000 0316 0000 0700 0700 0700 0700 222.00 0.000 6.000 0.000 0.000 0.000 20170412111151
B0 0000 0000 0316 0000 0700 0700 0700 0700 222.00 0.000 6.000 0.000 0.000 0.000 20170412111151
B0 0000 0000 0316 0000 0700 0700 0700 0700 223.00 0.000 6.000 0.000 0.000 0.000 20170412111151
B0 0000 0000 0316 0000 0700 0700 0700 0700 223.00 0.000 6.000 0.000 0.000 0.000 20170412111151
B0 0000 0000 0316 0000 0700 0700 0700 0700 222.00 0.000 6.000 0.000 0.000 0.000 20170412111151
B0 0000 0000 0316 0000 0700 0700 0700 0700 222.00 0.000 6.000 0.000 0.000 0.000 20170412111151
B0 0000 0000 0316 0000 0700 0700 0700 0700 222.00 0.000 6.000 0.000 0.000 0.000 20170412111152
B0 0000 0000 0316 0000 0700 0700 0700 0700 222.00 0.000 6.000 0.000 0.000 0.000 20170412111152
B0 0000 0000 0316 0000 0700 0700 0700 0700 222.00 0.000 6.000 0.000 0.000 0.000 20170412111152
B0 0000 0000 0316 0000 0700 0700 0700 0700 222.00 0.000 6.000 0.000 0.000 0.000 20170412111152
B0 0000 0000 0316 0000 0700 0700 0700 0700 222.00 0.000 6.000 0.000 0.000 0.000 20170412111152
B0 0000 0000 0316 0000 0700 0700 0700 0700 222.00 0.000 6.000 0.000 0.000 0.000 20170412111152
B0 0000 0000 0316 0000 0700 0700 0700 0700 222.00 0.000 6.000 0.000 0.000 0.000 20170412111152
B0 0000 0000 0316 0000 0700 0700 0700 0700 223.00 0.000 6.000 0.000 0.000 0.000 20170412111152
B0 0000 0000 0316 0000 0700 0700 0700 0700 222.00 0.000 6.000 0.000 0.000 0.000 20170412111153
B0 0000 0000 0316 0000 0700 0700 0700 0700 222.00 0.000 6.000 0.000 0.000 0.000 20170412111153
B0 0000 0000 0316 0000 0700 0700 0700 0700 222.00 0.000 6.000 0.000 0.000 0.000 20170412111153
B0 0000 0000 0316 0000 0700 0700 0700 0700 222.00 0.000 6.000 0.000 0.000 0.000 20170412111153
B0 0000 0000 0316 0000 0700 0700 0700 0700 222.00 0.000 6.000 0.000 0.000 0.000 20170412111153
B0 0000 0000 0316 0000 0700 0700 0700 0700 223.00 0.000 6.000 0.000 0.000 0.000 20170412111153
B0 0000 0000 0316 0000 0700 0700 0700 0700 222.00 0.000 6.000 0.000 0.000 0.000 20170412111153
B0 0000 0000 0316 0000 0700 0700 0700 0700 222.00 0.000 6.000 0.000 0.000 0.000 20170412111153
B0 0000 0000 0316 0000 0700 0700 0700 0700 222.00 0.000 6.000 0.000 0.000 0.000 20170412111154
B0 0000 0000 0316 0000 0700 0700 0700 0700 222.00 0.000 6.000 0.000 0.000 0.000 20170412111154
B0 0000 0000 0316 0000 0700 0700 0700 0700 222.00 0.000 6.000 0.000 0.000 0.000 20170412111154
B0 0000 0000 0316 0000 0700 0700 0700 0700 222.00 0.000 6.000 0.000 0.000 0.000 20170412111154
B0 0000 0000 0316 0000 0700 0700 0700 0700 222.00 0.000 6.000 0.000 0.000 0.000 20170412111154
B0 0000 0000 0316 0000 0700 0700 0700 0700 222.00 0.000 6.000 0.000 0.000 0.000 20170412111154
B0 0000 0000 0316 0000 0700 0700 0700 0700 222.00 0.000 6.000 0.000 0.000 0.000 20170412111154
B0 0000 0000 0316 0000 0700 0700 0700 0700 222.00 0.000 6.000 0.000 0.000 0.000 20170412111154
B0 0000 0000 0316 0000 0700 0700 0700 0700 223.00 0.000 6.000 0.000 0.000 0.000 20170412111154
B0 0000 0000 0316 0000 0700 0700 0700 0700 222.00 0.000 6.000 0.000 0.000 0.000 20170412111155
B0 0000 0000 0316 0000 0700 0700 0700 0700 222.00 0.000 6.000 0.000 0.000 0.000 20170412111155
B0 0000 0000 0316 0000 0700 0700 0700 0700 222.00 0.000 6.000 0.000 0.000 0.000 20170412111155
B0 0000 0000 0316 0000 0700 0700 0700 0700 222.00 0.000 6.000 0.000 0.000 0.000 20170412111155
B0 0000 0000 0316 0000 0700 0700 0700 0700 223.00 0.000 6.000 0.000 0.000 0.000 20170412111155
B0 0000 0000 0316 0000 0700 0700 0700 0700 223.00 0.000 6.000 0.000 0.000 0.000 20170412111155
B0 0000 0000 0316 0000 0700 0700 0700 0700 222.00 0.000 6.000 0.000 0.000 0.000 20170412111155
B0 0000 0000 0316 0000 0700 0700 0700 0700 222.00 0.000 6.000 0.000 0.000 0.000 20170412111155
B0 0000 0000 0316 0000 0700 0700 0700 0700 222.00 0.000 6.000 0.000 0.000 0.000 20170412111156
B0 0000 0000 0316 0000 0700 0700 0700 0700 222.00 0.000 6.000 0.000 0.000 0.000 20170412111156
B0 0000 0000 0316 0000 0700 0700 0700 0700 222.00 0.000 6.000 0.000 0.000 0.000 20170412111156
B0 0000 0000 0316 0000 0700 0700 0700 0700 222.00 0.000 6.000 0.000 0.000 0.000 20170412111156
B0 0000 0000 0316 0000 0700 0700 0700 0700 222.00 0.000 6.000 0.000 0.000 0.000 20170412111156
B0 0000 0000 0316 0000 0700 0700 0700 0700 222.00 0.000 6.000 0.000 0.000 0.000 20170412111156
B0 0000 0000 0316 0000 0700 0700 0700 0700 222.00 0.000 6.000 0.000 0.000 0.000 20170412111156
B0 0000 0000 0316 0000 0700 0700 0700 0700 223.00 0.000 6.000 0.000 0.000 0.000 20170412111156
B0 0000 0000 0316 0000 0700 0700 0700 0700 222.00 0.000 6.000 0.000 0.000 0.000 20170412111156
B0 0000 0000 0316 0000 0700 0700 0700 0700 222.00 0.000 6.000 0.000 0.000 0.000 20170412111157
B0 0000 0000 0316 0000 0700 0700 0700 0700 222.00 0.000 6.000 0.000 0.000 0.000 20170412111157
B0 0000 0000 0316 0000 0700 0700 0700 0700 222.00 0.000 6.000 0.000 0.000 0.000 20170412111157
B0 0000 0000 0316 0000 0700 0700 0700 0700 223.00 0.000 6.000 0.000 0.000 0.000 20170412111157
B0 0000 0000 0316 0000 0700 0700 0700 0700 223.00 0.000 6.000 0.000 0.000 0.000 20170412111157
B0 0000 0000 0316 0000 0700 0700 0700 0700 222.00 0.000 6.000 0.000 0.000 0.000 20170412111157
B0 0000 0000 0316 0000 0700 0700 0700 0700 222.00 0.000 6.000 0.000 0.000 0.000 20170412111157
B0 0000 0000 0316 0000 0700 0700 0700 0700 222.00 0.000 6.000 0.000 0.000 0.000 20170412111157
B0 0000 0000 0316 0000 0700 0700 0700 0700 222.00 0.000 6.000 0.000 0.000 0.000 20170412111158
B0 0000 0000 0316 0000 0700 0700 0700 0700 223.00 0.000 6.000 0.000 0.000 0.000 20170412111158
B0 0000 0000 0316 0000 0700 0700 0700 0700 222.00 0.000 6.000 0.000 0.000 0.000 20170412111158
B0 0000 0000 0316 0000 0700 0700 0700 0700 222.00 0.000 6.000 0.000 0.000 0.000 20170412111158
B0 0000 0000 0316 0000 0700 0700 0700 0700 222.00 0.000 6.000 0.000 0.000 0.000 20170412111158
B0 0000 0000 0316 0000 0700 0700 0700 0700 222.00 0.000 6.000 0.000 0.000 0.000 20170412111158
B0 0000 0000 0316 0000 0700 0700 0700 0700 222.00 0.000 6.000 0.000 0.000 0.000 20170412111158
B0 0000 0000 0316 0000 0700 0700 0700 0700 222.00 0.000 6.000 0.000 0.000 0.000 20170412111158
B0 0000 0000 0316 0000 0700 0700 0700 0700 222.00 0.000 6.000 0.000 0.000 0.000 20170412111159
B0 0000 0000 0316 0000 0700 0700 0700 0700 222.00 0.000 6.000 0.000 0.000 0.000 20170412111159
B0 0000 0000 0316 0000 0700 0700 0700 0700 222.00 0.000 6.000 0.000 0.000 0.000 20170412111159
B0 0000 0000 0316 0000 0700 0700 0700 0700 222.00 0.000 6.000 0.000 0.000 0.000 20170412111159
B0 0000 0000 0316 0000 0700 0700 0700 0700 223.00 0.000 6.000 0.000 0.000 0.000 20170412111159
B0 0000 0000 0316 0000 0700 0700 0700 0700 222.00 0.000 6.000 0.000 0.000 0.000 20170412111159
B0 0000 0000 0316 0000 0700 0700 0700 0700 222.00 0.000 6.000 0.000 0.000 0.000 20170412111159
B0 0000 0000 0316 0000 0700 0700 0700 0700 222.00 0.000 6.000 0.000 0.000 0.000 20170412111159
B0 0000 0000 0316 0000 0700 0700 0700 0700 222.00 0.000 6.000 0.000 0.000 0.000 20170412111159
B0 0000 0000 0316 0000 0700 0700 0700 0700 223.00 0.000 6.000 0.000 0.000 0.000 20170412111200
B0 0000 0000 0316 0000 0700 0700 0700 0700 222.00 0.000 6.000 0.000 0.000 0.000 20170412111200
B0 0000 0000 0316 0000 0700 0700 0700 0700 222.00 0.000 6.000 0.000 0.000 0.000 20170412111200
B0 0000 0000 0316 0000 0700 0700 0700 0700 222.00 0.000 6.000 0.000 0.000 0.000 20170412111200
B0 0000 0000 0316 0000 0700 0700 0700 0700 222.00 0.000 6.000 0.000 0.000 0.000 20170412111200
B0 0000 0000 0316 0000 0700 0700 0700 0700 222.00 0.000 6.000 0.000 0.000 0.000 20170412111200
B0 0000 0000 0316 0000 0700 0700 0700 0700 222.00 0.000 6.000 0.000 0.000 0.000 20170412111200
B0 0000 0000 0316 0000 0700 0700 0700 0700 222.00 0.000 6.000 0.000 0.000 0.000 20170412111200
B0 0000 0000 0316 0000 0700 0700 0700 0700 222.00 0.000 6.000 0.000 0.000 0.000 20170412111201
B0 0000 0000 0316 0000 0700 0700 0700 0700 222.00 0.000 6.000 0.000 0.000 0.000 20170412111201
B0 0000 0000 0316 0000 0700 0700 0700 0700 222.00 0.000 6.000 0.000 0.000 0.000 20170412111201
B0 0000 0000 0316 0000 0700 0700 0700 0700 223.00 0.000 6.000 0.000 0.000 0.000 20170412111201
B0 0000 0000 0316 0000 0700 0700 0700 0700 223.00 0.000 6.000 0.000 0.000 0.000 20170412111201
B0 0000 0000 0316 0000 0700 0700 0700 0700 222.00 0.000 6.000 0.000 0.000 0.000 20170412111201
B0 0000 0000 0316 0000 0700 0700 0700 0700 222.00 0.000 6.000 0.000 0.000 0.000 20170412111201
B0 0000 0000 0316 0000 0700 0700 0700 0700 222.00 0.000 6.000 0.000 0.000 0.000 20170412111201
B0 0000 0000 0316 0000 0700 0700 0700 0700 223.00 0.000 6.000 0.000 0.000 0.000 20170412111201
B0 0000 0000 0316 0000 0700 0700 0700 0700 223.00 0.000 6.000 0.000 0.000 0.000 20170412111202
B0 0000 0000 0316 0000 0700 0700 0700 0700 222.00 0.000 6.000 0.000 0.000 0.000 20170412111202
B0 0000 0000 0316 0000 0700 0700 0700 0700 222.00 0.000 6.000 0.000 0.000 0.000 20170412111202
B0 0000 0000 0316 0000 0700 0700 0700 0700 222.00 0.000 6.000 0.000 0.000 0.000 20170412111202
B0 0000 0000 0316 0000 0700 0700 0700 0700 222.00 0.000 6.000 0.000 0.000 0.000 20170412111202
B0 0000 0000 0316 0000 0700 0700 0700 0700 223.00 0.000 6.000 0.000 0.000 0.000 20170412111202
B0 0000 0000 0316 0000 0700 0700 0700 0700 222.00 0.000 6.000 0.000 0.000 0.000 20170412111202
B0 0000 0000 0316 0000 0700 0700 0700 0700 222.00 0.000 6.000 0.000 0.000 0.000 20170412111202
B0 0000 0000 0316 0000 0700 0700 0700 0700 222.00 0.000 6.000 0.000 0.000 0.000 20170412111203
B0 0000 0000 0316 0000 0700 0700 0700 0700 222.00 0.000 6.000 0.000 0.000 0.000 20170412111203
B0 0000 0000 0316 0000 0700 0700 0700 0700 223.00 0.000 6.000 0.000 0.000 0.000 20170412111203
B0 0000 0000 0316 0000 0700 0700 0700 0700 223.00 0.000 6.000 0.000 0.000 0.000 20170412111203
B0 0000 0000 0316 0000 0700 0700 0700 0700 222.00 0.000 6.000 0.000 0.000 0.000 20170412111203
B0 0000 0000 0316 0000 0700 0700 0700 0700 222.00 0.000 6.000 0.000 0.000 0.000 20170412111203
B0 0000 0000 0316 0000 0700 0700 0700 0700 222.00 0.000 6.000 0.000 0.000 0.000 20170412111203
B0 0000 0000 0316 0000 0700 0700 0700 0700 222.00 0.000 6.000 0.000 0.000 0.000 20170412111203
B0 0000 0000 0316 0000 0700 0700 0700 0700 222.00 0.000 6.000 0.000 0.000 0.000 20170412111204
B0 0000 0000 0316 0000 0700 0700 0700 0700 222.00 0.000 6.000 0.000 0.000 0.000 20170412111204
B0 0000 0000 0316 0000 0700 0700 0700 0700 222.00 0.000 6.000 0.000 0.000 0.000 20170412111204
B0 0000 0000 0316 0000 0700 0700 0700 0700 222.00 0.000 6.000 0.000 0.000 0.000 20170412111204
B0 0000 0000 0316 0000 0700 0700 0700 0700 222.00 0.000 6.000 0.000 0.000 0.000 20170412111204
B0 0000 0000 0316 0000 0700 0700 0700 0700 223.00 0.000 6.000 0.000 0.000 0.000 20170412111204
B0 0000 0000 0316 0000 0700 0700 0700 0700 222.00 0.000 6.000 0.000 0.000 0.000 20170412111204
B0 0000 0000 0316 0000 0700 0700 0700 0700 222.00 0.000 6.000 0.000 0.000 0.000 20170412111204
B0 0000 0000 0316 0000 0700 0700 0700 0700 222.00 0.000 6.000 0.000 0.000 0.000 20170412111204
B0 0000 0000 0316 0000 0700 0700 0700 0700 222.00 0.000 6.000 0.000 0.000 0.000 20170412111205
B0 0000 0000 0316 0000 0700 0700 0700 0700 223.00 0.000 6.000 0.000 0.000 0.000 20170412111205
B0 0000 0000 0316 0000 0700 0700 0700 0700 223.00 0.000 6.000 0.000 0.000 0.000 20170412111205
B0 0000 0000 0316 0000 0700 0700 0700 0700 222.00 0.000 6.000 0.000 0.000 0.000 20170412111205
B0 0000 0000 0316 0000 0700 0700 0700 0700 223.00 0.000 6.000 0.000 0.000 0.000 20170412111205
B0 0000 0000 0316 0000 0700 0700 0700 0700 223.00 0.000 6.000 0.000 0.000 0.000 20170412111205
B0 0000 0000 0316 0000 0700 0700 0700 0700 223.00 0.000 6.000 0.000 0.000 0.000 20170412111205
B0 0000 0000 0316 0000 0700 0700 0700 0700 223.00 0.000 6.000 0.000 0.000 0.000 20170412111205
B0 0000 0000 0316 0000 0700 0700 0700 0700 223.00 0.000 6.000 0.000 0.000 0.000 20170412111206
B0 0000 0000 0316 0000 0700 0700 0700 0700 223.00 0.000 6.000 0.000 0.000 0.000 20170412111206
B0 0000 0000 0316 0000 0700 0700 0700 0700 223.00 0.000 6.000 0.000 0.000 0.000 20170412111206
B0 0000 0000 0316 0000 0700 0700 0700 0700 223.00 0.000 6.000 0.000 0.000 0.000 20170412111206
B0 0000 0000 0316 0000 0700 0700 0700 0700 223.00 0.000 6.000 0.000 0.000 0.000 20170412111206
B0 0000 0000 0316 0000 0700 0700 0700 0700 223.00 0.000 6.000 0.000 0.000 0.000 20170412111206
B0 0000 0000 0316 0000 0700 0700 0700 0700 223.00 0.000 6.000 0.000 0.000 0.000 20170412111206
B0 0000 0000 0316 0000 0700 0700 0700 0700 223.00 0.000 6.000 0.000 0.000 0.000 20170412111206
B0 0000 0000 0316 0000 0700 0700 0700 0700 223.00 0.000 6.000 0.000 0.000 0.000 20170412111206
B0 0000 0000 0316 0000 0700 0700 0700 0700 223.00 0.000 6.000 0.000 0.000 0.000 20170412111207
B0 0000 0000 0316 0000 0700 0700 0700 0700 223.00 0.000 6.000 0.000 0.000 0.000 20170412111207
B0 0000 0000 0316 0000 0700 0700 0700 0700 223.00 0.000 6.000 0.000 0.000 0.000 20170412111207
B0 0000 0000 0316 0000 0700 0700 0700 0700 223.00 0.000 6.000 0.000 0.000 0.000 20170412111207
B0 0000 0000 0316 0000 0700 0700 0700 0700 223.00 0.000 6.000 0.000 0.000 0.000 20170412111207
B0 0000 0000 0316 0000 0700 0700 0700 0700 223.00 0.000 6.000 0.000 0.000 0.000 20170412111207
B0 0000 0000 0316 0000 0700 0700 0700 0700 223.00 0.000 6.000 0.000 0.000 0.000 20170412111207
B0 0000 0000 0316 0000 0700 0700 0700 0700 223.00 0.000 6.000 0.000 0.000 0.000 20170412111207
B0 0000 0000 0316 0000 0700 0700 0700 0700 223.00 0.000 6.000 0.000 0.000 0.000 20170412111208
B0 0000 0000 0316 0000 0700 0700 0700 0700 223.00 0.000 6.000 0.000 0.000 0.000 20170412111208
B0 0000 0000 0316 0000 0700 0700 0700 0700 223.00 0.000 6.000 0.000 0.000 0.000 20170412111208
B0 0000 0000 0316 0000 0700 0700 0700 0700 223.00 0.000 6.000 0.000 0.000 0.000 20170412111208
B0 000B 0000 0014 0000 0700 0700 0700 0700 280.00 0.000 6.000 0.000 0.000 0.000 20170412111208
B0 000B 0000 0010 0000 0700 0700 0700 0700 199.00 0.000 6.000 0.000 0.000 0.000 20170412111208
B0 000B 0000 0010 0000 0700 0700 0700 0700 0.00 0.000 0.000 0.000 0.000 0.000 20170412111208
B0 000B 0000 0010 0000 0700 0700 0700 0700 0.00 0.000 0.000 0.000 0.000 0.000 20170412111208
B0 000B 0000 0010 0000 0700 0700 0700 0700 0.00 0.000 0.000 0.000 0.000 0.000 20170412111208
B0 000B 0000 0010 0000 0700 0700 0700 0700 0.00 0.000 0.000 0.000 0.000 0.000 20170412111209
B0 000B 0000 0010 0000 0700 0700 0700 0700 0.00 0.000 0.000 0.000 0.000 0.000 20170412111209
B0 000B 0000 0010 0000 0700 0700 0700 0700 0.00 0.000 0.000 0.000 0.000 0.000 20170412111209
B0 000B 0000 0010 0000 0700 0700 0700 0700 0.00 0.000 0.000 0.000 0.000 0.000 20170412111209
B0 000B 0000 0010 0000 0700 0700 0700 0700 0.00 0.000 0.000 0.000 0.000 0.000 20170412111209
B0 000B 0000 0010 0000 0700 0700 0700 0700 0.00 0.000 0.000 0.000 0.000 0.000 20170412111209
B0 000B 0000 0010 0000 0700 0700 0700 0700 0.00 0.000 0.000 0.000 0.000 0.000 20170412111209
B0 000B 0000 0010 0000 0700 0700 0700 0700 0.00 0.000 0.000 0.000 0.000 0.000 20170412111209
B0 000B 0000 0010 0000 0700 0700 0700 0700 0.00 0.000 0.000 0.000 0.000 0.000 20170412111210
B0 000B 0000 0010 0000 0700 0700 0700 0700 0.00 0.000 0.000 0.000 0.000 0.000 20170412111210
B0 000B 0000 0010 0000 0700 0700 0700 0700 0.00 0.000 0.000 0.000 0.000 0.000 20170412111210
B0 000B 0000 0010 0000 0700 0700 0700 0700 0.00 0.000 0.000 0.000 0.000 0.000 20170412111210
B0 000B 0000 0010 0000 0700 0700 0700 0700 0.00 0.000 0.000 0.000 0.000 0.000 20170412111210
B0 000B 0000 0010 0000 0700 0700 0700 0700 0.00 0.000 0.000 0.000 0.000 0.000 20170412111210
B0 000B 0000 0010 0000 0700 0700 0700 0700 0.00 0.000 0.000 0.000 0.000 0.000 20170412111210
B0 000B 0000 0010 0000 0700 0700 0700 0700 0.00 0.000 0.000 0.000 0.000 0.000 20170412111210
B0 000B 0000 0010 0000 0700 0700 0700 0700 0.00 0.000 0.000 0.000 0.000 0.000 20170412111210
B0 000B 0000 0010 0000 0700 0700 0700 0700 0.00 0.000 0.000 0.000 0.000 0.000 20170412111211
B0 000B 0000 0010 0000 0700 0700 0700 0700 0.00 0.000 0.000 0.000 0.000 0.000 20170412111211
B0 000B 0000 0010 0000 0700 0700 0700 0700 0.00 0.000 0.000 0.000 0.000 0.000 20170412111211
B0 000B 0000 0010 0000 0700 0700 0700 0700 0.00 0.000 0.000 0.000 0.000 0.000 20170412111211
B0 000B 0000 0010 0000 0700 0700 0700 0700 0.00 0.000 0.000 0.000 0.000 0.000 20170412111211
B0 000B 0000 0010 0000 0700 0700 0700 0700 0.00 0.000 0.000 0.000 0.000 0.000 20170412111211
B0 000B 0000 0010 0000 0700 0700 0700 0700 0.00 0.000 0.000 0.000 0.000 0.000 20170412111211
B0 000B 0000 0010 0000 0700 0700 0700 0700 0.00 0.000 0.000 0.000 0.000 0.000 20170412111211
B0 000B 0000 0010 0000 0700 0700 0700 0700 0.00 0.000 0.000 0.000 0.000 0.000 20170412111212
B0 000B 0000 0010 0000 0700 0700 0700 0700 0.00 0.000 0.000 0.000 0.000 0.000 20170412111212
B0 000B 0000 0010 0000 0700 0700 0700 0700 0.00 0.000 0.000 0.000 0.000 0.000 20170412111212
B0 000B 0000 0010 0000 0700 0700 0700 0700 0.00 0.000 0.000 0.000 0.000 0.000 20170412111212
B0 000B 0000 0010 0000 0700 0700 0700 0700 0.00 0.000 0.000 0.000 0.000 0.000 20170412111212
B0 000B 0000 0010 0000 0700 0700 0700 0700 0.00 0.000 0.000 0.000 0.000 0.000 20170412111212
B0 000B 0000 0010 0000 0700 0700 0700 0700 0.00 0.000 0.000 0.000 0.000 0.000 20170412111212
B0 000B 0000 0010 0000 0700 0700 0700 0700 0.00 0.000 0.000 0.000 0.000 0.000 20170412111212
B0 000B 0000 0010 0000 0700 0700 0700 0700 0.00 0.000 0.000 0.000 0.000 0.000 20170412111213
B0 000B 0000 0010 0000 0700 0700 0700 0700 0.00 0.000 0.000 0.000 0.000 0.000 20170412111213
B0 000B 0000 0010 0000 0700 0700 0700 0700 0.00 0.000 0.000 0.000 0.000 0.000 20170412111213
B0 000B 0000 0010 0000 0700 0700 0700 0700 0.00 0.000 0.000 0.000 0.000 0.000 20170412111213
B0 000B 0000 0010 0000 0700 0700 0700 0700 0.00 0.000 0.000 0.000 0.000 0.000 20170412111213
B0 000B 0000 0010 0000 0700 0700 0700 0700 0.00 0.000 0.000 0.000 0.000 0.000 20170412111213
B0 000B 0000 0010 0000 0700 0700 0700 0700 0.00 0.000 0.000 0.000 0.000 0.000 20170412111213
B0 000B 0000 0010 0000 0700 0700 0700 0700 0.00 0.000 0.000 0.000 0.000 0.000 20170412111213
B0 000B 0000 0010 0000 0700 0700 0700 0700 0.00 0.000 0.000 0.000 0.000 0.000 20170412111213
B0 000B 0000 0010 0000 0700 0700 0700 0700 0.00 0.000 0.000 0.000 0.000 0.000 20170412111214
B0 000B 0000 0010 0000 0700 0700 0700 0700 0.00 0.000 0.000 0.000 0.000 0.000 20170412111214
B0 000B 0000 0010 0000 0700 0700 0700 0700 0.00 0.000 0.000 0.000 0.000 0.000 20170412111214
B0 000B 0000 0010 0000 0700 0700 0700 0700 0.00 0.000 0.000 0.000 0.000 0.000 20170412111214
B0 000B 0000 0010 0000 0700 0700 0700 0700 0.00 0.000 0.000 0.000 0.000 0.000 20170412111214
B0 000B 0000 0010 0000 0700 0700 0700 0700 0.00 0.000 0.000 0.000 0.000 0.000 20170412111214
B0 000B 0000 0010 0000 0700 0700 0700 0700 0.00 0.000 0.000 0.000 0.000 0.000 20170412111214
B0 000B 0000 0010 0000 0700 0700 0700 0700 0.00 0.000 0.000 0.000 0.000 0.000 20170412111214
B0 000B 0000 0010 0000 0700 0700 0700 0700 0.00 0.000 0.000 0.000 0.000 0.000 20170412111215
B0 000B 0000 0010 0000 0700 0700 0700 0700 0.00 0.000 0.000 0.000 0.000 0.000 20170412111215
B0 000B 0000 0010 0000 0700 0700 0700 0700 0.00 0.000 0.000 0.000 0.000 0.000 20170412111215
B0 000B 0000 0010 0000 0700 0700 0700 0700 0.00 0.000 0.000 0.000 0.000 0.000 20170412111215
B0 000B 0000 0010 0000 0700 0700 0700 0700 0.00 0.000 0.000 0.000 0.000 0.000 20170412111215
B0 000B 0000 0010 0000 0700 0700 0700 0700 0.00 0.000 0.000 0.000 0.000 0.000 20170412111215
B0 000B 0000 0010 0000 0700 0700 0700 0700 0.00 0.000 0.000 0.000 0.000 0.000 20170412111215
B0 000B 0000 0010 0000 0700 0700 0700 0700 0.00 0.000 0.000 0.000 0.000 0.000 20170412111215
B0 000B 0000 0010 0000 0700 0700 0700 0700 0.00 0.000 0.000 0.000 0.000 0.000 20170412111215
B0 000B 0000 0010 0000 0700 0700 0700 0700 0.00 0.000 0.000 0.000 0.000 0.000 20170412111216
B0 000B 0000 0010 0000 0700 0700 0700 0700 0.00 0.000 0.000 0.000 0.000 0.000 20170412111216
B0 000B 0000 0010 0000 0700 0700 0700 0700 0.00 0.000 0.000 0.000 0.000 0.000 20170412111216
B0 000B 0000 0010 0000 0700 0700 0700 0700 0.00 0.000 0.000 0.000 0.000 0.000 20170412111216
B0 000B 0000 0010 0000 0700 0700 0700 0700 0.00 0.000 0.000 0.000 0.000 0.000 20170412111216
B0 000B 0000 0010 0000 0700 0700 0700 0700 0.00 0.000 0.000 0.000 0.000 0.000 20170412111216
B0 000B 0000 0010 0000 0700 0700 0700 0700 0.00 0.000 0.000 0.000 0.000 0.000 20170412111216
B0 000B 0000 0010 0000 0700 0700 0700 0700 0.00 0.000 0.000 0.000 0.000 0.000 20170412111216
B0 000B 0000 0010 0000 0700 0700 0700 0700 0.00 0.000 0.000 0.000 0.000 0.000 20170412111217
B0 000B 0000 0010 0000 0700 0700 0700 0700 0.00 0.000 0.000 0.000 0.000 0.000 20170412111217
B0 000B 0000 0010 0000 0700 0700 0700 0700 0.00 0.000 0.000 0.000 0.000 0.000 20170412111217
B0 000B 0000 0010 0000 0700 0700 0700 0700 0.00 0.000 0.000 0.000 0.000 0.000 20170412111217
B0 000B 0000 0010 0000 0700 0700 0700 0700 0.00 0.000 0.000 0.000 0.000 0.000 20170412111217
B0 000B 0000 0010 0000 0700 0700 0700 0700 0.00 0.000 0.000 0.000 0.000 0.000 20170412111217
B0 000B 0000 0010 0000 0700 0700 0700 0700 0.00 0.000 0.000 0.000 0.000 0.000 20170412111217
B0 000B 0000 0010 0000 0700 0700 0700 0700 0.00 0.000 0.000 0.000 0.000 0.000 20170412111217
B0 000B 0000 0010 0000 0700 0700 0700 0700 0.00 0.000 0.000 0.000 0.000 0.000 20170412111218
B0 000B 0000 0010 0000 0700 0700 0700 0700 0.00 0.000 0.000 0.000 0.000 0.000 20170412111218
B0 000B 0000 0010 0000 0700 0700 0700 0700 0.00 0.000 0.000 0.000 0.000 0.000 20170412111218
B0 000B 0000 0010 0000 0700 0700 0700 0700 0.00 0.000 0.000 0.000 0.000 0.000 20170412111218
B0 000B 0000 0010 0000 0700 0700 0700 0700 0.00 0.000 0.000 0.000 0.000 0.000 20170412111218
B0 000B 0000 0010 0000 0700 0700 0700 0700 0.00 0.000 0.000 0.000 0.000 0.000 20170412111218
B0 000B 0000 0010 0000 0700 0700 0700 0700 0.00 0.000 0.000 0.000 0.000 0.000 20170412111218
B0 000B 0000 0010 0000 0700 0700 0700 0700 0.00 0.000 0.000 0.000 0.000 0.000 20170412111218
B0 000B 0000 0010 0000 0700 0700 0700 0700 0.00 0.000 0.000 0.000 0.000 0.000 20170412111218
B0 000B 0000 0010 0000 0700 0700 0700 0700 0.00 0.000 0.000 0.000 0.000 0.000 20170412111219
B0 000B 0000 0010 0000 0700 0700 0700 0700 0.00 0.000 0.000 0.000 0.000 0.000 20170412111219
B0 000B 0000 0010 0000 0700 0700 0700 0700 0.00 0.000 0.000 0.000 0.000 0.000 20170412111219
B0 000B 0000 0010 0000 0700 0700 0700 0700 0.00 0.000 0.000 0.000 0.000 0.000 20170412111219
B0 000B 0000 0010 0000 0700 0700 0700 0700 0.00 0.000 0.000 0.000 0.000 0.000 20170412111219
B0 000B 0000 0010 0000 0700 0700 0700 0700 0.00 0.000 0.000 0.000 0.000 0.000 20170412111219
B0 000B 0000 0010 0000 0700 0700 0700 0700 0.00 0.000 0.000 0.000 0.000 0.000 20170412111219
B0 000B 0000 0010 0000 0700 0700 0700 0700 0.00 0.000 0.000 0.000 0.000 0.000 20170412111219
B0 000B 0000 0010 0000 0700 0700 0700 0700 0.00 0.000 0.000 0.000 0.000 0.000 20170412111220
B0 000B 0000 0010 0000 0700 0700 0700 0700 0.00 0.000 0.000 0.000 0.000 0.000 20170412111220
B0 000B 0000 0010 0000 0700 0700 0700 0700 0.00 0.000 0.000 0.000 0.000 0.000 20170412111220
B0 000B 0000 0010 0000 0700 0700 0700 0700 213.00 0.000 6.000 0.000 0.000 0.000 20170412111220
B0 000B 0000 0010 0000 0700 0700 0700 0700 223.00 0.000 6.000 0.000 0.000 0.000 20170412111220
B0 000B 0000 0010 0000 0700 0700 0700 0700 223.00 0.000 6.000 0.000 0.000 0.000 20170412111220
B0 000B 0000 0010 0000 0700 0700 0700 0700 223.00 0.000 6.000 0.000 0.000 0.000 20170412111220
B0 000B 0000 0014 0000 0700 0700 0700 0700 222.00 0.000 6.000 0.000 0.000 0.000 20170412111220
B0 000B 0000 0014 0000 0700 0700 0700 0700 222.00 0.000 6.000 0.000 0.000 0.000 20170412111220
B0 000B 0000 0316 0000 0700 0700 0700 0700 222.00 0.000 6.000 0.000 0.000 0.000 20170412111221
B0 0000 0000 0316 0000 0700 0700 0700 0700 223.00 0.000 6.000 0.000 0.000 0.000 20170412111221
B0 0000 0000 0316 0000 0700 0700 0700 0700 223.00 0.000 6.000 0.000 0.000 0.000 20170412111221
B0 0000 0000 0316 0000 0700 0700 0700 0700 223.00 0.000 6.000 0.000 0.000 0.000 20170412111221
B0 0000 0000 0316 0000 0700 0700 0700 0700 223.00 0.000 6.000 0.000 0.000 0.000 20170412111221
B0 0000 0000 0316 0000 0700 0700 0700 0700 223.00 0.000 6.000 0.000 0.000 0.000 20170412111221
B0 0000 0000 0316 0000 0700 0700 0700 0700 223.00 0.000 6.000 0.000 0.000 0.000 20170412111221
B0 0000 0000 0316 0000 0700 0700 0700 0700 223.00 0.000 6.000 0.000 0.000 0.000 20170412111221
B0 0000 0000 0316 0000 0700 0700 0700 0700 223.00 0.000 6.000 0.000 0.000 0.000 20170412111222
B0 0000 0000 0316 0000 0700 0700 0700 0700 223.00 0.000 6.000 0.000 0.000 0.000 20170412111222
B0 0000 0000 0316 0000 0700 0700 0700 0700 223.00 0.000 6.000 0.000 0.000 0.000 20170412111222
B0 0000 0000 0316 0000 0700 0700 0700 0700 223.00 0.000 6.000 0.000 0.000 0.000 20170412111222
B0 0000 0000 0316 0000 0700 0700 0700 0700 223.00 0.000 6.000 0.000 0.000 0.000 20170412111222
B0 0000 0000 0316 0000 0700 0700 0700 0700 223.00 0.000 6.000 0.000 0.000 0.000 20170412111222
B0 0000 0000 0316 0000 0700 0700 0700 0700 223.00 0.000 6.000 0.000 0.000 0.000 20170412111222
B0 0000 0000 0316 0000 0700 0700 0700 0700 223.00 0.000 6.000 0.000 0.000 0.000 20170412111222
B0 0000 0000 0316 0000 0700 0700 0700 0700 223.00 0.000 6.000 0.000 0.000 0.000 20170412111223
B0 0000 0000 0316 0000 0700 0700 0700 0700 223.00 0.000 6.000 0.000 0.000 0.000 20170412111223
B0 0000 0000 0316 0000 0700 0700 0700 0700 223.00 0.000 6.000 0.000 0.000 0.000 20170412111223
B0 0000 0000 0316 0000 0700 0700 0700 0700 223.00 0.000 6.000 0.000 0.000 0.000 20170412111223
B0 0000 0000 0316 0000 0700 0700 0700 0700 223.00 0.000 6.000 0.000 0.000 0.000 20170412111223
B0 0000 0000 0316 0000 0700 0700 0700 0700 223.00 0.000 6.000 0.000 0.000 0.000 20170412111223
B0 0000 0000 0316 0000 0700 0700 0700 0700 223.00 0.000 6.000 0.000 0.000 0.000 20170412111223
B0 0000 0000 0316 0000 0700 0700 0700 0700 223.00 0.000 6.000 0.000 0.000 0.000 20170412111223
B0 0000 0000 0316 0000 0700 0700 0700 0700 223.00 0.000 6.000 0.000 0.000 0.000 20170412111223
B0 0000 0000 0316 0000 0700 0700 0700 0700 223.00 0.000 6.000 0.000 0.000 0.000 20170412111224
B0 0000 0000 0316 0000 0700 0700 0700 0700 223.00 0.000 6.000 0.000 0.000 0.000 20170412111224
B0 0000 0000 0316 0000 0700 0700 0700 0700 223.00 0.000 6.000 0.000 0.000 0.000 20170412111224
B0 0000 0000 0316 0000 0700 0700 0700 0700 223.00 0.000 6.000 0.000 0.000 0.000 20170412111224
B0 0000 0000 0316 0000 0700 0700 0700 0700 223.00 0.000 6.000 0.000 0.000 0.000 20170412111224
B0 0000 0000 0316 0000 0700 0700 0700 0700 223.00 0.000 6.000 0.000 0.000 0.000 20170412111224
B0 0000 0000 0316 0000 0700 0700 0700 0700 223.00 0.000 6.000 0.000 0.000 0.000 20170412111224
B0 0000 0000 0316 0000 0700 0700 0700 0700 223.00 0.000 6.000 0.000 0.000 0.000 20170412111224
B0 0000 0000 0316 0000 0700 0700 0700 0700 222.00 0.000 6.000 0.000 0.000 0.000 20170412111225
B0 0000 0000 0316 0000 0700 0700 0700 0700 222.00 0.000 6.000 0.000 0.000 0.000 20170412111225
B0 0000 0000 0316 0000 0700 0700 0700 0700 223.00 0.000 6.000 0.000 0.000 0.000 20170412111225
B0 0000 0000 0316 0000 0700 0700 0700 0700 223.00 0.000 6.000 0.000 0.000 0.000 20170412111225
B0 0000 0000 0316 0000 0700 0700 0700 0700 223.00 0.000 6.000 0.000 0.000 0.000 20170412111225
B0 0000 0000 0316 0000 0700 0700 0700 0700 223.00 0.000 6.000 0.000 0.000 0.000 20170412111225
B0 0000 0000 0316 0000 0700 0700 0700 0700 223.00 0.000 6.000 0.000 0.000 0.000 20170412111225
B0 0000 0000 0316 0000 0700 0700 0700 0700 223.00 0.000 6.000 0.000 0.000 0.000 20170412111225
B0 0000 0000 0316 0000 0700 0700 0700 0700 223.00 0.000 6.000 0.000 0.000 0.000 20170412111225
B0 0000 0000 0316 0000 0700 0700 0700 0700 223.00 0.000 6.000 0.000 0.000 0.000 20170412111226
B0 0000 0000 0316 0000 0700 0700 0700 0700 223.00 0.000 6.000 0.000 0.000 0.000 20170412111226
B0 0000 0000 0316 0000 0700 0700 0700 0700 223.00 0.000 6.000 0.000 0.000 0.000 20170412111226
B0 0000 0000 0316 0000 0700 0700 0700 0700 223.00 0.000 6.000 0.000 0.000 0.000 20170412111226
B0 0000 0000 0316 0000 0700 0700 0700 0700 223.00 0.000 6.000 0.000 0.000 0.000 20170412111226
B0 0000 0000 0316 0000 0700 0700 0700 0700 223.00 0.000 6.000 0.000 0.000 0.000 20170412111226
B0 0000 0000 0316 0000 0700 0700 0700 0700 223.00 0.000 6.000 0.000 0.000 0.000 20170412111226
B0 0000 0000 0316 0000 0700 0700 0700 0700 223.00 0.000 6.000 0.000 0.000 0.000 20170412111226
B0 0000 0000 0316 0000 0700 0700 0700 0700 223.00 0.000 6.000 0.000 0.000 0.000 20170412111227
B0 0000 0000 0316 0000 0700 0700 0700 0700 223.00 0.000 6.000 0.000 0.000 0.000 20170412111227
B0 0000 0000 0316 0000 0700 0700 0700 0700 223.00 0.000 6.000 0.000 0.000 0.000 20170412111227
B0 0000 0000 0316 0000 0700 0700 0700 0700 223.00 0.000 6.000 0.000 0.000 0.000 20170412111227
B0 0000 0000 0316 0000 0700 0700 0700 0700 223.00 0.000 6.000 0.000 0.000 0.000 20170412111227
B0 0000 0000 0316 0000 0700 0700 0700 0700 223.00 0.000 6.000 0.000 0.000 0.000 20170412111227
B0 0000 0000 0316 0000 0700 0700 0700 0700 223.00 0.000 6.000 0.000 0.000 0.000 20170412111227
B0 0000 0000 0316 0000 0700 0700 0700 0700 223.00 0.000 6.000 0.000 0.000 0.000 20170412111227
B0 0000 0000 0316 0000 0700 0700 0700 0700 223.00 0.000 6.000 0.000 0.000 0.000 20170412111227
B0 0000 0000 0316 0000 0700 0700 0700 0700 223.00 0.000 6.000 0.000 0.000 0.000 20170412111228
B0 0000 0000 0316 0000 0700 0700 0700 0700 223.00 0.000 6.000 0.000 0.000 0.000 20170412111228
B0 0000 0000 0316 0000 0700 0700 0700 0700 223.00 0.000 6.000 0.000 0.000 0.000 20170412111228
B0 0000 0000 0316 0000 0700 0700 0700 0700 223.00 0.000 6.000 0.000 0.000 0.000 20170412111228
B0 0000 0000 0316 0000 0700 0700 0700 0700 223.00 0.000 6.000 0.000 0.000 0.000 20170412111228
B0 0000 0000 0316 0000 0700 0700 0700 0700 223.00 0.000 6.000 0.000 0.000 0.000 20170412111228
B0 0000 0000 0316 0000 0700 0700 0700 0700 223.00 0.000 6.000 0.000 0.000 0.000 20170412111228
B0 0000 0000 0316 0000 0700 0700 0700 0700 223.00 0.000 6.000 0.000 0.000 0.000 20170412111228
B0 0000 0000 0316 0000 0700 0700 0700 0700 223.00 0.000 6.000 0.000 0.000 0.000 20170412111229
B0 0000 0000 0316 0000 0700 0700 0700 0700 223.00 0.000 6.000 0.000 0.000 0.000 20170412111229
B0 0000 0000 0316 0000 0700 0700 0700 0700 223.00 0.000 6.000 0.000 0.000 0.000 20170412111229
B0 0000 0000 0316 0000 0700 0700 0700 0700 223.00 0.000 6.000 0.000 0.000 0.000 20170412111229
B0 0000 0000 0316 0000 0700 0700 0700 0700 223.00 0.000 6.000 0.000 0.000 0.000 20170412111229
B0 0000 0000 0316 0000 0700 0700 0700 0700 223.00 0.000 6.000 0.000 0.000 0.000 20170412111229
B0 0000 0000 0316 0000 0700 0700 0700 0700 223.00 0.000 6.000 0.000 0.000 0.000 20170412111229
