Address 79 7A 7B 7C 7D 7E 7F 80 81 82 8D 8E 8F 90 88 89 97 8B 8C 96 86 Time
B0 0000 00 00 00 00 00 FF FF 00 FF 29.50 30.00 31.50 2880 224.25 0.10 3.50 12.00 0.01 0.38 3100358101454506 20170928140603
B0 0002 00 00 00 00 80 FF FF 00 FF 29.50 30.00 31.50 2880 225.00 0.10 3.50 12.00 0.01 0.38 8100358301454C06 20170928140603
B0 0002 00 00 00 00 80 FF FF 00 FF 29.50 30.00 31.50 2880 224.00 0.10 3.50 12.00 0.01 0.38 EB00358601455706 20170928140603
B0 0002 00 00 00 00 80 FF FF 00 FF 29.50 30.00 31.50 2880 224.00 0.10 3.50 12.00 0.01 0.09 A100358801455E06 20170928140603
B0 0002 00 00 00 00 80 FF FF 00 FF 29.50 30.00 31.50 2880 224.00 0.10 3.50 12.00 0.01 0.38 6600358B01456906 20170928140604
B0 0002 00 00 00 00 80 FF FF 00 FF 29.50 30.00 31.50 2880 224.00 0.10 3.50 12.00 0.01 0.09 CA00358D01457106 20170928140604
B0 0002 00 00 00 00 80 FF FF 00 FF 29.50 30.00 31.50 2880 224.25 0.10 3.50 12.00 0.01 0.38 3B00359001457C06 20170928140604
B0 0002 00 00 00 00 80 FF FF 00 FF 29.50 30.00 31.50 2880 224.00 0.10 3.50 12.00 0.03 0.09 4200359201458306 20170928140604
B0 0002 00 00 00 00 80 FF FF 00 FF 29.50 30.00 31.50 2880 224.50 0.10 3.50 12.00 0.03 0.38 9600359501458E06 20170928140604
B0 0002 00 00 00 00 80 FF FF 00 FF 29.50 30.00 31.50 2880 224.25 0.10 3.50 12.00 0.01 0.38 4600359801459906 20170928140605
B0 0002 00 00 00 00 80 FF FF 00 FF 29.50 30.00 31.50 2880 224.25 0.10 3.50 12.00 0.03 0.09 5300359A0145A006 20170928140605
B0 0002 00 00 00 00 80 FF FF 00 FF 29.50 30.00 31.50 2880 224.50 0.10 3.50 12.00 0.03 0.38 7100359D0145AB06 20170928140605
B0 0002 00 00 00 00 80 FF FF 00 FF 29.50 30.00 31.50 2880 223.75 0.10 3.50 12.00 0.03 0.09 5D0035A00145B606 20170928140605
B0 0002 00 00 00 00 80 FF FF 00 FF 29.50 30.00 31.50 2880 224.25 0.10 3.50 12.00 0.03 0.38 BF0035A20145BD06 20170928140606
B0 0002 00 00 00 00 80 FF FF 00 FF 29.50 30.00 31.50 2880 224.75 0.10 3.50 12.00 0.01 0.38 F70035A50145C806 20170928140606
B0 0002 00 00 00 00 80 FF FF 00 FF 29.50 30.00 31.50 2880 224.00 0.10 3.50 12.00 0.03 0.09 CC0035A80145D306 20170928140606
B0 0002 00 00 00 00 80 FF FF 00 FF 29.50 30.00 31.50 2880 224.00 0.10 3.50 12.00 0.03 0.09 7C0035AA0145DA06 20170928140606
B0 0002 00 00 00 00 80 FF FF 00 FF 29.50 30.00 31.50 2880 223.75 0.10 3.50 12.00 0.03 0.38 5F0035AD0145E506 20170928140606
B0 0002 00 00 00 00 80 FF FF 00 FF 29.50 30.00 31.50 2880 223.75 0.10 3.50 12.00 0.01 0.09 7F0035B00145F006 20170928140607
B0 0002 00 00 00 00 80 FF FF 00 FF 29.50 30.00 31.50 2880 224.00 0.10 3.50 12.00 0.03 0.38 760035B20145F706 20170928140607
B0 0002 00 00 00 00 80 FF FF 00 FF 29.50 30.00 31.50 2880 224.50 0.10 3.50 12.00 0.03 0.38 740035B501460206 20170928140607
B0 0002 00 00 00 00 80 FF FF 00 FF 29.50 30.00 31.50 2880 223.50 0.10 3.50 12.00 0.01 0.09 750035B801460D06 20170928140607
B0 0002 00 00 00 00 80 FF FF 00 FF 29.50 30.00 31.50 2880 223.75 0.10 3.50 12.00 0.03 0.38 5B0035BA01461406 20170928140607
B0 0002 00 00 00 00 80 FF FF 00 FF 29.50 30.00 31.50 2880 225.00 0.10 3.50 12.00 0.03 0.38 790035BD01461F06 20170928140608
B0 0002 00 00 00 00 80 FF FF 00 FF 29.50 30.00 31.50 2880 224.00 0.10 3.50 12.00 0.01 0.09 6C0035BF01462606 20170928140608
B0 0002 00 00 00 00 80 FF FF 00 FF 29.50 30.00 31.50 2880 224.00 0.10 3.50 12.00 0.01 0.38 680035C101462E06 20170928140608
B0 0002 00 00 00 00 80 FF FF 00 FF 29.50 30.00 31.50 2880 224.00 0.10 3.50 12.00 0.01 0.38 E90035C401463906 20170928140608
B0 0002 00 00 00 00 80 FF FF 00 FF 29.50 30.00 31.50 2880 223.50 0.10 3.50 12.00 0.03 0.09 450035C701464406 20170928140608
B0 0002 00 00 00 00 80 FF FF 00 FF 29.50 30.00 31.50 2880 224.00 0.10 3.50 12.00 0.01 0.38 F90035C901464B06 20170928140609
B0 0002 00 00 00 00 80 FF FF 00 FF 29.50 30.00 31.50 2880 224.50 0.10 3.50 12.00 0.01 0.38 650035CC01465606 20170928140609
B0 0002 00 00 00 00 80 FF FF 00 FF 29.50 30.00 31.50 2880 223.75 0.10 3.50 12.00 0.03 0.09 870035CE01465D06 20170928140609
B0 0002 00 00 00 00 80 FF FF 00 FF 29.50 30.00 31.50 2880 223.75 0.10 3.50 12.00 0.03 0.09 4A0035D101466806 20170928140609
B0 0002 00 00 00 00 80 FF FF 00 FF 29.50 30.00 31.50 2880 224.00 0.10 3.50 12.00 0.03 0.38 4D0035D301467006 20170928140609
B0 0002 00 00 00 00 80 FF FF 00 FF 29.50 30.00 31.50 2880 224.00 0.10 3.50 12.00 0.01 0.38 900035D601467A06 20170928140610
B0 0002 00 00 00 00 80 FF FF 00 FF 29.50 30.00 31.50 2880 224.00 0.10 3.50 12.00 0.03 0.38 B70035D801468106 20170928140610
B0 0002 00 00 00 00 80 FF FF 00 FF 29.50 30.00 31.50 2880 224.00 0.10 3.50 12.00 0.03 0.38 C80035DB01468C06 20170928140610
B0 0002 00 00 00 00 80 FF FF 00 FF 29.50 30.00 31.50 2864 223.75 0.10 3.50 12.00 0.01 0.38 BB0035DD01469306 20170928140610
B0 0002 00 00 00 00 80 FF FF 00 FF 29.50 30.00 31.50 2880 224.00 0.10 3.50 12.00 0.03 0.09 200035E001469F06 20170928140610
B0 0002 00 00 00 00 80 FF FF 00 FF 29.50 30.00 31.50 2880 223.75 0.10 3.50 12.00 0.03 0.09 CE0035E30146A906 20170928140611
B0 0002 00 00 00 00 80 FF FF 00 FF 29.50 30.00 31.50 2864 224.00 0.10 3.50 12.00 0.03 0.38 620035E50146B106 20170928140611
B0 0002 00 00 00 00 80 FF FF 00 FF 29.50 30.00 31.50 2864 224.00 0.10 3.50 12.00 0.03 0.38 310035E80146BC06 20170928140611
B0 0002 00 00 00 00 80 FF FF 00 FF 29.50 30.00 31.50 2880 223.50 0.10 3.50 12.00 0.03 0.38 A40035EA0146C306 20170928140611
B0 0002 00 00 00 00 80 FF FF 00 FF 29.50 30.00 31.50 2864 224.25 0.10 3.50 12.00 0.01 0.09 700035ED0146CE06 20170928140611
B0 0002 00 00 00 00 80 FF FF 00 FF 29.50 30.00 31.50 2880 224.00 0.10 3.50 12.00 0.03 0.38 0C0035EF0146D506 20170928140612
B0 0002 00 00 00 00 80 FF FF 00 FF 29.50 30.00 31.50 2864 224.00 0.10 3.50 12.00 0.01 0.09 170035F20146E006 20170928140612
B0 0002 00 00 00 00 80 FF FF 00 FF 29.50 30.00 31.50 2880 224.25 0.10 3.50 12.00 0.03 0.09 250035F40146E806 20170928140612
B0 0002 00 00 00 00 80 FF FF 00 FF 29.50 30.00 31.50 2880 223.75 0.10 3.50 12.00 0.03 0.09 320035F70146F306 20170928140612
B0 0002 00 00 00 00 80 FF FF 00 FF 29.50 30.00 31.50 2880 224.00 0.10 3.50 12.00 0.03 0.09 780035F90146FA06 20170928140612
B0 0002 00 00 00 00 80 FF FF 00 FF 29.50 30.00 31.50 2880 224.00 0.10 3.50 12.00 0.03 0.38 750035FC01470506 20170928140613
B0 0002 00 00 00 00 80 FF FF 00 FF 29.50 30.00 31.50 2880 224.00 0.10 3.50 12.00 0.03 0.09 C50035FE01470C06 20170928140613
B0 0002 00 00 00 00 80 FF FF 00 FF 29.50 30.00 31.50 2880 224.00 0.10 3.50 12.00 0.03 0.38 7B00360101471706 20170928140613
B0 0002 00 00 00 00 80 FF FF 00 FF 29.50 30.00 31.50 2880 223.75 0.10 3.50 12.00 0.03 0.09 CB00360301471E06 20170928140613
B0 0002 00 00 00 00 80 FF FF 00 FF 29.50 30.00 31.50 2880 224.25 0.10 3.50 12.00 0.03 0.09 7100360601472906 20170928140613
B0 0002 00 00 00 00 80 FF FF 00 FF 29.50 30.00 31.50 2880 224.25 0.10 3.50 12.00 0.03 0.38 A500360801473006 20170928140614
B0 0002 00 00 00 00 80 FF FF 00 FF 29.50 30.00 31.50 2880 224.00 0.10 3.50 12.00 0.03 0.09 2C00360B01473B06 20170928140614
B0 0002 00 00 00 00 80 FF FF 00 FF 29.50 30.00 31.50 2880 224.50 0.10 3.50 12.00 0.01 0.38 FD00360E01474606 20170928140614
B0 0002 00 00 00 00 80 FF FF 00 FF 29.50 30.00 31.50 2880 224.00 0.10 3.50 12.00 0.03 0.09 3C00361001474E06 20170928140614
B0 0002 00 00 00 00 80 FF FF 00 FF 29.50 30.00 31.50 2880 224.00 0.10 3.50 12.00 0.01 0.38 C000361301475906 20170928140615
B0 0002 00 00 00 00 80 FF FF 00 FF 29.50 30.00 31.50 2880 224.50 0.10 3.50 12.00 0.01 0.38 7E00361501476006 20170928140615
B0 0002 00 00 00 00 80 FF FF 00 FF 29.50 30.00 31.50 2880 224.25 0.10 3.50 12.00 0.03 0.38 DB00361801476B06 20170928140615
B0 0002 00 00 00 00 80 FF FF 00 FF 29.50 30.00 31.50 2880 224.00 0.10 3.50 12.00 0.03 0.38 F500361A01477206 20170928140615
B0 0002 00 00 00 00 80 FF FF 00 FF 29.50 30.50 31.50 2880 224.00 0.10 3.50 12.00 0.03 0.38 7300361D01477D06 20170928140615
B0 0002 00 00 00 00 80 FF FF 00 FF 29.50 30.00 31.50 2880 224.25 0.10 3.50 12.00 0.01 0.38 FC00361F01478406 20170928140616
B0 0002 00 00 00 00 80 FF FF 00 FF 29.50 30.00 31.50 2880 224.25 0.10 3.50 12.00 0.01 0.09 B800362201478F06 20170928140616
B0 0002 00 00 00 00 80 FF FF 00 FF 29.50 30.00 31.50 2880 224.50 0.10 3.50 12.00 0.03 0.38 1400362401479706 20170928140616
B0 0002 00 00 00 00 80 FF FF 00 FF 29.50 30.00 31.50 2880 224.25 0.10 3.50 12.00 0.03 0.38 810036270147A206 20170928140616
B0 0002 00 00 00 00 80 FF FF 00 FF 29.50 30.00 31.50 2880 224.00 0.10 3.50 12.00 0.03 0.38 990036290147A906 20170928140616
B0 0002 00 00 00 00 80 FF FF 00 FF 29.50 30.00 31.50 2880 223.75 0.10 3.50 12.00 0.03 0.38 0500362C0147B406 20170928140617
B0 0002 00 00 00 00 80 FF FF 00 FF 29.50 30.00 31.50 2880 224.50 0.10 3.50 12.00 0.03 0.38 4300362E0147BB06 20170928140617
B0 0002 00 00 00 00 80 FF FF 00 FF 29.50 30.00 31.50 2880 224.25 0.10 3.50 12.00 0.01 0.09 B70036310147C606 20170928140617
B0 0002 00 00 00 00 80 FF FF 00 FF 29.50 30.00 31.50 2880 223.75 0.10 3.50 12.00 0.03 0.38 550036330147CD06 20170928140617
B0 0002 00 00 00 00 80 FF FF 00 FF 29.50 30.00 31.50 2880 224.00 0.10 3.50 12.00 0.01 0.38 860036360147D806 20170928140617
B0 0002 00 00 00 00 80 FF FF 00 FF 29.50 30.00 31.50 2880 224.25 0.10 3.50 12.00 0.01 0.38 500036390147E306 20170928140618
B0 0002 00 00 00 00 80 FF FF 00 FF 29.50 30.00 31.50 2880 224.00 0.10 3.50 12.00 0.03 0.38 C900363B0147EB06 20170928140618
B0 0002 00 00 00 00 80 FF FF 00 FF 29.50 30.00 31.50 2880 224.50 0.10 3.50 12.00 0.01 0.38 2E00363E0147F506 20170928140618
B0 0002 00 00 00 00 80 FF FF 00 FF 29.50 30.00 31.50 2880 224.00 0.10 3.50 12.00 0.01 0.38 2A0036400147FD06 20170928140618
B0 0002 00 00 00 00 80 FF FF 00 FF 29.50 30.00 31.50 2880 223.75 0.10 3.50 12.00 0.01 0.38 8500364301480706 20170928140618
B0 0002 00 00 00 00 80 FF FF 00 FF 29.50 30.00 31.50 2880 224.50 0.10 3.50 12.00 0.01 0.38 5600364601481206 20170928140619
B0 0002 00 00 00 00 80 FF FF 00 FF 29.50 30.00 31.50 2880 224.25 0.10 3.50 12.00 0.03 0.09 3500364801481A06 20170928140619
B0 0002 00 00 00 00 80 FF FF 00 FF 29.50 30.00 31.50 2880 224.25 0.10 3.50 12.00 0.01 0.09 BD00364B01482506 20170928140619
B0 0002 00 00 00 00 80 FF FF 00 FF 29.50 30.00 31.50 2880 224.50 0.10 3.50 12.00 0.03 0.38 A600364D01482C06 20170928140619
B0 0002 00 00 00 00 80 FF FF 00 FF 29.50 30.00 31.50 2880 223.75 0.10 3.50 12.00 0.01 0.38 3F00365001483706 20170928140619
B0 0002 00 00 00 00 80 FF FF 00 FF 29.50 30.00 31.50 2880 224.00 0.10 3.50 12.00 0.01 0.38 8F00365201483E06 20170928140620
B0 0002 00 00 00 00 80 FF FF 00 FF 29.50 30.00 31.50 2880 224.50 0.10 3.50 12.00 0.01 0.09 1500365401484506 20170928140620
B0 0002 00 00 00 00 80 FF FF 00 FF 29.50 30.00 31.50 2880 224.50 0.10 3.50 12.00 0.01 0.38 BB00365701485006 20170928140620
B0 0002 00 00 00 00 80 FF FF 00 FF 29.50 30.00 31.50 2880 223.75 0.10 3.50 12.00 0.03 0.38 D800365901485806 20170928140620
B0 0002 00 00 00 00 80 FF FF 00 FF 29.50 30.00 31.50 2880 224.00 0.10 3.50 12.00 0.01 0.09 8900365C01486306 20170928140620
B0 0002 00 00 00 00 80 FF FF 00 FF 29.50 30.00 31.50 2880 225.00 0.10 3.50 12.00 0.03 0.09 3900365E01486A06 20170928140621
B0 0002 00 00 00 00 80 FF FF 00 FF 29.50 30.00 31.50 2880 224.25 0.10 3.50 12.00 0.01 0.38 9100366101487506 20170928140621
B0 0002 00 00 00 00 80 FF FF 00 FF 29.50 30.00 31.50 2880 224.25 0.10 3.50 12.00 0.03 0.38 0800366301487D06 20170928140621
B0 0002 00 00 00 00 80 FF FF 00 FF 29.50 30.00 31.50 2880 224.50 0.10 3.50 12.00 0.01 0.38 EA00366601488706 20170928140621
B0 0002 00 00 00 00 80 FF FF 00 FF 29.50 30.00 31.50 2880 223.75 0.10 3.50 12.00 0.03 0.38 8900366801488F06 20170928140621
B0 0002 00 00 00 00 80 FF FF 00 FF 29.50 30.00 31.50 2880 224.50 0.10 3.50 12.00 0.03 0.38 2700366B01489A06 20170928140622
B0 0002 00 00 00 00 80 FF FF 00 FF 29.50 30.00 31.50 2880 224.75 0.10 3.50 12.00 0.03 0.38 CB00366D0148A106 20170928140622
B0 0002 00 00 00 00 80 FF FF 00 FF 29.50 30.00 31.50 2880 224.25 0.10 3.50 12.00 0.03 0.38 3A0036700148AC06 20170928140622
B0 0002 00 00 00 00 80 FF FF 00 FF 29.50 30.00 31.50 2880 224.25 0.10 3.50 12.00 0.03 0.38 E20036720148B306 20170928140622
B0 0002 00 00 00 00 80 FF FF 00 FF 29.50 30.00 31.50 2880 224.00 0.10 3.50 12.00 0.03 0.38 F90036740148BA06 20170928140622
B0 0002 00 00 00 00 80 FF FF 00 FF 29.50 30.00 31.50 2880 224.25 0.10 3.50 12.00 0.03 0.38 070036770148C506 20170928140623
B0 0002 00 00 00 00 80 FF FF 00 FF 29.50 30.00 31.50 2880 224.00 0.10 3.50 12.00 0.01 0.38 4D0036790148CC06 20170928140623
B0 0002 00 00 00 00 80 FF FF 00 FF 29.50 30.00 31.50 2880 224.25 0.10 3.50 12.00 0.03 0.38 2700367C0148D706 20170928140623
B0 0002 00 00 00 00 80 FF FF 00 FF 29.50 30.00 31.50 2880 224.50 0.10 3.50 12.00 0.01 0.09 B200367F0148E206 20170928140623
B0 0002 00 00 00 00 80 FF FF 00 FF 29.50 30.00 31.50 2880 223.75 0.10 3.50 12.00 0.03 0.09 BD0036810148EA06 20170928140623
B0 0002 00 00 00 00 80 FF FF 00 FF 29.50 30.00 31.50 2880 224.00 0.10 3.50 12.00 0.01 0.38 730036840148F506 20170928140624
B0 0002 00 00 00 00 80 FF FF 00 FF 29.50 30.00 31.50 2880 224.50 0.10 3.50 12.00 0.01 0.38 C30036860148FC06 20170928140624
B0 0002 00 00 00 00 80 FF FF 00 FF 29.50 30.00 31.50 2880 224.00 0.10 3.50 12.00 0.03 0.09 ED00368901490706 20170928140624
B0 0002 00 00 00 00 80 FF FF 00 FF 29.50 30.00 31.50 2880 224.00 0.10 3.50 12.00 0.03 0.09 5D00368B01490E06 20170928140624
B0 0002 00 00 00 00 80 FF FF 00 FF 29.50 30.00 31.50 2880 224.50 0.10 3.50 12.00 0.01 0.38 DC00368E01491906 20170928140624
B0 0002 00 00 00 00 80 FF FF 00 FF 29.50 30.00 31.50 2880 224.25 0.10 3.50 12.00 0.01 0.38 9100369001492006 20170928140625
B0 0002 00 00 00 00 80 FF FF 00 FF 29.50 30.00 31.50 2880 224.00 0.10 3.50 12.00 0.03 0.38 1800369301492B06 20170928140625
B0 0002 00 00 00 00 80 FF FF 00 FF 29.50 30.00 31.50 2880 224.50 0.10 3.50 12.00 0.01 0.09 9D00369501493206 20170928140625
B0 0002 00 00 00 00 80 FF FF 00 FF 29.50 30.00 31.50 2880 224.00 0.10 3.50 12.00 0.03 0.38 9C00369801493D06 20170928140625
B0 0002 00 00 00 00 80 FF FF 00 FF 29.50 30.00 31.50 2880 224.25 0.10 3.50 12.00 0.03 0.09 D600369A01494506 20170928140625
B0 0002 00 00 00 00 80 FF FF 00 FF 29.50 30.00 31.50 2880 224.00 0.10 3.50 12.00 0.01 0.38 D300369D01495006 20170928140626
B0 0002 00 00 00 00 80 FF FF 00 FF 29.50 30.00 31.50 2880 224.25 0.10 3.50 12.00 0.03 0.38 970036A001495B06 20170928140626
B0 0002 00 00 00 00 80 FF FF 00 FF 29.50 30.00 31.50 2880 224.25 0.10 3.50 12.00 0.03 0.38 820036A201496206 20170928140626
B0 0002 00 00 00 00 80 FF FF 00 FF 29.50 30.00 31.50 2880 224.00 0.10 3.50 12.00 0.03 0.09 040036A501496D06 20170928140626
B0 0002 00 00 00 00 80 FF FF 00 FF 29.50 30.00 31.50 2880 224.25 0.10 3.50 12.00 0.03 0.38 2A0036A701497406 20170928140626
B0 0002 00 00 00 00 80 FF FF 00 FF 29.50 30.00 31.50 2880 224.25 0.10 3.50 12.00 0.01 0.38 960036A901497B06 20170928140627
B0 0002 00 00 00 00 80 FF FF 00 FF 29.50 30.00 31.50 2880 224.25 0.10 3.50 12.00 0.01 0.38 AB0036AC01498606 20170928140627
B0 0002 00 00 00 00 80 FF FF 00 FF 29.50 30.00 31.50 2880 224.50 0.10 3.50 12.00 0.03 0.38 570036AF01499106 20170928140627
B0 0002 00 00 00 00 80 FF FF 00 FF 29.50 30.00 31.50 2880 224.25 0.10 3.50 12.00 0.03 0.09 960036B101499906 20170928140627
B0 0002 00 00 00 00 80 FF FF 00 FF 29.50 30.00 31.50 2880 223.75 0.10 3.50 12.00 0.01 0.38 310036B40149A406 20170928140627
B0 0002 00 00 00 00 80 FF FF 00 FF 29.50 30.00 31.50 2880 224.50 0.10 3.50 12.00 0.01 0.09 770036B60149AB06 20170928140628
B0 0002 00 00 00 00 80 FF FF 00 FF 29.50 30.00 31.50 2880 224.50 0.10 3.50 12.00 0.01 0.09 6C0036B90149B606 20170928140628
B0 0002 00 00 00 00 80 FF FF 00 FF 29.50 30.00 31.50 2880 224.25 0.10 3.50 12.00 0.03 0.09 8E0036BB0149BD06 20170928140628
B0 0002 00 00 00 00 80 FF FF 00 FF 29.50 30.00 31.50 2880 224.00 0.10 3.50 12.00 0.03 0.38 100036BE0149C806 20170928140628
B0 0002 00 00 00 00 80 FF FF 00 FF 29.50 30.00 31.50 2880 224.25 0.10 3.50 12.00 0.03 0.38 840036C00149CF06 20170928140628
B0 0002 00 00 00 00 80 FF FF 00 FF 29.50 30.00 31.50 2880 224.25 0.10 3.50 12.00 0.03 0.38 2A0036C30149DA06 20170928140629
B0 0002 00 00 00 00 80 FF FF 00 FF 29.50 30.00 31.50 2880 224.00 0.10 3.50 12.00 0.03 0.38 DF0036C60149E506 20170928140629
B0 0002 00 00 00 00 80 FF FF 00 FF 29.50 30.00 31.50 2880 224.50 0.10 3.50 12.00 0.03 0.38 BC0036C80149ED06 20170928140629
B0 0002 00 00 00 00 80 FF FF 00 FF 29.50 30.00 31.50 2880 224.25 0.10 3.50 12.00 0.03 0.09 120036CB0149F806 20170928140629
B0 0002 00 00 00 00 80 FF FF 00 FF 29.50 30.00 31.50 2880 223.75 0.10 3.50 12.00 0.01 0.38 B00036CD0149FF06 20170928140629
B0 0002 00 00 00 00 80 FF FF 00 FF 29.50 30.00 31.50 2880 224.50 0.10 3.50 12.00 0.03 0.09 970036D0014A0A06 20170928140630
B0 0002 00 00 00 00 80 FF FF 00 FF 29.50 30.00 31.50 2880 224.00 0.10 3.50 12.00 0.01 0.09 EB0036D2014A1106 20170928140630
B0 0002 00 00 00 00 80 FF FF 00 FF 29.50 30.00 31.50 2880 223.75 0.10 3.50 12.00 0.01 0.38 3F0036D5014A1C06 20170928140630
B0 0002 00 00 00 00 80 FF FF 00 FF 29.50 30.00 31.50 2880 224.25 0.10 3.50 12.00 0.01 0.09 030036D7014A2406 20170928140630
B0 0002 00 00 00 00 80 FF FF 00 FF 29.50 30.00 31.50 2880 224.00 0.10 3.50 12.00 0.03 0.38 A60036DA014A2F06 20170928140630
B0 0002 00 00 00 00 80 FF FF 00 FF 29.50 30.00 31.50 2880 224.00 0.10 3.50 12.00 0.01 0.38 230036DC014A3606 20170928140631
B0 0002 00 00 00 00 80 FF FF 00 FF 29.50 30.00 31.50 2880 224.50 0.10 3.50 12.00 0.03 0.38 920036DF014A4106 20170928140631
B0 0002 00 00 00 00 80 FF FF 00 FF 29.50 30.00 31.50 2880 224.00 0.10 3.50 12.00 0.03 0.38 390036E1014A4806 20170928140631
B0 0002 00 00 00 00 80 FF FF 00 FF 29.50 30.00 31.50 2880 223.75 0.10 3.50 12.00 0.01 0.09 530036E4014A5306 20170928140631
B0 0002 00 00 00 00 80 FF FF 00 FF 29.50 30.00 31.50 2880 224.50 0.10 3.50 12.00 0.03 0.38 E30036E6014A5A06 20170928140631
B0 0002 00 00 00 00 80 FF FF 00 FF 29.50 30.00 31.50 2880 224.50 0.10 3.50 12.00 0.03 0.38 910036E9014A6506 20170928140632
B0 0002 00 00 00 00 80 FF FF 00 FF 29.50 30.00 31.50 2880 224.25 0.10 3.50 12.00 0.01 0.38 420036EC014A7006 20170928140632
B0 0002 00 00 00 00 80 FF FF 00 FF 29.50 30.00 31.50 2864 224.50 0.10 3.50 12.00 0.03 0.09 4B0036EE014A7706 20170928140632
B0 0002 00 00 00 00 80 FF FF 00 FF 29.50 30.00 31.50 2880 224.00 0.10 3.50 12.00 0.03 0.38 1C0036F1014A8206 20170928140632
B0 0002 00 00 00 00 80 FF FF 00 FF 29.50 30.00 31.50 2880 224.00 0.10 3.50 12.00 0.03 0.09 850036F3014A8A06 20170928140633
B0 0002 00 00 00 00 80 FF FF 00 FF 29.50 30.00 31.50 2880 224.00 0.10 3.50 12.00 0.03 0.38 620036F6014A9406 20170928140633
B0 0002 00 00 00 00 80 FF FF 00 FF 29.50 30.00 31.50 2880 224.00 0.10 3.50 12.00 0.03 0.09 010036F8014A9C06 20170928140633
B0 0002 00 00 00 00 80 FF FF 00 FF 29.50 30.00 31.50 2880 223.75 0.10 3.50 12.00 0.03 0.38 2D0036FB014AA706 20170928140633
B0 0002 00 00 00 00 80 FF FF 00 FF 29.50 30.00 31.50 2880 223.50 0.10 3.50 12.00 0.01 0.38 850036FE014AB106 20170928140633
B0 0002 00 00 00 00 80 FF FF 00 FF 29.50 30.00 31.50 2880 224.50 0.10 3.50 12.00 0.03 0.38 9F003700014AB906 20170928140634
B0 0002 00 00 00 00 80 FF FF 00 FF 29.50 30.00 31.50 2880 224.00 0.10 3.50 12.00 0.03 0.09 33003703014AC406 20170928140634
B0 0002 00 00 00 00 80 FF FF 00 FF 29.50 30.00 31.50 2880 224.00 0.10 3.50 12.00 0.03 0.38 C7003706014ACF06 20170928140634
B0 0002 00 00 00 00 80 FF FF 00 FF 29.50 30.00 31.50 2880 224.25 0.10 3.50 12.00 0.03 0.38 13003708014AD606 20170928140634
B0 0002 00 00 00 00 80 FF FF 00 FF 29.50 30.00 31.50 2880 223.75 0.10 3.50 12.00 0.01 0.09 F100370A014ADD06 20170928140634
B0 0002 00 00 00 00 80 FF FF 00 FF 29.50 30.00 31.50 2880 224.00 0.10 3.50 12.00 0.03 0.38 CF00370D014AE806 20170928140635
B0 0002 00 00 00 00 80 FF FF 00 FF 29.50 30.00 31.50 2880 224.50 0.10 3.50 12.00 0.03 0.09 C600370F014AEF06 20170928140635
B0 0002 00 00 00 00 80 FF FF 00 FF 29.50 30.00 31.50 2880 224.25 0.10 3.50 12.00 0.01 0.38 E6003712014AFA06 20170928140635
B0 0002 00 00 00 00 80 FF FF 00 FF 29.50 30.00 31.50 2880 223.75 0.10 3.50 12.00 0.03 0.38 F2003714014B0106 20170928140635
B0 0002 00 00 00 00 80 FF FF 00 FF 29.50 30.00 31.50 2880 224.00 0.10 3.50 12.00 0.03 0.09 8D003717014B0C06 20170928140635
B0 0002 00 00 00 00 80 FF FF 00 FF 29.50 30.00 31.50 2880 224.00 0.10 3.50 12.00 0.01 0.38 70003719014B1406 20170928140636
B0 0002 00 00 00 00 80 FF FF 00 FF 29.50 30.00 31.50 2880 223.75 0.10 3.50 12.00 0.01 0.38 3600371B014B1B06 20170928140636
B0 0002 00 00 00 00 80 FF FF 00 FF 29.50 30.00 31.50 2880 224.25 0.10 3.50 12.00 0.01 0.09 9100371E014B2606 20170928140636
B0 0002 00 00 00 00 80 FF FF 00 FF 29.50 30.00 31.50 2880 224.25 0.10 3.50 12.00 0.03 0.38 76003721014B3106 20170928140636
B0 0002 00 00 00 00 80 FF FF 00 FF 29.50 30.00 31.50 2880 223.50 0.10 3.50 12.00 0.01 0.09 C6003723014B3806 20170928140636
B0 0002 00 00 00 00 80 FF FF 00 FF 29.50 30.00 31.50 2880 223.75 0.10 3.50 12.00 0.01 0.38 E1003726014B4306 20170928140637
B0 0002 00 00 00 00 80 FF FF 00 FF 29.50 30.00 31.50 2880 224.25 0.10 3.50 12.00 0.01 0.38 AB003728014B4A06 20170928140637
B0 0002 00 00 00 00 80 FF FF 00 FF 29.50 30.00 31.50 2880 224.25 0.10 3.50 12.00 0.01 0.38 D700372A014B5106 20170928140637
B0 0002 00 00 00 00 80 FF FF 00 FF 29.50 30.00 31.50 2880 224.00 0.10 3.50 12.00 0.03 0.09 0300372D014B5C06 20170928140637
B0 0002 00 00 00 00 80 FF FF 00 FF 29.50 30.00 31.50 2880 224.25 0.10 3.50 12.00 0.01 0.38 E000372F014B6306 20170928140637
B0 0002 00 00 00 00 80 FF FF 00 FF 29.50 30.00 31.50 2880 224.00 0.10 3.50 12.00 0.01 0.38 11003732014B6E06 20170928140637
B0 0002 00 00 00 00 80 FF FF 00 FF 29.50 30.00 31.50 2880 223.75 0.10 3.50 12.00 0.03 0.09 BD003734014B7606 20170928140638
B0 0002 00 00 00 00 80 FF FF 00 FF 29.50 30.00 31.50 2880 224.00 0.10 3.50 12.00 0.03 0.09 E0003737014B8106 20170928140638
B0 0002 00 00 00 00 80 FF FF 00 FF 29.50 30.00 31.50 2880 224.00 0.10 3.50 12.00 0.03 0.09 AA003739014B8806 20170928140638
B0 0002 00 00 00 00 80 FF FF 00 FF 29.50 30.00 31.50 2880 223.75 0.10 3.50 12.00 0.03 0.38 C000373C014B9306 20170928140638
B0 0002 00 00 00 00 80 FF FF 00 FF 29.50 30.00 31.50 2880 223.75 0.10 3.50 12.00 0.01 0.09 5900373E014B9B06 20170928140638
B0 0002 00 00 00 00 80 FF FF 00 FF 29.50 30.00 31.50 2880 224.25 0.10 3.50 12.00 0.01 0.38 1E003741014BA606 20170928140639
B0 0002 00 00 00 00 80 FF FF 00 FF 29.50 30.00 31.50 2880 224.00 0.10 3.50 12.00 0.01 0.38 FC003743014BAD06 20170928140639
B0 0002 00 00 00 00 80 FF FF 00 FF 29.50 30.00 31.50 2880 223.75 0.10 3.50 12.00 0.01 0.09 2F003746014BB806 20170928140639
B0 0002 00 00 00 00 80 FF FF 00 FF 29.50 30.00 31.50 2880 224.00 0.10 3.50 12.00 0.03 0.09 DC003748014BBF06 20170928140639
B0 0002 00 00 00 00 80 FF FF 00 FF 29.50 30.00 31.50 2880 224.00 0.10 3.50 12.00 0.03 0.38 BF00374A014BC606 20170928140639
B0 0002 00 00 00 00 80 FF FF 00 FF 29.50 30.00 31.50 2880 223.75 0.10 3.50 12.00 0.03 0.38 E800374D014BD106 20170928140640
B0 0002 00 00 00 00 80 FF FF 00 FF 29.50 30.00 31.50 2880 224.50 0.10 3.50 12.00 0.03 0.09 19003750014BDC06 20170928140640
B0 0002 00 00 00 00 80 FF FF 00 FF 29.50 30.00 31.50 2880 224.00 0.10 3.50 12.00 0.03 0.38 FA003752014BE306 20170928140640
B0 0002 00 00 00 00 80 FF FF 00 FF 29.50 30.00 31.50 2880 223.75 0.10 3.50 12.00 0.01 0.09 2E003755014BEE06 20170928140640
B0 0002 00 00 00 00 80 FF FF 00 FF 29.50 30.00 31.50 2880 223.75 0.10 3.50 12.00 0.01 0.38 29003757014BF606 20170928140640
B0 0002 00 00 00 00 80 FF FF 00 FF 29.50 30.00 31.50 2880 224.25 0.10 3.50 12.00 0.01 0.09 31003759014BFD06 20170928140641
B0 0002 00 00 00 00 80 FF FF 00 FF 29.50 30.00 31.50 2880 224.00 0.10 3.50 12.00 0.03 0.09 6A00375C014C0806 20170928140641
B0 0002 00 00 00 00 80 FF FF 00 FF 29.50 30.00 31.50 2880 223.75 0.10 3.50 12.00 0.01 0.38 6300375E014C0F06 20170928140641
B0 0002 00 00 00 00 80 FF FF 00 FF 29.50 30.00 31.50 2880 224.00 0.10 3.50 12.00 0.03 0.09 D6003761014C1A06 20170928140641
B0 0002 00 00 00 00 80 FF FF 00 FF 29.50 30.00 31.50 2880 224.00 0.10 3.50 12.00 0.03 0.38 91003763014C2106 20170928140641
B0 0002 00 00 00 00 80 FF FF 00 FF 29.50 30.00 31.50 2880 224.25 0.10 3.50 12.00 0.01 0.09 93003766014C2C06 20170928140642
B0 0002 00 00 00 00 80 FF FF 00 FF 29.50 30.00 31.50 2880 224.25 0.10 3.50 12.00 0.03 0.38 B1003768014C3306 20170928140642
B0 0002 00 00 00 00 80 FF FF 00 FF 29.50 30.00 31.50 2880 223.75 0.10 3.50 12.00 0.03 0.09 CE00376B014C3E06 20170928140642
B0 0002 00 00 00 00 80 FF FF 00 FF 29.50 30.00 31.50 2880 223.75 0.10 3.50 12.00 0.03 0.38 5400376D014C4506 20170928140642
B0 0002 00 00 00 00 80 FF FF 00 FF 29.50 30.00 31.50 2880 224.00 0.10 3.50 12.00 0.01 0.09 E400376F014C4C06 20170928140642
B0 0002 00 00 00 00 80 FF FF 00 FF 29.50 30.00 31.50 2880 224.25 0.10 3.50 12.00 0.01 0.38 ED003772014C5806 20170928140643
B0 0002 00 00 00 00 80 FF FF 00 FF 29.50 30.00 31.50 2880 224.50 0.10 3.50 12.00 0.03 0.38 43003775014C6206 20170928140643
B0 0002 00 00 00 00 80 FF FF 00 FF 29.50 30.00 31.50 2880 224.25 0.10 3.50 12.00 0.03 0.38 A1003777014C6906 20170928140643
B0 0002 00 00 00 00 80 FF FF 00 FF 29.50 30.00 31.50 2880 223.75 0.10 3.50 12.00 0.01 0.09 6C00377A014C7406 20170928140643
B0 0002 00 00 00 00 80 FF FF 00 FF 29.50 30.00 31.50 2880 223.75 0.10 3.50 12.00 0.03 0.38 8100377C014C7B06 20170928140643
B0 0002 00 00 00 00 80 FF FF 00 FF 29.50 30.00 31.50 2880 224.00 0.10 3.50 12.00 0.03 0.38 0E00377E014C8206 20170928140644
B0 0002 00 00 00 00 80 FF FF 00 FF 29.50 30.00 31.50 2880 224.50 0.10 3.50 12.00 0.03 0.09 CE003781014C8E06 20170928140644
B0 0002 00 00 00 00 80 FF FF 00 FF 29.50 30.00 31.50 2880 224.00 0.10 3.50 12.00 0.01 0.38 66003784014C9806 20170928140644
B0 0002 00 00 00 00 80 FF FF 00 FF 29.50 30.50 31.50 2880 223.75 0.10 3.50 12.00 0.03 0.38 5A003786014CA006 20170928140644
B0 0002 00 00 00 00 80 FF FF 00 FF 29.50 30.00 31.50 2880 224.25 0.10 3.50 12.00 0.03 0.38 29003789014CAB06 20170928140644
B0 0002 00 00 00 00 80 FF FF 00 FF 29.50 30.00 31.50 2880 224.00 0.10 3.50 12.00 0.03 0.38 0700378B014CB206 20170928140645
B0 0002 00 00 00 00 80 FF FF 00 FF 29.50 30.00 31.50 2880 224.25 0.10 3.50 12.00 0.03 0.09 5700378E014CBD06 20170928140645
B0 0002 00 00 00 00 80 FF FF 00 FF 29.50 30.00 31.50 2880 224.50 0.10 3.50 12.00 0.03 0.09 6C003790014CC406 20170928140645
B0 0002 00 00 00 00 80 FF FF 00 FF 29.50 30.00 31.50 2880 223.75 0.10 3.50 12.00 0.03 0.38 E5003793014CCF06 20170928140645
B0 0002 00 00 00 00 80 FF FF 00 FF 29.50 30.00 31.50 2880 224.00 0.10 3.50 12.00 0.03 0.09 49003795014CD706 20170928140645
B0 0002 00 00 00 00 80 FF FF 00 FF 29.50 30.00 31.50 2880 223.75 0.10 3.50 12.00 0.03 0.38 8B003798014CE106 20170928140646
B0 0002 00 00 00 00 80 FF FF 00 FF 29.50 30.00 31.50 2880 223.75 0.10 3.50 12.00 0.03 0.09 1200379A014CE906 20170928140646
B0 0002 00 00 00 00 80 FF FF 00 FF 29.50 30.00 31.50 2880 224.00 0.10 3.50 12.00 0.01 0.38 5800379D014CF406 20170928140646
B0 0002 00 00 00 00 80 FF FF 00 FF 29.50 30.00 31.50 2880 223.75 0.10 3.50 12.00 0.01 0.38 1E00379F014CFB06 20170928140646
B0 0002 00 00 00 00 80 FF FF 00 FF 29.50 30.00 31.50 2880 224.25 0.10 3.50 12.00 0.03 0.38 F10037A2014D0606 20170928140646
B0 0002 00 00 00 00 80 FF FF 00 FF 29.50 30.00 31.50 2880 224.00 0.10 3.50 12.00 0.01 0.09 B80037A4014D0D06 20170928140647
B0 0002 00 00 00 00 80 FF FF 00 FF 29.50 30.00 31.50 2880 223.50 0.10 3.50 12.00 0.01 0.38 160037A7014D1806 20170928140647
B0 0002 00 00 00 00 80 FF FF 00 FF 29.50 30.00 31.50 2880 224.25 0.10 3.50 12.00 0.03 0.38 E50037A9014D1F06 20170928140647
B0 0002 00 00 00 00 80 FF FF 00 FF 29.50 30.00 31.50 2880 223.75 0.10 3.50 12.00 0.03 0.38 0D0037AC014D2A06 20170928140647
B0 0002 00 00 00 00 80 FF FF 00 FF 29.50 30.00 31.50 2880 223.75 0.10 3.50 12.00 0.03 0.38 710037AE014D3106 20170928140647
B0 0002 00 00 00 00 80 FF FF 00 FF 29.50 30.00 31.50 2880 224.50 0.10 3.50 12.00 0.03 0.09 560037B1014D3C06 20170928140648
B0 0002 00 00 00 00 80 FF FF 00 FF 29.50 30.00 31.50 2880 224.50 0.10 3.50 12.00 0.03 0.38 710037B4014D4706 20170928140648
B0 0002 00 00 00 00 80 FF FF 00 FF 29.50 30.00 31.50 2880 223.50 0.10 3.50 12.00 0.01 0.38 C10037B6014D4E06 20170928140648
B0 0002 00 00 00 00 80 FF FF 00 FF 29.50 30.00 31.50 2880 224.25 0.10 3.50 12.00 0.03 0.09 C70037B9014D5906 20170928140648
B0 0002 00 00 00 00 80 FF FF 00 FF 29.50 30.00 31.50 2880 224.00 0.10 3.50 12.00 0.03 0.38 D20037BB014D6006 20170928140649
B0 0002 00 00 00 00 80 FF FF 00 FF 29.50 30.00 31.50 2880 224.00 0.10 3.50 12.00 0.01 0.38 260037BE014D6B06 20170928140649
B0 0002 00 00 00 00 80 FF FF 00 FF 29.50 30.00 31.50 2880 224.75 0.10 3.50 12.00 0.03 0.38 BC0037C0014D7306 20170928140649
B0 0002 00 00 00 00 80 FF FF 00 FF 29.50 30.00 31.50 2880 224.00 0.10 3.50 12.00 0.03 0.38 C30037C3014D7E06 20170928140649
B0 0002 00 00 00 00 80 FF FF 00 FF 29.50 30.00 31.50 2880 223.50 0.10 3.50 12.00 0.03 0.09 B50037C5014D8506 20170928140649
B0 0002 00 00 00 00 80 FF FF 00 FF 29.50 30.00 31.50 2880 223.75 0.10 3.50 12.00 0.01 0.38 370037C8014D9006 20170928140650
B0 0002 00 00 00 00 80 FF FF 00 FF 29.50 30.00 31.50 2880 224.00 0.10 3.50 12.00 0.03 0.38 3E0037CA014D9706 20170928140650
B0 0002 00 00 00 00 80 FF FF 00 FF 29.50 30.00 31.50 2880 224.00 0.10 3.50 12.00 0.03 0.38 000037CD014DA206 20170928140650
B0 0002 00 00 00 00 80 FF FF 00 FF 29.50 30.00 31.50 2880 224.00 0.10 3.50 12.00 0.03 0.38 E20037CF014DA906 20170928140650
B0 0002 00 00 00 00 80 FF FF 00 FF 29.50 30.00 31.50 2880 224.50 0.10 3.50 12.00 0.03 0.38 8D0037D2014DB406 20170928140650
B0 0002 00 00 00 00 80 FF FF 00 FF 29.50 30.00 31.50 2880 224.00 0.10 3.50 12.00 0.03 0.38 600037D4014DBB06 20170928140651
B0 0002 00 00 00 00 80 FF FF 00 FF 29.50 30.00 31.50 2880 224.00 0.10 3.50 12.00 0.01 0.38 CC0037D7014DC606 20170928140651
B0 0002 00 00 00 00 80 FF FF 00 FF 29.50 30.00 31.50 2880 224.75 0.10 3.50 12.00 0.01 0.09 1C0037DA014DD106 20170928140651
B0 0002 00 00 00 00 80 FF FF 00 FF 29.50 30.00 31.50 2880 224.25 0.10 3.50 12.00 0.01 0.38 070037DC014DD806 20170928140651
B0 0002 00 00 00 00 80 FF FF 00 FF 29.50 30.00 31.50 2880 223.50 0.10 3.50 12.00 0.03 0.38 0E0037DE014DDF06 20170928140651
B0 0002 00 00 00 00 80 FF FF 00 FF 29.50 30.00 31.50 2880 224.00 0.10 3.50 12.00 0.03 0.38 800037E1014DEA06 20170928140652
B0 0002 00 00 00 00 80 FF FF 00 FF 29.50 30.00 31.50 2880 224.50 0.10 3.50 12.00 0.03 0.09 4E0037E4014DF506 20170928140652
B0 0002 00 00 00 00 80 FF FF 00 FF 29.50 30.00 31.50 2880 224.00 0.10 3.50 12.00 0.01 0.09 D70037E6014DFD06 20170928140652
B0 0002 00 00 00 00 80 FF FF 00 FF 29.50 30.00 31.50 2880 224.25 0.10 3.50 12.00 0.03 0.09 840037E9014E0806 20170928140652
B0 0002 00 00 00 00 80 FF FF 00 FF 29.50 30.00 31.50 2880 223.75 0.10 3.50 12.00 0.03 0.38 8D0037EB014E0F06 20170928140652
B0 0002 00 00 00 00 80 FF FF 00 FF 29.50 30.00 31.50 2880 224.25 0.10 3.50 12.00 0.03 0.38 250037EE014E1906 20170928140653
B0 0002 00 00 00 00 80 FF FF 00 FF 29.50 30.00 31.50 2880 224.75 0.10 3.50 12.00 0.03 0.38 410037F0014E2106 20170928140653
B0 0002 00 00 00 00 80 FF FF 00 FF 29.50 30.00 31.50 2880 224.25 0.10 3.50 12.00 0.03 0.38 3E0037F3014E2C06 20170928140653
B0 0002 00 00 00 00 80 FF FF 00 FF 29.50 30.00 31.50 2880 224.00 0.10 3.50 12.00 0.03 0.09 4D0037F5014E3306 20170928140653
B0 0002 00 00 00 00 80 FF FF 00 FF 29.50 30.00 31.50 2880 223.50 0.10 3.50 12.00 0.03 0.38 1E0037F8014E3E06 20170928140653
B0 0002 00 00 00 00 80 FF FF 00 FF 29.50 30.00 31.50 2880 224.25 0.10 3.50 12.00 0.03 0.09 AF0037FB014E4906 20170928140654
B0 0002 00 00 00 00 80 FF FF 00 FF 29.50 30.00 31.50 2880 224.25 0.10 3.50 12.00 0.01 0.38 2A0037FD014E5006 20170928140654
B0 0002 00 00 00 00 80 FF FF 00 FF 29.50 30.00 31.50 2880 224.00 0.10 3.50 12.00 0.03 0.38 B30037FF014E5806 20170928140654
B0 0002 00 00 00 00 80 FF FF 00 FF 29.50 30.00 31.50 2880 224.25 0.10 3.50 12.00 0.01 0.38 1C003802014E6306 20170928140654
B0 0002 00 00 00 00 80 FF FF 00 FF 29.50 30.00 31.50 2880 224.00 0.10 3.50 12.00 0.01 0.09 B3003805014E6D06 20170928140654
B0 0002 00 00 00 00 80 FF FF 00 FF 29.50 30.00 31.50 2880 224.00 0.10 3.50 12.00 0.03 0.38 B4003807014E7506 20170928140655
B0 0002 00 00 00 00 80 FF FF 00 FF 29.50 30.00 31.50 2880 224.50 0.10 3.50 12.00 0.01 0.38 D7003809014E7D06 20170928140655
B0 0002 00 00 00 00 80 FF FF 00 FF 29.50 30.00 31.50 2880 224.00 0.10 3.50 12.00 0.01 0.09 3500380C014E8706 20170928140655
B0 0002 00 00 00 00 80 FF FF 00 FF 29.50 30.00 31.50 2880 224.00 0.10 3.50 12.00 0.03 0.38 AC00380E014E8F06 20170928140655
B0 0002 00 00 00 00 80 FF FF 00 FF 29.50 30.00 31.50 2864 224.00 0.10 3.50 12.00 0.01 0.09 21003811014E9906 20170928140655
B0 0002 00 00 00 00 80 FF FF 00 FF 29.50 30.00 31.50 2864 224.00 0.10 3.50 12.00 0.03 0.38 1D003813014EA106 20170928140656
B0 0002 00 00 00 00 80 FF FF 00 FF 29.50 30.00 31.50 2864 224.25 0.10 3.50 12.00 0.03 0.09 1F003816014EAC06 20170928140656
B0 0002 00 00 00 00 80 FF FF 00 FF 29.50 30.00 31.50 2864 224.50 0.10 3.50 12.00 0.03 0.09 DB003819014EB606 20170928140656
B0 0002 00 00 00 00 80 FF FF 00 FF 29.50 30.00 31.50 2864 224.00 0.10 3.50 12.00 0.03 0.38 4200381B014EBE06 20170928140656
B0 0002 00 00 00 00 80 FF FF 00 FF 29.50 30.00 31.50 2864 224.00 0.10 3.50 12.00 0.03 0.09 8E00381E014EC906 20170928140656
B0 0002 00 00 00 00 80 FF FF 00 FF 29.50 30.00 31.50 2864 224.25 0.10 3.50 12.00 0.01 0.09 BB003820014ED006 20170928140657
B0 0002 00 00 00 00 80 FF FF 00 FF 29.50 30.00 31.50 2864 224.25 0.10 3.50 12.00 0.03 0.38 32003823014EDB06 20170928140657
B0 0002 00 00 00 00 80 FF FF 00 FF 29.50 30.00 31.50 2864 224.25 0.10 3.50 12.00 0.03 0.38 8C003825014EE206 20170928140657
B0 0002 00 00 00 00 80 FF FF 00 FF 29.50 30.00 31.50 2864 223.75 0.10 3.50 12.00 0.03 0.38 8D003828014EED06 20170928140657
B0 0002 00 00 00 00 80 FF FF 00 FF 29.50 30.00 31.50 2864 224.25 0.10 3.50 12.00 0.03 0.38 8A00382A014EF506 20170928140657
B0 0002 00 00 00 00 80 FF FF 00 FF 29.50 30.00 31.50 2864 224.75 0.10 3.50 12.00 0.03 0.38 8100382D014EFF06 20170928140658
B0 0002 00 00 00 00 80 FF FF 00 FF 29.50 30.00 31.50 2864 224.50 0.10 3.50 12.00 0.01 0.09 4B003830014F0B06 20170928140658
B0 0002 00 00 00 00 80 FF FF 00 FF 29.50 30.00 31.50 2864 224.75 0.10 3.50 12.00 0.03 0.38 65003832014F1206 20170928140658
B0 0002 00 00 00 00 80 FF FF 00 FF 29.50 30.00 31.50 2864 224.25 0.10 3.50 12.00 0.01 0.38 E3003835014F1D06 20170928140658
B0 0002 00 00 00 00 80 FF FF 00 FF 29.50 30.00 31.50 2864 224.25 0.10 3.50 12.00 0.01 0.38 F6003837014F2406 20170928140658
B0 0002 00 00 00 00 80 FF FF 00 FF 29.50 30.00 31.50 2864 224.50 0.10 3.50 12.00 0.03 0.09 5300383A014F2F06 20170928140659
B0 0002 00 00 00 00 80 FF FF 00 FF 29.50 30.00 31.50 2864 224.75 0.10 3.50 12.00 0.03 0.38 FF00383C014F3706 20170928140659
B0 0002 00 00 00 00 80 FF FF 00 FF 29.50 30.00 31.50 2864 224.50 0.10 3.50 12.00 0.03 0.38 1C00383F014F4206 20170928140659
B0 0002 00 00 00 00 80 FF FF 00 FF 29.50 30.00 31.50 2864 224.25 0.10 3.50 12.00 0.01 0.38 63003841014F4906 20170928140659
B0 0002 00 00 00 00 80 FF FF 00 FF 29.50 30.00 31.50 2864 224.50 0.10 3.50 12.00 0.03 0.38 4D003843014F5006 20170928140659
B0 0002 00 00 00 00 80 FF FF 00 FF 29.50 30.00 31.50 2864 224.50 0.10 3.50 12.00 0.03 0.38 B9003846014F5B06 20170928140700
B0 0002 00 00 00 00 80 FF FF 00 FF 29.50 30.00 31.50 2864 224.25 0.10 3.50 12.00 0.03 0.09 56003848014F6206 20170928140700
B0 0002 00 00 00 00 80 FF FF 00 FF 29.50 30.00 31.50 2864 224.75 0.10 3.50 12.00 0.01 0.38 7B00384B014F6D06 20170928140700
B0 0002 00 00 00 00 80 FF FF 00 FF 29.50 30.00 31.50 2864 224.25 0.10 3.50 12.00 0.03 0.38 D700384D014F7506 20170928140700
B0 0002 00 00 00 00 80 FF FF 00 FF 29.50 30.00 31.50 2864 224.00 0.10 3.50 12.00 0.03 0.38 56003850014F8006 20170928140700
B0 0002 00 00 00 00 80 FF FF 00 FF 29.50 30.00 31.50 2864 225.00 0.10 3.50 12.00 0.03 0.09 5F003852014F8706 20170928140701
B0 0002 00 00 00 00 80 FF FF 00 FF 29.50 30.00 31.50 2864 224.25 0.10 3.50 12.00 0.01 0.38 5A003855014F9206 20170928140701
B0 0002 00 00 00 00 80 FF FF 00 FF 29.50 30.00 31.50 2864 224.25 0.10 3.50 12.00 0.03 0.38 5B003858014F9D06 20170928140701
B0 0002 00 00 00 00 80 FF FF 00 FF 29.50 30.00 31.50 2864 224.50 0.10 3.50 12.00 0.01 0.38 6700385A014FA506 20170928140701
B0 0002 00 00 00 00 80 FF FF 00 FF 29.50 30.00 31.50 2880 224.00 0.10 3.50 12.00 0.03 0.38 6C00385D014FAF06 20170928140701
B0 0002 00 00 00 00 80 FF FF 00 FF 29.50 30.00 31.50 2880 224.50 0.10 3.50 12.00 0.01 0.38 4200385F014FB606 20170928140702
B0 0002 00 00 00 00 80 FF FF 00 FF 29.50 30.00 31.50 2880 224.75 0.10 3.50 12.00 0.03 0.38 3E003862014FC106 20170928140702
B0 0002 00 00 00 00 80 FF FF 00 FF 29.50 30.00 31.50 2880 224.75 0.10 3.50 12.00 0.03 0.38 25003864014FC806 20170928140702
B0 0002 00 00 00 00 80 FF FF 00 FF 29.50 30.00 31.50 2880 224.25 0.10 3.50 12.00 0.03 0.09 32003867014FD306 20170928140702
B0 0002 00 00 00 00 80 FF FF 00 FF 29.50 30.00 31.50 2880 224.50 0.10 3.50 12.00 0.01 0.09 51003869014FDB06 20170928140702
B0 0002 00 00 00 00 80 FF FF 00 FF 29.50 30.00 31.50 2880 224.75 0.10 3.50 12.00 0.03 0.38 F600386C014FE606 20170928140703
B0 0002 00 00 00 00 80 FF FF 00 FF 29.50 30.00 31.50 2880 224.75 0.10 3.50 12.00 0.01 0.38 0A00386F014FF106 20170928140703
B0 0002 00 00 00 00 80 FF FF 00 FF 29.50 30.00 31.50 2880 224.25 0.10 3.50 12.00 0.01 0.38 E2003871014FF806 20170928140703
B0 0002 00 00 00 00 80 FF FF 00 FF 29.50 30.00 31.50 2880 224.50 0.10 3.50 12.00 0.03 0.09 EB003873014FFF06 20170928140703
B0 0002 00 00 00 00 80 FF FF 00 FF 29.50 30.00 31.50 2880 223.75 0.10 3.50 12.00 0.03 0.38 9B00387601500A06 20170928140703
B0 0002 00 00 00 00 80 FF FF 00 FF 29.50 30.00 31.50 2880 224.25 0.10 3.50 12.00 0.03 0.38 6600387801501206 20170928140704
B0 0002 00 00 00 00 80 FF FF 00 FF 29.50 30.00 31.50 2880 224.75 0.10 3.50 12.00 0.03 0.09 6200387B01501C06 20170928140704
B0 0002 00 00 00 00 80 FF FF 00 FF 29.50 30.00 31.50 2880 224.25 0.10 3.50 12.00 0.03 0.38 F500387D01502406 20170928140704
B0 0002 00 00 00 00 80 FF FF 00 FF 29.50 30.00 31.50 2880 224.00 0.10 3.50 12.00 0.01 0.09 B300387F01502B06 20170928140704
B0 0002 00 00 00 00 80 FF FF 00 FF 29.50 30.00 31.50 2880 224.50 0.10 3.50 12.00 0.03 0.38 0B00388101503206 20170928140704
B0 0002 00 00 00 00 80 FF FF 00 FF 29.50 30.00 31.50 2880 225.00 0.10 3.50 12.00 0.03 0.38 5B00388401503D06 20170928140705
B0 0002 00 00 00 00 80 FF FF 00 FF 29.50 30.00 31.50 2880 224.50 0.10 3.50 12.00 0.03 0.38 3800388601504406 20170928140705
B0 0002 00 00 00 00 80 FF FF 00 FF 29.50 30.00 31.50 2880 224.75 0.10 3.50 12.00 0.01 0.38 5B00388801504C06 20170928140705
B0 0002 00 00 00 00 80 FF FF 00 FF 29.50 30.00 31.50 2880 224.75 0.10 3.50 12.00 0.01 0.38 6500388B01505606 20170928140705
B0 0002 00 00 00 00 80 FF FF 00 FF 29.50 30.00 31.50 2880 224.25 0.10 3.50 12.00 0.03 0.38 5700388D01505E06 20170928140705
B0 0002 00 00 00 00 80 FF FF 00 FF 29.50 30.00 31.50 2880 224.50 0.10 3.50 12.00 0.03 0.38 1000388F01506506 20170928140705
B0 0002 00 00 00 00 80 FF FF 00 FF 29.50 30.00 31.50 2880 224.25 0.10 3.50 12.00 0.03 0.09 F800389101506C06 20170928140706
B0 0002 00 00 00 00 80 FF FF 00 FF 29.50 30.00 31.50 2880 224.75 0.10 3.50 12.00 0.01 0.38 9200389401507706 20170928140706
B0 0002 00 00 00 00 80 FF FF 00 FF 29.50 30.00 31.50 2880 224.25 0.10 3.50 12.00 0.03 0.38 0B00389601507F06 20170928140706
B0 0002 00 00 00 00 80 FF FF 00 FF 29.50 30.00 31.50 2880 224.00 0.10 3.50 12.00 0.03 0.09 7E00389801508606 20170928140706
B0 0002 00 00 00 00 80 FF FF 00 FF 29.50 30.00 31.50 2880 224.50 0.10 3.50 12.00 0.03 0.38 8200389B01509106 20170928140706
B0 0002 00 00 00 00 80 FF FF 00 FF 29.50 30.00 31.50 2880 224.25 0.10 3.50 12.00 0.03 0.38 9900389D01509806 20170928140707
B0 0002 00 00 00 00 80 FF FF 00 FF 29.50 30.00 31.50 2880 224.25 0.10 3.50 12.00 0.01 0.38 9000389F01509F06 20170928140707
B0 0002 00 00 00 00 80 FF FF 00 FF 29.50 30.00 31.50 2880 224.00 0.10 3.50 12.00 0.03 0.38 B70038A10150A706 20170928140707
B0 0002 00 00 00 00 80 FF FF 00 FF 29.50 30.00 31.50 2880 224.50 0.10 3.50 12.00 0.03 0.09 1F0038A40150B106 20170928140707
B0 0002 00 00 00 00 80 FF FF 00 FF 29.50 30.00 31.50 2880 223.75 0.10 3.50 12.00 0.01 0.09 860038A60150B906 20170928140707
B0 0002 00 00 00 00 80 FF FF 00 FF 29.50 30.00 31.50 2880 224.00 0.10 3.50 12.00 0.03 0.38 0F0038A90150C306 20170928140708
B0 0002 00 00 00 00 80 FF FF 00 FF 29.50 30.00 31.50 2880 224.75 0.10 3.50 12.00 0.03 0.09 960038AB0150CB06 20170928140708
B0 0002 00 00 00 00 80 FF FF 00 FF 29.50 30.00 31.50 2864 223.75 0.10 3.50 12.00 0.03 0.09 130038AD0150D206 20170928140708
B0 0002 00 00 00 00 80 FF FF 00 FF 29.50 30.00 31.50 2864 224.25 0.10 3.50 12.00 0.01 0.38 B00038B00150DD06 20170928140708
B0 0002 00 00 00 00 80 FF FF 00 FF 29.50 30.00 31.50 2864 223.75 0.10 3.50 12.00 0.03 0.38 A50038B20150E406 20170928140708
B0 0002 00 00 00 00 80 FF FF 00 FF 29.50 30.00 31.50 2864 224.25 0.10 3.50 12.00 0.01 0.09 480038B40150EB06 20170928140708
B0 0002 00 00 00 00 80 FF FF 00 FF 29.50 30.00 31.50 2864 224.00 0.10 3.50 12.00 0.03 0.38 4F0038B60150F306 20170928140709
B0 0002 00 00 00 00 80 FF FF 00 FF 29.50 30.00 31.50 2864 224.25 0.10 3.50 12.00 0.03 0.38 CA0038B90150FE06 20170928140709
B0 0002 00 00 00 00 80 FF FF 00 FF 29.50 30.00 31.50 2864 224.75 0.10 3.50 12.00 0.01 0.38 750038BB01510506 20170928140709
B0 0002 00 00 00 00 80 FF FF 00 FF 29.50 30.00 31.50 2864 224.00 0.10 3.50 12.00 0.03 0.09 6E0038BD01510C06 20170928140709
B0 0002 00 00 00 00 80 FF FF 00 FF 29.50 30.00 31.50 2864 224.00 0.10 3.50 12.00 0.03 0.38 320038C001511706 20170928140709
B0 0002 00 00 00 00 80 FF FF 00 FF 29.50 30.00 31.50 2864 224.25 0.10 3.50 12.00 0.01 0.09 AB0038C201511F06 20170928140710
B0 0002 00 00 00 00 80 FF FF 00 FF 29.50 30.00 31.50 2864 224.00 0.10 3.50 12.00 0.01 0.38 150038C401512606 20170928140710
B0 0002 00 00 00 00 80 FF FF 00 FF 29.50 30.00 31.50 2864 224.00 0.10 3.50 12.00 0.03 0.38 F70038C601512D06 20170928140710
B0 0002 00 00 00 00 80 FF FF 00 FF 29.50 30.00 31.50 2864 224.25 0.10 3.50 12.00 0.03 0.38 A30038C901513806 20170928140710
B0 0002 00 00 00 00 80 FF FF 00 FF 29.50 30.00 31.50 2864 224.25 0.10 3.50 12.00 0.03 0.38 E90038CB01514006 20170928140710
B0 0002 00 00 00 00 80 FF FF 00 FF 29.50 30.00 31.50 2864 224.00 0.10 3.50 12.00 0.01 0.38 4B0038CD01514706 20170928140710
B0 0002 00 00 00 00 80 FF FF 00 FF 29.50 30.00 31.50 2864 224.50 0.10 3.50 12.00 0.03 0.38 6B0038D001515206 20170928140711
B0 0002 00 00 00 00 80 FF FF 00 FF 29.50 30.00 31.50 2864 224.50 0.10 3.50 12.00 0.01 0.38 890038D201515906 20170928140711
B0 0002 00 00 00 00 80 FF FF 00 FF 29.50 30.00 31.50 2864 224.25 0.10 3.50 12.00 0.01 0.38 370038D401516006 20170928140711
B0 0002 00 00 00 00 80 FF FF 00 FF 29.50 30.00 31.50 2864 224.25 0.10 3.50 12.00 0.03 0.09 BE0038D701516B06 20170928140711
B0 0002 00 00 00 00 80 FF FF 00 FF 29.50 30.00 31.50 2864 224.00 0.10 3.50 12.00 0.03 0.38 430038D901517306 20170928140711
B0 0002 00 00 00 00 80 FF FF 00 FF 29.50 30.00 31.50 2864 224.75 0.10 3.50 12.00 0.01 0.38 410038DC01517E06 20170928140712
B0 0002 00 00 00 00 80 FF FF 00 FF 29.50 30.00 31.50 2864 224.50 0.10 3.50 12.00 0.03 0.38 9C0038DE01518506 20170928140712
B0 0002 00 00 00 00 80 FF FF 00 FF 29.50 30.00 31.50 2864 224.25 0.10 3.50 12.00 0.03 0.38 370038E001518C06 20170928140712
B0 0002 00 00 00 00 80 FF FF 00 FF 29.50 30.00 31.50 2864 224.50 0.10 3.50 12.00 0.03 0.38 300038E201519406 20170928140712
B0 0002 00 00 00 00 80 FF FF 00 FF 29.50 30.00 31.50 2864 224.25 0.10 3.50 12.00 0.03 0.09 120038E501519F06 20170928140712
B0 0002 00 00 00 00 80 FF FF 00 FF 29.50 30.00 31.50 2864 224.50 0.10 3.50 12.00 0.01 0.38 070038E70151A606 20170928140712
B0 0002 00 00 00 00 80 FF FF 00 FF 29.50 30.00 31.50 2864 224.50 0.10 3.50 12.00 0.03 0.38 1F0038E90151AD06 20170928140713
B0 0002 00 00 00 00 80 FF FF 00 FF 29.50 30.00 31.50 2864 224.50 0.10 3.50 12.00 0.03 0.09 CC0038EC0151B806 20170928140713
B0 0002 00 00 00 00 80 FF FF 00 FF 29.50 30.00 31.50 2864 224.25 0.10 3.50 12.00 0.03 0.09 860038EE0151C006 20170928140713
B0 0002 00 00 00 00 80 FF FF 00 FF 29.50 30.00 31.50 2864 224.00 0.10 3.50 12.00 0.03 0.09 D70038F00151C706 20170928140713
B0 0002 00 00 00 00 80 FF FF 00 FF 29.50 30.00 31.50 2864 224.25 0.10 3.50 12.00 0.03 0.38 790038F30151D206 20170928140713
B0 0002 00 00 00 00 80 FF FF 00 FF 29.50 30.00 31.50 2864 224.25 0.10 3.50 12.00 0.03 0.38 300038F50151D906 20170928140714
B0 0002 00 00 00 00 80 FF FF 00 FF 29.50 30.00 31.50 2864 224.25 0.10 3.50 12.00 0.03 0.38 250038F70151E006 20170928140714
B0 0002 00 00 00 00 80 FF FF 00 FF 29.50 30.00 31.50 2864 224.00 0.10 3.50 12.00 0.03 0.38 800038FA0151EB06 20170928140714
B0 0002 00 00 00 00 80 FF FF 00 FF 29.50 30.00 31.50 2864 224.50 0.10 3.50 12.00 0.03 0.38 050038FC0151F206 20170928140714
B0 0002 00 00 00 00 80 FF FF 00 FF 29.50 30.00 31.50 2864 224.25 0.10 3.50 12.00 0.01 0.38 280038FF0151FD06 20170928140714
B0 0002 00 00 00 00 80 FF FF 00 FF 29.50 30.00 31.50 2864 224.50 0.10 3.50 12.00 0.01 0.09 AB00390101520506 20170928140715
B0 0002 00 00 00 00 80 FF FF 00 FF 29.50 30.00 31.50 2864 224.75 0.10 3.50 12.00 0.03 0.38 7800390401521006 20170928140715
B0 0002 00 00 00 00 80 FF FF 00 FF 29.50 30.00 31.50 2864 224.25 0.10 3.50 12.00 0.01 0.09 7100390601521706 20170928140715
B0 0002 00 00 00 00 80 FF FF 00 FF 29.50 30.00 31.50 2864 224.00 0.10 3.50 12.00 0.03 0.09 1E00390901522206 20170928140715
B0 0002 00 00 00 00 80 FF FF 00 FF 29.50 30.00 31.50 2864 224.50 0.10 3.50 12.00 0.03 0.09 FC00390B01522906 20170928140715
B0 0002 00 00 00 00 80 FF FF 00 FF 29.50 30.00 31.50 2864 224.50 0.10 3.50 12.00 0.03 0.09 6000390E01523406 20170928140716
B0 0002 00 00 00 00 80 FF FF 00 FF 29.50 30.00 31.50 2864 224.50 0.10 3.50 12.00 0.03 0.38 7E00391001523B06 20170928140716
B0 0002 00 00 00 00 80 FF FF 00 FF 29.50 30.00 31.50 2864 224.00 0.10 3.50 12.00 0.03 0.09 D200391301524606 20170928140716
B0 0002 00 00 00 00 80 FF FF 00 FF 29.50 30.00 31.50 2864 224.00 0.10 3.50 12.00 0.01 0.38 5300391601525106 20170928140716
B0 0002 00 00 00 00 80 FF FF 00 FF 29.50 30.00 31.50 2864 224.50 0.10 3.50 12.00 0.01 0.38 3000391801525906 20170928140716
B0 0002 00 00 00 00 80 FF FF 00 FF 29.50 30.00 31.50 2864 224.00 0.10 3.50 12.00 0.03 0.09 EA00391B01526406 20170928140717
B0 0002 00 00 00 00 80 FF FF 00 FF 29.50 30.00 31.50 2864 224.50 0.10 3.50 12.00 0.03 0.38 0700391D01526B06 20170928140717
B0 0002 00 00 00 00 80 FF FF 00 FF 29.50 30.00 31.50 2864 224.25 0.10 3.50 12.00 0.03 0.09 2B00392001527606 20170928140717
B0 0002 00 00 00 00 80 FF FF 00 FF 29.50 30.00 31.50 2864 224.00 0.10 3.50 12.00 0.03 0.09 C900392201527D06 20170928140717
B0 0002 00 00 00 00 80 FF FF 00 FF 29.50 30.00 31.50 2864 224.50 0.10 3.50 12.00 0.01 0.09 4400392501528906 20170928140717
B0 0002 00 00 00 00 80 FF FF 00 FF 29.50 30.00 31.50 2864 224.50 0.10 3.50 12.00 0.03 0.09 6A00392701529006 20170928140718
B0 0002 00 00 00 00 80 FF FF 00 FF 29.50 30.00 31.50 2864 224.00 0.10 3.50 12.00 0.03 0.09 CF00392A01529B06 20170928140718
B0 0002 00 00 00 00 80 FF FF 00 FF 29.50 30.00 31.50 2864 224.50 0.10 3.50 12.00 0.01 0.38 7100392C0152A206 20170928140718
B0 0002 00 00 00 00 80 FF FF 00 FF 29.50 30.00 31.50 2864 224.25 0.10 3.50 12.00 0.01 0.38 5C00392F0152AD06 20170928140718
B0 0002 00 00 00 00 80 FF FF 00 FF 29.50 30.00 31.50 2864 224.00 0.10 3.50 12.00 0.01 0.38 7C0039320152B806 20170928140718
B0 0002 00 00 00 00 80 FF FF 00 FF 29.50 30.00 31.50 2864 224.75 0.10 3.50 12.00 0.03 0.38 DE0039340152BF06 20170928140719
B0 0002 00 00 00 00 80 FF FF 00 FF 29.50 30.00 31.50 2864 224.50 0.10 3.50 12.00 0.01 0.38 BD0039360152C606 20170928140719
B0 0002 00 00 00 00 80 FF FF 00 FF 29.50 30.00 31.50 2864 224.25 0.10 3.50 12.00 0.03 0.38 BB0039390152D106 20170928140719
B0 0002 00 00 00 00 80 FF FF 00 FF 29.50 30.00 31.50 2864 224.50 0.10 3.50 12.00 0.03 0.38 2200393B0152D906 20170928140719
B0 0002 00 00 00 00 80 FF FF 00 FF 29.50 30.00 31.50 2864 224.25 0.10 3.50 12.00 0.01 0.38 8500393E0152E406 20170928140719
B0 0002 00 00 00 00 80 FF FF 00 FF 29.50 30.00 31.50 2864 224.00 0.10 3.50 12.00 0.03 0.09 910039410152EF06 20170928140720
B0 0002 00 00 00 00 80 FF FF 00 FF 29.50 30.00 31.50 2864 224.75 0.10 3.50 12.00 0.03 0.09 BF0039430152F606 20170928140720
B0 0002 00 00 00 00 80 FF FF 00 FF 29.50 30.00 31.50 2864 224.75 0.10 3.50 12.00 0.03 0.38 F60039450152FD06 20170928140720
B0 0002 00 00 00 00 80 FF FF 00 FF 29.50 30.00 31.50 2864 224.25 0.10 3.50 12.00 0.03 0.09 B700394801530806 20170928140720
B0 0002 00 00 00 00 80 FF FF 00 FF 29.50 30.00 31.50 2864 224.25 0.10 3.50 12.00 0.01 0.38 BE00394A01530F06 20170928140720
B0 0002 00 00 00 00 80 FF FF 00 FF 29.50 30.00 31.50 2864 224.75 0.10 3.50 12.00 0.03 0.09 BB00394D01531A06 20170928140721
B0 0002 00 00 00 00 80 FF FF 00 FF 29.50 30.00 31.50 2880 224.50 0.10 3.50 12.00 0.01 0.38 BD00395001532506 20170928140721
B0 0002 00 00 00 00 80 FF FF 00 FF 29.50 30.00 31.50 2864 224.25 0.10 3.50 12.00 0.03 0.38 0D00395201532C06 20170928140721
B0 0002 00 00 00 00 80 FF FF 00 FF 29.50 30.00 31.50 2864 224.75 0.10 3.50 12.00 0.01 0.38 2100395501533806 20170928140721
B0 0002 00 00 00 00 80 FF FF 00 FF 29.50 30.00 31.50 2864 224.50 0.10 3.50 12.00 0.03 0.38 2800395701533F06 20170928140721
B0 0002 00 00 00 00 80 FF FF 00 FF 29.50 30.00 31.50 2864 224.50 0.10 3.50 12.00 0.03 0.38 9C00395A01534906 20170928140722
B0 0002 00 00 00 00 80 FF FF 00 FF 29.50 30.00 31.50 2864 225.25 0.10 3.50 12.00 0.03 0.09 3000395C01535106 20170928140722
B0 0002 00 00 00 00 80 FF FF 00 FF 29.50 30.00 31.50 2864 224.50 0.10 3.50 12.00 0.01 0.38 4F00395F01535C06 20170928140722
B0 0002 00 00 00 00 80 FF FF 00 FF 29.50 30.00 31.50 2864 224.25 0.10 3.50 12.00 0.01 0.09 B700396101536306 20170928140722
B0 0002 00 00 00 00 80 FF FF 00 FF 29.50 30.00 31.50 2880 224.75 0.10 3.50 12.00 0.01 0.38 B500396401536E06 20170928140722
B0 0002 00 00 00 00 80 FF FF 00 FF 29.50 30.00 31.50 2864 224.75 0.10 3.50 12.00 0.03 0.38 C900396601537506 20170928140723
B0 0002 00 00 00 00 80 FF FF 00 FF 29.50 30.00 31.50 2864 224.75 0.10 3.50 12.00 0.01 0.09 3C00396901538006 20170928140723
B0 0002 00 00 00 00 80 FF FF 00 FF 29.50 30.00 31.50 2864 224.75 0.10 3.50 12.00 0.03 0.38 3500396B01538706 20170928140723
B0 0002 00 00 00 00 80 FF FF 00 FF 29.50 30.00 31.50 2880 224.75 0.10 3.50 12.00 0.03 0.38 CF00396E01539306 20170928140723
B0 0002 00 00 00 00 80 FF FF 00 FF 29.50 30.00 31.50 2880 224.75 0.10 3.50 12.00 0.01 0.38 9300397101539D06 20170928140723
B0 0002 00 00 00 00 80 FF FF 00 FF 29.50 30.00 31.50 2864 224.50 0.10 3.50 12.00 0.03 0.38 AF0039730153A506 20170928140724
B0 0002 00 00 00 00 80 FF FF 00 FF 29.50 30.00 31.50 2880 225.00 0.10 3.50 12.00 0.03 0.38 7C0039760153B006 20170928140724
B0 0002 00 00 00 00 80 FF FF 00 FF 29.50 30.00 31.50 2880 224.25 0.10 3.50 12.00 0.01 0.38 8F0039780153B706 20170928140724
B0 0002 00 00 00 00 80 FF FF 00 FF 29.50 30.00 31.50 2864 224.00 0.10 3.50 12.00 0.01 0.38 3F00397A0153BE06 20170928140724
B0 0002 00 00 00 00 80 FF FF 00 FF 29.50 30.00 31.50 2880 225.00 0.10 3.50 12.00 0.03 0.09 2500397D0153C906 20170928140725
B0 0002 00 00 00 00 80 FF FF 00 FF 29.50 30.00 31.50 2880 224.75 0.10 3.50 12.00 0.03 0.38 840039800153D406 20170928140725
B0 0002 00 00 00 00 80 FF FF 00 FF 29.50 30.00 31.50 2880 224.50 0.10 3.50 12.00 0.01 0.09 1D0039820153DC06 20170928140725
B0 0002 00 00 00 00 80 FF FF 00 FF 29.50 30.00 31.50 2864 224.75 0.10 3.50 12.00 0.03 0.38 9A0039850153E706 20170928140725
B0 0002 00 00 00 00 80 FF FF 00 FF 29.50 30.00 31.50 2880 224.50 0.10 3.50 12.00 0.01 0.38 2A0039870153EE06 20170928140725
B0 0002 00 00 00 00 80 FF FF 00 FF 29.50 30.00 31.50 2880 224.50 0.10 3.50 12.00 0.01 0.38 FA00398A0153F906 20170928140726
B0 0002 00 00 00 00 80 FF FF 00 FF 29.50 30.00 31.50 2864 225.00 0.10 3.50 12.00 0.03 0.38 F700398C01540006 20170928140726
B0 0002 00 00 00 00 80 FF FF 00 FF 29.50 30.00 31.50 2880 224.25 0.10 3.50 12.00 0.01 0.38 7E00398F01540B06 20170928140726
B0 0002 00 00 00 00 80 FF FF 00 FF 29.50 30.00 31.50 2880 224.50 0.10 3.50 12.00 0.01 0.38 1100399201541606 20170928140726
B0 0002 00 00 00 00 80 FF FF 00 FF 29.50 30.00 31.50 2864 224.50 0.10 3.50 12.00 0.03 0.09 5800399401541D06 20170928140726
B0 0002 00 00 00 00 80 FF FF 00 FF 29.50 30.50 31.50 2880 224.50 0.10 3.50 12.00 0.03 0.09 CD00399701542806 20170928140727
B0 0002 00 00 00 00 80 FF FF 00 FF 29.50 30.00 31.50 2864 224.50 0.10 3.50 12.00 0.03 0.09 3000399901543006 20170928140727
B0 0002 00 00 00 00 80 FF FF 00 FF 29.50 30.50 31.50 2880 224.25 0.10 3.50 12.00 0.03 0.09 C400399C01543B06 20170928140727
