Address 79 7A 7B 7C 7D 7E 7F 80 81 82 8D 8E 8F 90 88 89 97 8B 8C 96 Time
B0 0841 00 00 00 00 80 FF 00 00 FF 27.000 32.000 33.000 2940 224.250 0.180 2.500 0.000 0.000 0.000 20171117154059219
B0 0841 00 00 00 00 80 FF 00 00 FF 27.000 31.000 33.000 2940 224.500 0.180 2.500 0.000 0.000 0.000 20171117154059414
B0 0841 00 00 00 00 80 FF 00 00 FF 27.000 31.000 33.000 2940 224.750 0.180 2.250 0.000 0.000 0.000 20171117154059615
B0 0841 00 00 00 00 80 FF 00 00 FF 27.000 31.000 33.000 2940 224.500 0.180 2.500 0.000 0.000 0.000 20171117154059813
B0 0841 00 00 00 00 80 FF 00 00 FF 27.000 32.000 33.000 2940 224.500 0.180 2.750 0.000 0.000 0.000 20171117154100012
B0 0841 00 00 00 00 80 FF 00 00 FF 27.000 32.000 33.000 2940 224.750 0.180 2.000 0.000 0.000 0.000 20171117154100216
B0 0841 00 00 00 00 80 FF 00 00 FF 27.000 31.000 33.000 2940 225.000 0.180 2.250 0.000 0.000 0.000 20171117154100403
B0 0841 00 00 00 00 80 FF 00 00 FF 27.000 32.000 33.000 2940 224.750 0.180 2.250 0.000 0.000 0.000 20171117154100603
B0 0841 00 00 00 00 80 FF 00 00 FF 27.000 31.000 33.000 2940 224.750 0.180 2.250 0.000 0.000 0.000 20171117154100797
B0 0841 00 00 00 00 80 FF 00 00 FF 27.000 31.000 33.000 2940 224.750 0.180 2.250 0.000 0.000 0.000 20171117154100994
B0 0841 00 00 00 00 80 FF 00 00 FF 27.000 31.000 33.000 2940 224.500 0.180 2.250 0.000 0.000 0.000 20171117154101156
B0 0841 00 00 00 00 80 FF 00 00 FF 27.000 31.000 33.000 2940 224.750 0.180 2.000 0.000 0.000 0.000 20171117154101342
B0 0841 00 00 00 00 80 FF 00 00 FF 27.000 32.000 33.000 2940 224.750 0.180 2.250 0.000 0.000 0.000 20171117154101536
B0 0841 00 00 00 00 80 FF 00 00 FF 27.000 32.000 33.000 2940 224.500 0.180 2.250 0.000 0.000 0.000 20171117154101727
B0 0841 00 00 00 00 80 FF 00 00 FF 27.000 32.000 33.000 2940 224.500 0.180 2.500 0.000 0.000 0.000 20171117154101921
B0 0841 00 00 00 00 80 FF 00 00 FF 27.000 32.000 33.000 2940 224.750 0.180 2.500 0.000 0.000 0.000 20171117154102113
B0 0841 00 00 00 00 80 FF 00 00 FF 27.000 31.000 33.000 2940 224.750 0.180 2.500 0.000 0.000 0.000 20171117154102308
B0 0841 00 00 00 00 80 FF 00 00 FF 27.000 31.000 33.000 2940 224.750 0.180 2.500 0.000 0.000 0.000 20171117154102505
B0 0841 00 00 00 00 80 FF 00 00 FF 27.000 32.000 33.000 2940 224.750 0.180 2.500 0.000 0.000 0.000 20171117154102702
B0 0841 00 00 00 00 80 FF 00 00 FF 27.000 31.000 33.000 2940 224.500 0.180 2.500 0.000 0.000 0.000 20171117154102896
B0 0841 00 00 00 00 80 FF 00 00 FF 27.000 31.000 33.000 2940 224.500 0.180 2.250 0.000 0.000 0.000 20171117154103090
B0 0841 00 00 00 00 80 FF 00 00 FF 27.000 31.000 33.000 2940 224.750 0.180 2.500 0.000 0.000 0.000 20171117154103279
B0 0841 00 00 00 00 80 FF 00 00 FF 27.000 31.000 33.000 2940 224.750 0.180 2.500 0.000 0.000 0.000 20171117154103464
B0 0841 00 00 00 00 80 FF 00 00 FF 27.000 31.000 33.000 2940 224.500 0.180 2.500 0.000 0.000 0.000 20171117154103664
B0 0841 00 00 00 00 80 FF 00 00 FF 27.000 31.000 33.000 2940 224.500 0.180 2.500 0.000 0.000 0.000 20171117154103862
B0 0841 00 00 00 00 80 FF 00 00 FF 27.000 31.000 33.000 2940 224.500 0.180 2.500 0.000 0.000 0.000 20171117154104054
B0 0841 00 00 00 00 80 FF 00 00 FF 27.000 31.000 33.000 2940 224.500 0.180 2.250 0.000 0.000 0.000 20171117154104254
B0 0841 00 00 00 00 80 FF 00 00 FF 27.000 31.000 33.000 2940 224.750 0.180 2.250 0.000 0.000 0.000 20171117154104452
B0 0841 00 00 00 00 80 FF 00 00 FF 27.000 32.000 33.000 2940 225.000 0.180 2.500 0.000 0.000 0.000 20171117154104643
B0 0841 00 00 00 00 80 FF 00 00 FF 27.000 31.000 33.000 2940 224.500 0.180 2.500 0.000 0.000 0.000 20171117154104838
B0 0841 00 00 00 00 80 FF 00 00 FF 27.000 32.000 33.000 2940 224.500 0.180 2.500 0.000 0.000 0.000 20171117154105031
B0 0841 00 00 00 00 80 FF 00 00 FF 27.000 31.000 33.000 2940 224.750 0.180 2.250 0.000 0.000 0.000 20171117154105231
B0 0841 00 00 00 00 80 FF 00 00 FF 27.000 32.000 33.000 2940 224.750 0.180 2.500 0.000 0.000 0.000 20171117154105424
B0 0841 00 00 00 00 80 FF 00 00 FF 27.000 32.000 33.000 2940 224.750 0.180 2.500 0.000 0.000 0.000 20171117154105624
B0 0841 00 00 00 00 80 FF 00 00 FF 27.000 32.000 33.000 2940 224.750 0.180 2.500 0.000 0.000 0.000 20171117154105821
B0 0841 00 00 00 00 80 FF 00 00 FF 27.000 31.000 33.000 2940 224.750 0.180 2.500 0.000 0.000 0.000 20171117154106011
B0 0841 00 00 00 00 80 FF 00 00 FF 27.000 31.000 33.000 2940 224.750 0.180 2.500 0.000 0.000 0.000 20171117154106204
B0 0841 00 00 00 00 80 FF 00 00 FF 27.000 31.000 33.000 2940 225.000 0.180 2.250 0.000 0.000 0.000 20171117154106406
B0 0841 00 00 00 00 80 FF 00 00 FF 27.000 31.000 33.000 2940 224.750 0.180 2.250 0.000 0.000 0.000 20171117154106605
B0 0841 00 00 00 00 80 FF 00 00 FF 27.000 31.000 33.000 2940 224.500 0.180 2.500 0.000 0.000 0.000 20171117154106799
B0 0841 00 00 00 00 80 FF 00 00 FF 27.000 31.000 33.000 2940 224.500 0.180 2.500 0.000 0.000 0.000 20171117154106984
B0 0841 00 00 00 00 80 FF 00 00 FF 27.000 31.000 33.000 2940 224.750 0.180 2.500 0.000 0.000 0.000 20171117154107178
B0 0841 00 00 00 00 80 FF 00 00 FF 27.000 31.000 33.000 2940 224.500 0.180 2.500 0.000 0.000 0.000 20171117154107369
B0 0841 00 00 00 00 80 FF 00 00 FF 27.000 31.000 33.000 2940 224.750 0.180 2.500 0.000 0.000 0.000 20171117154107564
B0 0841 00 00 00 00 80 FF 00 00 FF 27.000 31.000 33.000 2940 224.750 0.180 2.500 0.000 0.000 0.000 20171117154107750
B0 0841 00 00 00 00 80 FF 00 00 FF 27.000 31.000 33.000 2940 224.500 0.180 2.500 0.000 0.000 0.000 20171117154107942
B0 0841 00 00 00 00 80 FF 00 00 FF 27.000 31.000 33.000 2952 224.750 0.180 2.500 0.000 0.000 0.000 20171117154108134
B0 0841 00 00 00 00 80 FF 00 00 FF 27.000 31.000 33.000 2940 225.000 0.180 2.250 0.000 0.000 0.000 20171117154108332
B0 0841 00 00 00 00 80 FF 00 00 FF 27.000 31.000 33.000 2940 224.750 0.180 2.250 0.000 0.000 0.000 20171117154108514
B0 0841 00 00 00 00 80 FF 00 00 FF 27.000 31.000 33.000 2968 224.750 0.180 2.250 0.000 0.000 0.000 20171117154108705
B0 0841 00 00 00 00 80 FF 00 00 FF 27.000 31.000 33.000 2940 224.750 0.180 2.500 0.000 0.000 0.000 20171117154108895
B0 0841 00 00 00 00 80 FF 00 00 FF 27.000 31.000 33.000 2940 224.500 0.180 2.250 0.000 0.000 0.000 20171117154109081
B0 0841 00 00 00 00 80 FF 00 00 FF 27.000 31.000 33.000 2948 224.500 0.180 2.500 0.000 0.000 0.000 20171117154109278
B0 0841 00 00 00 00 80 FF 00 00 FF 27.000 31.000 33.000 2940 224.500 0.180 2.500 0.000 0.000 0.000 20171117154109472
B0 0841 00 00 00 00 80 FF 00 00 FF 27.000 31.000 33.000 2940 224.750 0.180 2.500 0.000 0.000 0.000 20171117154109667
B0 0841 00 00 00 00 80 FF 00 00 FF 27.000 31.000 33.000 2940 224.500 0.180 2.250 0.000 0.000 0.000 20171117154109861
B0 0841 00 00 00 00 80 FF 00 00 FF 27.000 31.000 33.000 2940 224.750 0.180 2.500 0.000 0.000 0.000 20171117154110051
B0 0841 00 00 00 00 80 FF 00 00 FF 27.000 31.000 33.000 2940 225.000 0.180 2.500 0.000 0.000 0.000 20171117154110243
B0 0841 00 00 00 00 80 FF 00 00 FF 27.000 31.000 33.000 2940 224.750 0.180 2.500 0.000 0.000 0.000 20171117154110435
B0 0841 00 00 00 00 80 FF 00 00 FF 27.000 31.000 33.000 2940 225.000 0.180 2.500 0.000 0.000 0.000 20171117154110633
B0 0841 00 00 00 00 80 FF 00 00 FF 27.000 31.000 33.000 2940 224.750 0.180 2.500 0.000 0.000 0.000 20171117154110795
B0 0841 00 00 00 00 80 FF 00 00 FF 27.000 31.000 33.000 2940 224.500 0.180 2.500 0.000 0.000 0.000 20171117154110956
B0 0841 00 00 00 00 80 FF 00 00 FF 27.000 31.000 33.000 2940 224.500 0.180 2.250 0.000 0.000 0.000 20171117154111125
B0 0841 00 00 00 00 80 FF 00 00 FF 27.000 31.000 33.000 2940 224.750 0.180 2.250 0.000 0.000 0.000 20171117154111315
B0 0841 00 00 00 00 80 FF 00 00 FF 27.000 31.000 33.000 2940 224.750 0.180 2.500 0.000 0.000 0.000 20171117154111503
B0 0841 00 00 00 00 80 FF 00 00 FF 27.000 31.000 33.000 2940 224.750 0.180 2.500 0.000 0.000 0.000 20171117154111687
B0 0841 00 00 00 00 80 FF 00 00 FF 27.000 31.000 33.000 2940 224.500 0.180 2.500 0.000 0.000 0.000 20171117154111858
B0 0841 00 00 00 00 80 FF 00 00 FF 27.000 31.000 33.000 2940 224.750 0.180 2.500 0.000 0.000 0.000 20171117154112030
B0 0841 00 00 00 00 80 FF 00 00 FF 27.000 31.000 33.000 2940 224.750 0.180 2.500 0.000 0.000 0.000 20171117154112221
B0 0841 00 00 00 00 80 FF 00 00 FF 27.000 31.000 33.000 2940 225.000 0.180 2.500 0.000 0.000 0.000 20171117154112407
B0 0841 00 00 00 00 80 FF 00 00 FF 27.000 31.000 33.000 2940 225.000 0.180 2.500 0.000 0.000 0.000 20171117154112608
B0 0841 00 00 00 00 00 FF 00 00 FF 27.000 31.000 33.000 2940 224.750 0.180 2.250 0.000 0.000 0.000 20171117154112808
B0 0841 00 00 00 00 80 FF 00 00 FF 27.000 31.000 33.000 2940 224.500 0.180 8.000 0.711 18.188 5.000 20171117154113007
B0 0801 00 00 00 00 80 FF 00 00 FF 27.000 31.000 33.000 2968 224.750 0.223 18.250 5.689 10.516 5.000 20171117154113204
B0 0801 00 00 00 00 80 FF 00 00 FF 27.000 31.000 33.000 3120 224.750 0.180 8.000 8.975 5.758 5.000 20171117154113397
B0 0000 00 00 00 00 80 FF 00 00 FF 27.000 31.000 33.000 3508 224.750 0.188 14.750 10.582 3.492 5.000 20171117154113593
B0 0000 00 00 00 00 80 FF 00 00 FF 27.000 31.000 33.000 4084 224.750 0.184 8.500 11.313 2.414 5.000 20171117154113793
B0 0000 00 00 00 00 80 FF 00 00 FF 27.000 31.000 33.000 4832 224.500 0.201 11.250 11.637 1.906 5.000 20171117154113995
B0 0000 00 00 00 00 80 FF 00 00 FF 27.000 31.000 33.000 5440 224.500 0.193 13.250 11.783 1.664 5.000 20171117154114197
B0 0000 00 00 00 00 80 FF 00 00 FF 27.000 31.000 33.000 5880 224.750 0.193 13.500 11.852 1.594 5.000 20171117154114396
B0 0000 00 00 00 00 80 FF 00 00 FF 27.000 32.000 33.000 6128 225.000 0.193 13.250 11.875 1.547 5.000 20171117154114586
B0 0000 00 00 00 00 80 FF 00 00 FF 27.000 32.000 33.000 6256 224.500 0.193 12.750 11.883 1.461 5.000 20171117154114787
B0 0000 00 00 00 00 80 FF 00 00 FF 27.000 32.000 33.000 6152 224.500 0.193 12.750 11.891 1.523 5.000 20171117154114998
B0 0000 00 00 00 00 80 FF 00 00 FF 27.000 32.000 33.000 5968 224.750 0.191 12.500 11.898 1.477 5.000 20171117154115208
B0 0000 00 00 00 00 80 FF 00 00 FF 27.000 32.000 33.000 5744 224.500 0.189 12.250 11.885 1.570 5.000 20171117154115407
B0 0000 00 00 00 00 80 FF 00 00 FF 27.000 32.000 33.000 5472 224.750 0.193 12.250 11.895 1.477 5.000 20171117154115608
B0 0000 00 00 00 00 80 FF 00 00 FF 27.000 32.000 33.000 5240 224.750 0.189 11.500 11.895 1.477 5.000 20171117154115808
B0 0000 00 00 00 00 80 FF 00 00 FF 27.000 32.000 33.000 4936 224.500 0.186 10.750 11.895 1.555 5.000 20171117154116004
B0 0000 00 00 00 00 80 FF 00 00 FF 27.000 32.000 33.000 4664 224.750 0.186 10.500 11.898 1.531 5.000 20171117154116201
B0 0000 00 00 00 00 80 FF 00 00 FF 27.000 32.000 33.000 4416 225.000 0.186 10.750 11.904 1.508 5.000 20171117154116408
B0 0000 00 00 00 00 80 FF 00 00 FF 27.000 32.000 33.000 4168 224.750 0.186 10.750 11.893 1.531 5.000 20171117154116604
B0 0000 00 00 00 00 80 FF 00 00 FF 27.000 32.000 33.000 3944 224.750 0.186 10.750 11.895 1.570 5.000 20171117154116797
B0 0000 00 00 00 00 80 FF 00 00 FF 27.000 32.000 33.000 3748 224.750 0.186 7.500 0.000 0.000 0.000 20171117154116995
B0 0841 00 00 00 00 80 FF 00 00 FF 27.000 32.000 33.000 3536 224.500 0.182 5.500 0.000 0.000 0.000 20171117154117198
B0 0841 00 00 00 00 80 FF 00 00 FF 27.000 32.000 33.000 3360 224.750 0.271 24.750 0.000 0.000 0.000 20171117154117385
B0 0841 00 00 00 00 80 FF 00 00 FF 27.000 32.000 33.000 3208 225.000 0.180 0.000 0.000 0.000 0.000 20171117154117576
B0 0841 00 00 00 00 80 FF 00 00 FF 27.000 32.000 33.000 3060 224.750 0.180 0.000 0.000 0.000 0.000 20171117154117776
B0 0841 00 00 00 00 80 FF 00 00 FF 27.000 32.000 33.000 2856 224.750 0.180 0.000 0.000 0.000 0.000 20171117154117987
B0 0841 00 00 00 00 00 FF 00 00 FF 27.000 32.000 33.000 2700 224.750 0.184 3.750 0.000 0.000 0.000 20171117154118197
B0 0840 00 00 00 00 00 FF 00 00 FF 27.000 32.000 33.000 2580 224.750 0.184 8.000 8.834 1.594 5.000 20171117154118395
B0 0801 00 00 00 00 80 FF 00 00 FF 27.000 32.000 33.000 2460 224.750 0.191 10.250 10.396 1.617 0.000 20171117154118586
B0 0841 00 00 00 00 80 FF 00 00 FF 27.000 32.000 33.000 2368 224.750 0.180 0.000 0.000 0.000 0.000 20171117154118786
B0 0841 00 00 00 00 80 FF 00 00 FF 27.000 32.000 33.000 2280 224.500 0.234 15.000 0.000 0.000 0.000 20171117154118966
B0 0841 00 00 00 00 80 FF 00 00 FF 27.000 32.000 33.000 2224 224.250 0.193 4.000 0.000 0.000 0.000 20171117154119160
B0 0841 00 00 00 00 00 FF 00 00 FF 27.000 32.000 33.000 2200 224.750 0.180 0.000 0.000 0.000 0.000 20171117154119357
B0 0841 00 00 00 00 80 FF 00 00 FF 27.000 32.000 33.000 2176 224.750 0.201 8.000 0.000 0.000 0.000 20171117154119555
B0 0841 00 00 00 00 80 FF 00 00 FF 27.000 32.000 33.000 2164 224.500 0.180 0.000 0.000 0.000 0.000 20171117154119749
B0 0841 00 00 00 00 00 FF 00 00 FF 27.000 32.000 33.000 2220 224.750 0.182 3.500 0.000 0.000 0.000 20171117154119944
B0 0841 00 00 00 00 00 FF 00 00 FF 27.000 32.000 33.000 2356 224.750 0.184 8.000 10.145 1.508 5.000 20171117154120145
B0 0801 00 00 00 00 80 FF 00 00 FF 27.000 32.000 33.000 2580 224.750 0.193 11.000 11.057 1.477 5.000 20171117154120342
B0 0000 00 00 00 00 80 FF 00 00 FF 27.000 32.000 33.000 2992 225.000 0.180 8.000 11.521 1.523 5.000 20171117154120546
B0 0000 00 00 00 00 80 FF 00 00 FF 27.000 32.000 33.000 3268 224.750 0.189 8.000 11.734 1.547 5.000 20171117154120753
B0 0000 00 00 00 00 80 FF 00 00 FF 27.000 32.000 33.000 3560 224.250 0.195 13.000 11.828 1.500 5.000 20171117154120958
B0 0000 00 00 00 00 80 FF 00 00 FF 27.000 32.000 33.000 3740 224.250 0.188 12.000 11.869 1.508 5.000 20171117154121162
B0 0000 00 00 00 00 80 FF 00 00 FF 27.000 32.000 33.000 3900 224.750 0.188 12.000 11.883 1.578 5.000 20171117154121368
B0 0000 00 00 00 00 80 FF 00 00 FF 27.000 32.000 33.000 4004 224.750 0.189 12.000 11.895 1.430 5.000 20171117154121566
B0 0000 00 00 00 00 80 FF 00 00 FF 27.000 32.000 33.000 4012 224.750 0.186 12.000 11.900 1.648 5.000 20171117154121769
B0 0000 00 00 00 00 80 FF 00 00 FF 27.000 32.000 33.000 3960 224.750 0.186 12.000 11.904 1.531 5.000 20171117154121963
B0 0000 00 00 00 00 80 FF 00 00 FF 27.000 32.000 33.000 3840 224.750 0.188 11.750 11.904 1.477 5.000 20171117154122168
B0 0000 00 00 00 00 80 FF 00 00 FF 27.000 32.000 33.000 3712 224.750 0.186 11.750 11.898 1.523 5.000 20171117154122367
B0 0000 00 00 00 00 80 FF 00 00 FF 27.000 32.000 33.000 3568 225.000 0.186 11.750 11.889 1.523 5.000 20171117154122569
B0 0000 00 00 00 00 80 FF 00 00 FF 27.000 32.000 33.000 3448 224.500 0.186 11.500 11.902 1.570 5.000 20171117154122774
B0 0000 00 00 00 00 80 FF 00 00 FF 27.000 32.000 33.000 3284 224.750 0.186 10.500 11.904 1.523 5.000 20171117154122973
B0 0000 00 00 00 00 80 FF 00 00 FF 27.000 32.000 33.000 3148 224.750 0.186 10.250 11.895 1.477 5.000 20171117154123178
B0 0000 00 00 00 00 80 FF 00 00 FF 27.000 32.000 33.000 3060 224.750 0.186 10.250 11.904 1.461 5.000 20171117154123382
B0 0000 00 00 00 00 80 FF 00 00 FF 27.000 32.000 33.000 2936 224.750 0.186 10.250 11.904 1.477 5.000 20171117154123582
B0 0000 00 00 00 00 80 FF 00 00 FF 27.000 32.000 33.000 2832 224.750 0.186 10.250 11.908 1.430 5.000 20171117154123785
B0 0000 00 00 00 00 80 FF 00 00 FF 27.000 32.000 33.000 2728 224.500 0.186 10.250 11.895 1.523 5.000 20171117154123987
B0 0000 00 00 00 00 80 FF 00 00 FF 27.000 32.000 33.000 2700 224.500 0.186 10.250 11.900 1.547 5.000 20171117154124194
B0 0000 00 00 00 00 80 FF 00 00 FF 27.000 32.000 33.000 2668 225.000 0.186 10.250 11.898 1.500 5.000 20171117154124393
B0 0000 00 00 00 00 80 FF 00 00 FF 27.000 32.000 33.000 2668 224.750 0.186 10.250 11.891 1.484 5.000 20171117154124581
B0 0000 00 00 00 00 80 FF 00 00 FF 27.000 32.000 33.000 2640 224.500 0.186 10.500 11.900 1.570 5.000 20171117154124777
B0 0000 00 00 00 00 80 FF 00 00 FF 27.000 32.000 33.000 2692 224.750 0.186 10.250 11.898 1.523 5.000 20171117154124976
B0 0000 00 00 00 00 80 FF 00 00 FF 27.000 32.000 33.000 2832 224.500 0.186 10.500 11.904 1.523 5.000 20171117154125175
B0 0000 00 00 00 00 80 FF 00 00 FF 27.000 32.000 33.000 3028 224.500 0.186 10.500 11.898 1.430 5.000 20171117154125377
B0 0000 00 00 00 00 80 FF 00 00 FF 27.000 32.000 33.000 3148 224.750 0.186 10.500 11.900 1.523 5.000 20171117154125577
B0 0000 00 00 00 00 80 FF 00 00 FF 27.000 32.000 33.000 3312 224.500 0.186 10.750 11.898 1.570 5.000 20171117154125783
B0 0000 00 00 00 00 80 FF 00 00 FF 27.000 32.000 33.000 3448 224.500 0.186 10.500 11.891 1.523 5.000 20171117154125988
B0 0000 00 00 00 00 80 FF 00 00 FF 27.000 32.000 33.000 3584 224.750 0.186 10.500 11.896 1.547 5.000 20171117154126191
B0 0000 00 00 00 00 80 FF 00 00 FF 27.000 32.000 33.000 3632 224.750 0.186 10.500 11.895 1.477 5.000 20171117154126388
B0 0000 00 00 00 00 80 FF 00 00 FF 27.000 32.000 33.000 3684 224.750 0.186 10.750 11.904 1.484 5.000 20171117154126587
B0 0000 00 00 00 00 80 FF 00 00 FF 27.000 32.000 33.000 3696 224.750 0.186 10.500 11.904 1.500 5.000 20171117154126790
B0 0000 00 00 00 00 80 FF 00 00 FF 27.000 32.000 33.000 3688 224.500 0.186 10.250 11.912 1.523 5.000 20171117154126993
B0 0000 00 00 00 00 80 FF 00 00 FF 27.000 32.000 33.000 3688 224.250 0.186 10.250 11.904 1.523 5.000 20171117154127196
B0 0000 00 00 00 00 80 FF 00 00 FF 27.000 32.000 33.000 3660 224.500 0.186 10.250 11.904 1.477 5.000 20171117154127395
B0 0000 00 00 00 00 80 FF 00 00 FF 27.000 32.000 33.000 3612 224.750 0.186 10.250 11.908 1.523 5.000 20171117154127596
B0 0000 00 00 00 00 80 FF 00 00 FF 27.000 32.000 33.000 3568 224.500 0.186 10.500 11.912 1.523 5.000 20171117154127803
B0 0000 00 00 00 00 80 FF 00 00 FF 27.000 32.000 33.000 3492 224.750 0.186 10.250 11.904 1.523 5.000 20171117154128007
B0 0000 00 00 00 00 80 FF 00 00 FF 27.000 32.000 33.000 3420 224.750 0.186 10.250 11.896 1.477 5.000 20171117154128207
B0 0000 00 00 00 00 80 FF 00 00 FF 27.000 32.000 33.000 3372 224.750 0.186 10.250 11.889 1.555 5.000 20171117154128404
B0 0000 00 00 00 00 80 FF 00 00 FF 27.000 32.000 33.000 3276 224.750 0.186 10.250 11.887 1.570 5.000 20171117154128603
B0 0000 00 00 00 00 80 FF 00 00 FF 27.000 32.000 33.000 3240 224.500 0.186 10.500 11.898 1.617 5.000 20171117154128805
B0 0000 00 00 00 00 80 FF 00 00 FF 27.000 33.000 33.000 3172 224.250 0.186 10.500 11.904 1.438 5.000 20171117154129000
B0 0000 00 00 00 00 80 FF 00 00 FF 27.000 33.000 33.000 3128 224.500 0.186 10.250 11.904 1.477 5.000 20171117154129193
B0 0000 00 00 00 00 80 FF 00 00 FF 27.000 33.000 33.000 3088 224.750 0.186 10.500 11.904 1.508 5.000 20171117154129361
B0 0000 00 00 00 00 80 FF 00 00 FF 27.000 33.000 33.000 3060 224.500 0.186 10.250 11.898 1.570 5.000 20171117154129533
B0 0000 00 00 00 00 80 FF 00 00 FF 27.000 33.000 33.000 3028 224.500 0.186 10.500 11.904 1.570 5.000 20171117154129720
B0 0000 00 00 00 00 80 FF 00 00 FF 27.000 33.000 33.000 2996 224.500 0.186 10.250 11.904 1.430 5.000 20171117154129924
B0 0000 00 00 00 00 80 FF 00 00 FF 27.000 33.000 33.000 2968 224.750 0.186 10.250 11.904 1.430 5.000 20171117154130131
B0 0000 00 00 00 00 80 FF 00 00 FF 27.000 33.000 33.000 3000 224.500 0.186 10.500 11.904 1.523 5.000 20171117154130333
B0 0000 00 00 00 00 80 FF 00 00 FF 27.000 33.000 33.000 3028 224.750 0.186 10.500 11.904 1.477 5.000 20171117154130541
B0 0000 00 00 00 00 80 FF 00 00 FF 27.000 33.000 33.000 3040 224.500 0.186 10.500 11.895 1.570 5.000 20171117154130747
B0 0000 00 00 00 00 80 FF 00 00 FF 27.000 33.000 33.000 3120 224.500 0.186 10.500 11.887 1.523 5.000 20171117154130934
B0 0000 00 00 00 00 80 FF 00 00 FF 27.000 33.000 33.000 3180 224.500 0.186 10.250 11.900 1.508 5.000 20171117154131120
B0 0000 00 00 00 00 80 FF 00 00 FF 27.000 33.000 33.000 3216 224.750 0.186 10.500 11.904 1.617 5.000 20171117154131319
B0 0000 00 00 00 00 80 FF 00 00 FF 27.000 33.000 33.000 3296 224.500 0.186 10.500 11.898 1.477 5.000 20171117154131521
B0 0000 00 00 00 00 80 FF 00 00 FF 27.000 33.000 33.000 3328 224.500 0.186 10.500 11.896 1.438 5.000 20171117154131719
B0 0000 00 00 00 00 80 FF 00 00 FF 27.000 33.000 33.000 3376 224.750 0.186 10.500 11.893 1.508 5.000 20171117154131966
B0 0000 00 00 00 00 80 FF 00 00 FF 27.000 33.000 33.000 3420 224.500 0.186 10.500 11.904 1.484 5.000 20171117154132165
B0 0000 00 00 00 00 80 FF 00 00 FF 27.000 33.000 33.000 3444 224.750 0.186 10.500 11.896 1.523 5.000 20171117154132369
B0 0000 00 00 00 00 80 FF 00 00 FF 27.000 33.000 33.000 3480 224.750 0.186 10.500 11.902 1.570 5.000 20171117154132579
B0 0000 00 00 00 00 80 FF 00 00 FF 27.000 33.000 33.000 3508 224.500 0.186 10.500 11.887 1.477 5.000 20171117154132783
B0 0000 00 00 00 00 80 FF 00 00 FF 27.000 33.000 33.000 3508 224.750 0.186 10.500 11.891 1.430 5.000 20171117154132978
B0 0000 00 00 00 00 80 FF 00 00 FF 27.000 33.000 33.000 3508 224.500 0.186 10.500 11.904 1.570 5.000 20171117154133189
B0 0000 00 00 00 00 80 FF 00 00 FF 27.000 33.000 33.000 3476 224.500 0.186 10.500 11.904 1.555 5.000 20171117154133381
B0 0000 00 00 00 00 80 FF 00 00 FF 27.000 33.000 33.000 3424 224.750 0.186 10.250 11.887 1.570 5.000 20171117154133572
B0 0000 00 00 00 00 80 FF 00 00 FF 27.000 33.000 33.000 3420 224.500 0.186 10.500 11.904 1.570 5.000 20171117154133762
B0 0000 00 00 00 00 80 FF 00 00 FF 27.000 33.000 33.000 3376 224.250 0.186 10.500 11.904 1.570 5.000 20171117154133956
B0 0000 00 00 00 00 80 FF 00 00 FF 27.000 33.000 33.000 3360 224.500 0.186 10.500 11.904 1.570 5.000 20171117154134147
B0 0000 00 00 00 00 80 FF 00 00 FF 27.000 33.000 33.000 3328 224.750 0.186 10.500 11.898 1.570 5.000 20171117154134333
B0 0000 00 00 00 00 80 FF 00 00 FF 27.000 33.000 33.000 3292 224.750 0.186 10.500 11.904 1.570 5.000 20171117154134525
B0 0000 00 00 00 00 80 FF 00 00 FF 27.000 33.000 33.000 3268 224.500 0.186 10.250 11.904 1.484 5.000 20171117154134722
B0 0000 00 00 00 00 80 FF 00 00 FF 27.000 33.000 33.000 3268 224.500 0.186 10.500 11.893 1.570 5.000 20171117154134924
B0 0000 00 00 00 00 80 FF 00 00 FF 27.000 33.000 33.000 3256 224.500 0.186 10.250 11.887 1.523 5.000 20171117154135118
B0 0000 00 00 00 00 80 FF 00 00 FF 27.000 33.000 33.000 3240 224.500 0.186 10.500 11.889 1.547 5.000 20171117154135316
B0 0000 00 00 00 00 80 FF 00 00 FF 27.000 33.000 33.000 3208 224.750 0.186 10.500 11.904 1.523 5.000 20171117154135504
B0 0000 00 00 00 00 80 FF 00 00 FF 27.000 33.000 33.000 3208 224.750 0.186 10.500 11.900 1.523 5.000 20171117154135689
B0 0000 00 00 00 00 80 FF 00 00 FF 27.000 33.000 33.000 3188 224.500 0.186 10.250 11.900 1.430 5.000 20171117154135880
B0 0000 00 00 00 00 80 FF 00 00 FF 27.000 33.000 33.000 3180 224.500 0.186 10.750 11.904 1.477 5.000 20171117154136071
B0 0000 00 00 00 00 80 FF 00 00 FF 27.000 33.000 33.000 3180 224.750 0.186 10.250 11.904 1.484 5.000 20171117154136262
B0 0000 00 00 00 00 80 FF 00 00 FF 27.000 33.000 33.000 3180 224.500 0.186 10.250 11.893 1.523 5.000 20171117154136451
B0 0000 00 00 00 00 80 FF 00 00 FF 27.000 33.000 33.000 3180 224.500 0.186 10.250 11.891 1.430 5.000 20171117154136644
B0 0000 00 00 00 00 80 FF 00 00 FF 27.000 33.000 33.000 3180 224.250 0.186 10.250 11.885 1.570 5.000 20171117154136839
B0 0000 00 00 00 00 80 FF 00 00 FF 27.000 33.000 33.000 3180 224.000 0.186 10.250 11.904 1.477 5.000 20171117154137031
B0 0000 00 00 00 00 80 FF 00 00 FF 27.000 33.000 33.000 3180 224.250 0.186 10.250 11.904 1.523 5.000 20171117154137220
B0 0000 00 00 00 00 80 FF 00 00 FF 27.000 33.000 33.000 3180 224.500 0.186 10.250 11.906 1.477 5.000 20171117154137408
B0 0000 00 00 00 00 80 FF 00 00 FF 27.000 33.000 33.000 3148 224.500 0.186 10.500 11.906 1.430 5.000 20171117154137594
B0 0000 00 00 00 00 80 FF 00 00 FF 27.000 33.000 33.000 3148 224.250 0.186 10.500 11.904 1.477 5.000 20171117154137789
B0 0000 00 00 00 00 80 FF 00 00 FF 27.000 33.000 33.000 3148 224.500 0.186 10.250 11.887 1.477 5.000 20171117154137979
B0 0000 00 00 00 00 80 FF 00 00 FF 27.000 33.000 33.000 3148 224.500 0.186 10.250 11.889 1.477 5.000 20171117154138166
B0 0000 00 00 00 00 80 FF 00 00 FF 27.000 33.000 33.000 3148 224.500 0.186 10.250 11.898 1.477 5.000 20171117154138353
B0 0000 00 00 00 00 80 FF 00 00 FF 27.000 33.000 33.000 3148 224.750 0.186 10.500 11.904 1.523 5.000 20171117154138546
B0 0000 00 00 00 00 80 FF 00 00 FF 27.000 33.000 33.000 3148 224.500 0.186 10.250 11.904 1.438 5.000 20171117154138743
B0 0000 00 00 00 00 80 FF 00 00 FF 27.000 33.000 33.000 3148 224.250 0.186 10.250 11.896 1.523 5.000 20171117154138933
B0 0000 00 00 00 00 80 FF 00 00 FF 27.000 33.000 33.000 3120 224.500 0.186 10.500 11.895 1.438 5.000 20171117154139124
B0 0000 00 00 00 00 80 FF 00 00 FF 27.000 33.000 33.000 3144 224.500 0.186 10.500 11.893 1.477 5.000 20171117154139318
B0 0000 00 00 00 00 80 FF 00 00 FF 27.000 33.000 33.000 3136 224.500 0.186 10.250 11.904 1.578 5.000 20171117154139503
B0 0000 00 00 00 00 80 FF 00 00 FF 27.000 33.000 33.000 3120 224.500 0.186 10.250 11.885 1.617 5.000 20171117154139695
B0 0000 00 00 00 00 80 FF 00 00 FF 27.000 33.000 33.000 3120 224.250 0.186 10.500 11.891 1.523 5.000 20171117154139887
B0 0000 00 00 00 00 80 FF 00 00 FF 27.000 33.000 33.000 3120 224.250 0.186 10.250 11.887 1.477 5.000 20171117154140074
B0 0000 00 00 00 00 80 FF 00 00 FF 27.000 33.000 33.000 3120 224.500 0.186 10.250 11.895 1.570 5.000 20171117154140297
B0 0000 00 00 00 00 80 FF 00 00 FF 27.000 33.000 33.000 3148 224.500 0.186 10.250 11.893 1.531 5.000 20171117154140486
B0 0000 00 00 00 00 80 FF 00 00 FF 27.000 33.000 33.000 3120 224.500 0.186 10.500 11.900 1.477 5.000 20171117154140675
B0 0000 00 00 00 00 80 FF 00 00 FF 27.000 33.000 33.000 3132 224.250 0.186 10.250 11.895 1.570 5.000 20171117154140870
B0 0000 00 00 00 00 80 FF 00 00 FF 27.000 33.000 33.000 3120 224.500 0.186 10.500 11.898 1.430 5.000 20171117154141057
B0 0000 00 00 00 00 80 FF 00 00 FF 27.000 33.000 33.000 3120 224.500 0.186 10.250 11.904 1.461 5.000 20171117154141245
B0 0000 00 00 00 00 80 FF 00 00 FF 27.000 33.000 33.000 3120 224.250 0.186 10.500 11.904 1.500 5.000 20171117154141438
B0 0000 00 00 00 00 80 FF 00 00 FF 27.000 33.000 33.000 3120 224.500 0.186 10.250 11.904 1.500 5.000 20171117154141629
B0 0000 00 00 00 00 80 FF 00 00 FF 27.000 33.000 33.000 3120 224.500 0.186 10.500 11.904 1.508 5.000 20171117154141823
B0 0000 00 00 00 00 80 FF 00 00 FF 27.000 33.000 33.000 3120 224.250 0.186 10.250 11.904 1.570 5.000 20171117154142017
B0 0000 00 00 00 00 80 FF 00 00 FF 27.000 33.000 33.000 3120 224.500 0.186 10.500 11.904 1.523 5.000 20171117154142213
B0 0000 00 00 00 00 80 FF 00 00 FF 27.000 33.000 33.000 3120 224.750 0.186 10.250 11.904 1.617 5.000 20171117154142406
B0 0000 00 00 00 00 80 FF 00 00 FF 27.000 33.000 33.000 3120 224.500 0.186 10.250 11.904 1.547 5.000 20171117154142597
B0 0000 00 00 00 00 80 FF 00 00 FF 27.000 33.000 33.000 3120 224.500 0.186 10.500 11.904 1.617 5.000 20171117154142797
B0 0000 00 00 00 00 80 FF 00 00 FF 27.000 33.000 33.000 3120 224.500 0.186 10.500 11.906 1.523 5.000 20171117154142991
B0 0000 00 00 00 00 80 FF 00 00 FF 27.000 33.000 33.000 3120 224.500 0.186 10.500 11.898 1.477 5.000 20171117154143185
B0 0000 00 00 00 00 80 FF 00 00 FF 27.000 33.000 33.000 3120 224.500 0.186 10.250 11.904 1.477 5.000 20171117154143379
B0 0000 00 00 00 00 80 FF 00 00 FF 27.000 33.000 33.000 3120 224.250 0.186 10.250 11.904 1.477 5.000 20171117154143576
B0 0000 00 00 00 00 80 FF 00 00 FF 27.000 33.000 33.000 3120 224.000 0.186 10.250 11.904 1.570 5.000 20171117154143766
B0 0000 00 00 00 00 80 FF 00 00 FF 27.000 33.000 33.000 3120 224.000 0.186 10.250 11.904 1.508 5.000 20171117154143965
B0 0000 00 00 00 00 80 FF 00 00 FF 27.000 33.000 33.000 3120 224.500 0.186 10.500 11.904 1.547 5.000 20171117154144159
B0 0000 00 00 00 00 80 FF 00 00 FF 27.000 33.000 33.000 3140 224.500 0.186 10.250 11.904 1.477 5.000 20171117154144347
B0 0000 00 00 00 00 80 FF 00 00 FF 27.000 33.000 33.000 3120 224.500 0.186 10.500 11.904 1.523 5.000 20171117154144537
B0 0000 00 00 00 00 80 FF 00 00 FF 27.000 34.000 33.000 3120 224.250 0.186 10.250 11.895 1.602 5.000 20171117154144729
B0 0000 00 00 00 00 80 FF 00 00 FF 27.000 34.000 33.000 3120 224.250 0.186 10.250 11.904 1.531 5.000 20171117154144924
B0 0000 00 00 00 00 80 FF 00 00 FF 27.000 34.000 33.000 3120 224.000 0.186 10.500 11.898 1.547 5.000 20171117154145114
B0 0000 00 00 00 00 80 FF 00 00 FF 27.000 34.000 33.000 3120 224.250 0.186 10.500 11.895 1.461 5.000 20171117154145307
B0 0000 00 00 00 00 80 FF 00 00 FF 27.000 34.000 33.000 3120 224.250 0.186 10.250 11.895 1.477 5.000 20171117154145500
B0 0000 00 00 00 00 80 FF 00 00 FF 27.000 34.000 33.000 3120 224.000 0.186 10.250 11.895 1.664 5.000 20171117154145694
B0 0000 00 00 00 00 80 FF 00 00 FF 27.000 34.000 33.000 3120 224.250 0.186 10.250 11.898 1.523 5.000 20171117154145893
B0 0000 00 00 00 00 80 FF 00 00 FF 27.000 34.000 33.000 3120 224.250 0.186 10.500 11.898 1.531 5.000 20171117154146085
B0 0000 00 00 00 00 80 FF 00 00 FF 27.000 34.000 33.000 3120 224.250 0.186 10.500 11.898 1.477 5.000 20171117154146276
B0 0000 00 00 00 00 80 FF 00 00 FF 27.000 34.000 33.000 3088 224.500 0.186 10.250 11.904 1.523 5.000 20171117154146471
B0 0000 00 00 00 00 80 FF 00 00 FF 27.000 34.000 33.000 3104 224.500 0.186 10.250 11.898 1.477 5.000 20171117154146659
B0 0000 00 00 00 00 80 FF 00 00 FF 27.000 34.000 33.000 3088 224.250 0.186 10.500 11.895 1.570 5.000 20171117154146857
B0 0000 00 00 00 00 80 FF 00 00 FF 27.000 34.000 33.000 3120 224.000 0.186 10.500 11.895 1.555 5.000 20171117154147050
B0 0000 00 00 00 00 80 FF 00 00 FF 27.000 34.000 33.000 3120 224.250 0.186 10.500 11.889 1.484 5.000 20171117154147246
B0 0000 00 00 00 00 80 FF 00 00 FF 27.000 34.000 33.000 3120 224.500 0.186 10.250 11.885 1.477 5.000 20171117154147444
B0 0000 00 00 00 00 80 FF 00 00 FF 27.000 34.000 33.000 3120 224.250 0.186 10.500 11.893 1.508 5.000 20171117154147641
B0 0000 00 00 00 00 80 FF 00 00 FF 27.000 34.000 33.000 3120 224.250 0.186 10.250 11.904 1.547 5.000 20171117154147839
B0 0000 00 00 00 00 80 FF 00 00 FF 27.000 34.000 33.000 3120 224.500 0.186 10.500 11.904 1.523 5.000 20171117154148035
B0 0000 00 00 00 00 80 FF 00 00 FF 27.000 34.000 33.000 3120 224.250 0.186 10.250 11.904 1.477 5.000 20171117154148230
B0 0000 00 00 00 00 80 FF 00 00 FF 27.000 34.000 33.000 3120 224.500 0.186 10.500 11.904 1.438 5.000 20171117154148425
B0 0000 00 00 00 00 80 FF 00 00 FF 27.000 34.000 33.000 3120 224.500 0.186 10.500 11.898 1.523 5.000 20171117154148634
B0 0000 00 00 00 00 80 FF 00 00 FF 27.000 34.000 33.000 3120 224.000 0.186 10.500 11.883 1.484 5.000 20171117154148846
B0 0000 00 00 00 00 80 FF 00 00 FF 27.000 34.000 33.000 3120 224.250 0.186 10.250 11.896 1.500 5.000 20171117154149035
B0 0000 00 00 00 00 80 FF 00 00 FF 27.000 34.000 33.000 3120 224.250 0.186 10.500 11.904 1.555 5.000 20171117154149229
B0 0000 00 00 00 00 80 FF 00 00 FF 27.000 34.000 33.000 3120 224.250 0.186 10.250 11.904 1.531 5.000 20171117154149421
B0 0000 00 00 00 00 80 FF 00 00 FF 27.000 34.000 33.000 3120 224.500 0.186 10.500 11.898 1.570 5.000 20171117154149619
B0 0000 00 00 00 00 80 FF 00 00 FF 27.000 34.000 33.000 3120 224.500 0.186 10.500 11.904 1.523 5.000 20171117154149814
B0 0000 00 00 00 00 80 FF 00 00 FF 27.000 34.000 33.000 3120 224.250 0.186 10.500 11.896 1.664 5.000 20171117154150008
B0 0000 00 00 00 00 80 FF 00 00 FF 27.000 34.000 33.000 3120 224.500 0.186 10.500 11.896 1.617 5.000 20171117154150206
B0 0000 00 00 00 00 80 FF 00 00 FF 27.000 34.000 33.000 3120 224.750 0.186 10.250 11.904 1.523 5.000 20171117154150408
B0 0000 00 00 00 00 80 FF 00 00 FF 27.000 34.000 33.000 3120 224.500 0.186 10.500 11.904 1.438 5.000 20171117154150603
B0 0000 00 00 00 00 80 FF 00 00 FF 27.000 34.000 33.000 3120 224.250 0.186 10.500 11.904 1.508 5.000 20171117154150806
B0 0000 00 00 00 00 80 FF 00 00 FF 27.000 34.000 33.000 3120 224.500 0.186 10.500 11.904 1.500 5.000 20171117154151000
B0 0000 00 00 00 00 80 FF 00 00 FF 27.000 34.000 33.000 3120 224.250 0.186 7.250 0.000 0.000 0.000 20171117154151194
B0 0841 00 00 00 00 80 FF 00 00 FF 27.000 34.000 33.000 3108 224.250 0.211 12.000 0.000 0.000 0.000 20171117154151381
B0 0841 00 00 00 00 80 FF 00 00 FF 27.000 34.000 33.000 3064 224.500 0.244 17.500 0.000 0.000 0.000 20171117154151571
B0 0841 00 00 00 00 80 FF 00 00 FF 27.000 34.000 33.000 3028 224.250 0.180 0.000 0.000 0.000 0.000 20171117154151780
B0 0841 00 00 00 00 80 FF 00 00 FF 27.000 34.000 33.000 2968 224.250 0.180 0.000 0.000 0.000 0.000 20171117154151972
B0 0841 00 00 00 00 80 FF 00 00 FF 27.000 34.000 33.000 2932 224.500 0.182 2.500 0.000 0.000 0.000 20171117154152166
B0 0841 00 00 00 00 80 FF 00 00 FF 27.000 34.000 33.000 2848 224.750 0.182 2.000 0.000 0.000 0.000 20171117154152362
B0 0841 00 00 00 00 80 FF 00 00 FF 27.000 34.000 33.000 2792 224.500 0.182 2.500 0.000 0.000 0.000 20171117154152561
B0 0841 00 00 00 00 80 FF 00 00 FF 27.000 34.000 33.000 2728 224.500 0.180 1.750 0.000 0.000 0.000 20171117154152753
B0 0841 00 00 00 00 80 FF 00 00 FF 27.000 34.000 33.000 2700 224.500 0.180 1.500 0.000 0.000 0.000 20171117154152947
B0 0841 00 00 00 00 80 FF 00 00 FF 27.000 34.000 33.000 2668 224.250 0.180 1.750 0.000 0.000 0.000 20171117154153138
B0 0841 00 00 00 00 80 FF 00 00 FF 27.000 34.000 33.000 2640 224.500 0.180 1.750 0.000 0.000 0.000 20171117154153330
B0 0841 00 00 00 00 80 FF 00 00 FF 27.000 34.000 33.000 2608 224.500 0.180 1.750 0.000 0.000 0.000 20171117154153524
B0 0841 00 00 00 00 80 FF 00 00 FF 27.000 34.000 33.000 2580 224.250 0.180 1.750 0.000 0.000 0.000 20171117154153721
B0 0841 00 00 00 00 80 FF 00 00 FF 27.000 34.000 33.000 2548 224.500 0.180 1.750 0.000 0.000 0.000 20171117154153915
B0 0841 00 00 00 00 80 FF 00 00 FF 27.000 34.000 33.000 2548 224.500 0.180 1.500 0.000 0.000 0.000 20171117154154106
B0 0841 00 00 00 00 80 FF 00 00 FF 27.000 34.000 33.000 2548 224.500 0.180 2.000 0.000 0.000 0.000 20171117154154299
B0 0841 00 00 00 00 80 FF 00 00 FF 27.000 34.000 33.000 2548 224.500 0.180 1.750 0.000 0.000 0.000 20171117154154492
B0 0841 00 00 00 00 80 FF 00 00 FF 27.000 34.000 33.000 2580 224.500 0.180 1.750 0.000 0.000 0.000 20171117154154681
B0 0841 00 00 00 00 80 FF 00 00 FF 27.000 34.000 33.000 2624 224.500 0.180 2.000 0.000 0.000 0.000 20171117154154872
B0 0841 00 00 00 00 80 FF 00 00 FF 27.000 34.000 33.000 2692 224.250 0.180 1.750 0.000 0.000 0.000 20171117154155070
B0 0841 00 00 00 00 80 FF 00 00 FF 27.000 34.000 33.000 2748 224.500 0.180 2.000 0.000 0.000 0.000 20171117154155262
B0 0841 00 00 00 00 80 FF 00 00 FF 27.000 34.000 33.000 2788 224.750 0.180 1.500 0.000 0.000 0.000 20171117154155456
B0 0841 00 00 00 00 80 FF 00 00 FF 27.000 34.000 33.000 2820 224.500 0.180 2.000 0.000 0.000 0.000 20171117154155650
B0 0841 00 00 00 00 80 FF 00 00 FF 27.000 34.000 33.000 2848 224.500 0.180 2.000 0.000 0.000 0.000 20171117154155840
B0 0841 00 00 00 00 80 FF 00 00 FF 27.000 34.000 33.000 2908 224.500 0.180 1.750 0.000 0.000 0.000 20171117154156036
B0 0841 00 00 00 00 80 FF 00 00 FF 27.000 34.000 33.000 2920 224.500 0.180 2.000 0.000 0.000 0.000 20171117154156230
B0 0841 00 00 00 00 80 FF 00 00 FF 27.000 34.000 33.000 2940 224.750 0.180 1.750 0.000 0.000 0.000 20171117154156427
B0 0841 00 00 00 00 80 FF 00 00 FF 27.000 34.000 33.000 2968 224.750 0.180 1.750 0.000 0.000 0.000 20171117154156619
B0 0841 00 00 00 00 80 FF 00 00 FF 27.000 34.000 33.000 2968 224.500 0.180 2.000 0.000 0.000 0.000 20171117154156811
B0 0841 00 00 00 00 80 FF 00 00 FF 27.000 34.000 33.000 3000 224.500 0.180 1.750 0.000 0.000 0.000 20171117154157004
B0 0841 00 00 00 00 80 FF 00 00 FF 27.000 34.000 33.000 3028 224.500 0.180 1.750 0.000 0.000 0.000 20171117154157193
B0 0841 00 00 00 00 80 FF 00 00 FF 27.000 34.000 33.000 3028 224.500 0.180 1.750 0.000 0.000 0.000 20171117154157391
B0 0841 00 00 00 00 80 FF 00 00 FF 27.000 34.000 33.000 3000 224.500 0.180 1.750 0.000 0.000 0.000 20171117154157586
B0 0841 00 00 00 00 80 FF 00 00 FF 27.000 34.000 33.000 2968 224.500 0.180 2.000 0.000 0.000 0.000 20171117154157778
B0 0841 00 00 00 00 80 FF 00 00 FF 27.000 34.000 33.000 2960 224.500 0.180 1.750 0.000 0.000 0.000 20171117154157975
B0 0841 00 00 00 00 80 FF 00 00 FF 27.000 34.000 33.000 2920 224.500 0.180 1.750 0.000 0.000 0.000 20171117154158169
B0 0841 00 00 00 00 80 FF 00 00 FF 27.000 33.000 33.000 2908 224.750 0.180 1.500 0.000 0.000 0.000 20171117154158364
B0 0841 00 00 00 00 80 FF 00 00 FF 27.000 33.000 33.000 2880 224.750 0.180 1.750 0.000 0.000 0.000 20171117154158557
B0 0841 00 00 00 00 80 FF 00 00 FF 27.000 33.000 33.000 2848 224.250 0.180 2.000 0.000 0.000 0.000 20171117154158750
B0 0841 00 00 00 00 80 FF 00 00 FF 27.000 33.000 33.000 2848 224.250 0.180 1.750 0.000 0.000 0.000 20171117154158947
B0 0841 00 00 00 00 80 FF 00 00 FF 27.000 33.000 33.000 2836 224.250 0.180 1.750 0.000 0.000 0.000 20171117154159141
B0 0841 00 00 00 00 80 FF 00 00 FF 27.000 33.000 33.000 2820 224.250 0.180 1.750 0.000 0.000 0.000 20171117154159338
B0 0841 00 00 00 00 80 FF 00 00 FF 27.000 33.000 33.000 2820 224.500 0.180 1.500 0.000 0.000 0.000 20171117154159535
B0 0841 00 00 00 00 80 FF 00 00 FF 27.000 33.000 33.000 2788 224.250 0.180 1.750 0.000 0.000 0.000 20171117154159731
B0 0841 00 00 00 00 80 FF 00 00 FF 27.000 33.000 33.000 2788 224.000 0.180 1.750 0.000 0.000 0.000 20171117154159933
B0 0841 00 00 00 00 80 FF 00 00 FF 27.000 33.000 33.000 2760 224.500 0.180 1.750 0.000 0.000 0.000 20171117154200130
B0 0841 00 00 00 00 80 FF 00 00 FF 27.000 33.000 33.000 2760 224.750 0.180 1.750 0.000 0.000 0.000 20171117154200334
B0 0841 00 00 00 00 80 FF 00 00 FF 27.000 33.000 33.000 2760 224.500 0.180 1.750 0.000 0.000 0.000 20171117154200530
B0 0841 00 00 00 00 80 FF 00 00 FF 27.000 33.000 33.000 2760 224.500 0.180 1.750 0.000 0.000 0.000 20171117154200733
B0 0841 00 00 00 00 80 FF 00 00 FF 27.000 33.000 33.000 2760 224.500 0.180 1.750 0.000 0.000 0.000 20171117154200938
B0 0841 00 00 00 00 80 FF 00 00 FF 27.000 33.000 33.000 2728 224.250 0.180 1.750 0.000 0.000 0.000 20171117154201136
B0 0841 00 00 00 00 80 FF 00 00 FF 27.000 33.000 33.000 2728 224.000 0.180 1.500 0.000 0.000 0.000 20171117154201334
B0 0841 00 00 00 00 80 FF 00 00 FF 27.000 33.000 33.000 2728 224.500 0.180 1.750 0.000 0.000 0.000 20171117154201534
B0 0841 00 00 00 00 80 FF 00 00 FF 27.000 33.000 33.000 2728 224.000 0.180 1.750 0.000 0.000 0.000 20171117154201735
B0 0841 00 00 00 00 80 FF 00 00 FF 27.000 33.000 33.000 2728 224.250 0.180 1.750 0.000 0.000 0.000 20171117154201935
B0 0841 00 00 00 00 80 FF 00 00 FF 27.000 33.000 33.000 2728 224.500 0.180 1.750 0.000 0.000 0.000 20171117154202132
B0 0841 00 00 00 00 80 FF 00 00 FF 27.000 33.000 33.000 2728 224.500 0.180 1.750 0.000 0.000 0.000 20171117154202331
B0 0841 00 00 00 00 80 FF 00 00 FF 27.000 33.000 33.000 2728 224.500 0.180 1.750 0.000 0.000 0.000 20171117154202528
B0 0841 00 00 00 00 80 FF 00 00 FF 27.000 33.000 33.000 2728 224.500 0.180 1.750 0.000 0.000 0.000 20171117154202731
B0 0841 00 00 00 00 80 FF 00 00 FF 27.000 33.000 33.000 2724 224.250 0.180 1.750 0.000 0.000 0.000 20171117154202932
B0 0841 00 00 00 00 80 FF 00 00 FF 27.000 33.000 33.000 2712 224.000 0.180 1.750 0.000 0.000 0.000 20171117154203137
B0 0841 00 00 00 00 80 FF 00 00 FF 27.000 33.000 33.000 2704 224.250 0.180 1.750 0.000 0.000 0.000 20171117154203338
B0 0841 00 00 00 00 80 FF 00 00 FF 27.000 33.000 33.000 2700 224.500 0.180 2.000 0.000 0.000 0.000 20171117154203535
B0 0841 00 00 00 00 80 FF 00 00 FF 27.000 33.000 33.000 2728 224.250 0.180 1.750 0.000 0.000 0.000 20171117154203732
B0 0841 00 00 00 00 80 FF 00 00 FF 27.000 33.000 33.000 2700 224.250 0.180 1.750 0.000 0.000 0.000 20171117154203934
B0 0841 00 00 00 00 80 FF 00 00 FF 27.000 33.000 33.000 2700 224.500 0.180 1.750 0.000 0.000 0.000 20171117154204129
B0 0841 00 00 00 00 80 FF 00 00 FF 27.000 33.000 33.000 2700 224.250 0.180 1.500 0.000 0.000 0.000 20171117154204323
B0 0841 00 00 00 00 80 FF 00 00 FF 27.000 33.000 33.000 2700 224.500 0.180 1.500 0.000 0.000 0.000 20171117154204523
B0 0841 00 00 00 00 80 FF 00 00 FF 27.000 33.000 33.000 2700 224.500 0.180 2.000 0.000 0.000 0.000 20171117154204724
B0 0841 00 00 00 00 80 FF 00 00 FF 27.000 33.000 33.000 2700 224.000 0.180 1.500 0.000 0.000 0.000 20171117154204921
B0 0841 00 00 00 00 80 FF 00 00 FF 27.000 33.000 33.000 2700 224.000 0.180 1.750 0.000 0.000 0.000 20171117154205130
B0 0841 00 00 00 00 80 FF 00 00 FF 27.000 33.000 33.000 2700 224.250 0.180 1.500 0.000 0.000 0.000 20171117154205330
B0 0841 00 00 00 00 80 FF 00 00 FF 27.000 33.000 33.000 2700 224.500 0.180 1.750 0.000 0.000 0.000 20171117154205529
B0 0841 00 00 00 00 80 FF 00 00 FF 27.000 33.000 33.000 2700 224.250 0.180 1.750 0.000 0.000 0.000 20171117154205732
B0 0841 00 00 00 00 80 FF 00 00 FF 27.000 33.000 33.000 2700 224.500 0.180 1.750 0.000 0.000 0.000 20171117154205934
B0 0841 00 00 00 00 80 FF 00 00 FF 27.000 33.000 33.000 2700 224.250 0.180 1.750 0.000 0.000 0.000 20171117154206145
B0 0841 00 00 00 00 80 FF 00 00 FF 27.000 33.000 33.000 2700 224.500 0.180 1.750 0.000 0.000 0.000 20171117154206346
B0 0841 00 00 00 00 80 FF 00 00 FF 27.000 33.000 33.000 2700 224.750 0.180 1.750 0.000 0.000 0.000 20171117154206549
B0 0841 00 00 00 00 80 FF 00 00 FF 27.000 33.000 33.000 2700 224.250 0.180 1.750 0.000 0.000 0.000 20171117154206754
B0 0841 00 00 00 00 80 FF 00 00 FF 27.000 33.000 33.000 2700 224.250 0.180 1.750 0.000 0.000 0.000 20171117154206955
B0 0841 00 00 00 00 80 FF 00 00 FF 27.000 33.000 33.000 2700 224.250 0.180 1.750 0.000 0.000 0.000 20171117154207161
B0 0841 00 00 00 00 80 FF 00 00 FF 27.000 33.000 33.000 2700 224.250 0.180 1.500 0.000 0.000 0.000 20171117154207363
B0 0841 00 00 00 00 80 FF 00 00 FF 27.000 33.000 33.000 2700 224.500 0.180 2.000 0.000 0.000 0.000 20171117154207561
B0 0841 00 00 00 00 80 FF 00 00 FF 27.000 33.000 33.000 2700 224.250 0.180 1.750 0.000 0.000 0.000 20171117154207761
B0 0841 00 00 00 00 80 FF 00 00 FF 27.000 33.000 33.000 2700 224.000 0.180 1.750 0.000 0.000 0.000 20171117154207964
B0 0841 00 00 00 00 80 FF 00 00 FF 27.000 33.000 33.000 2700 224.500 0.180 1.750 0.000 0.000 0.000 20171117154208167
B0 0841 00 00 00 00 80 FF 00 00 FF 27.000 33.000 33.000 2700 224.500 0.180 1.750 0.000 0.000 0.000 20171117154208371
B0 0841 00 00 00 00 80 FF 00 00 FF 27.000 33.000 33.000 2700 224.250 0.180 1.750 0.000 0.000 0.000 20171117154208578
B0 0841 00 00 00 00 80 FF 00 00 FF 27.000 33.000 33.000 2700 224.000 0.180 1.750 0.000 0.000 0.000 20171117154208782
B0 0841 00 00 00 00 80 FF 00 00 FF 27.000 33.000 33.000 2700 224.000 0.180 1.750 0.000 0.000 0.000 20171117154208994
B0 0841 00 00 00 00 80 FF 00 00 FF 27.000 33.000 33.000 2700 224.000 0.180 1.750 0.000 0.000 0.000 20171117154209199
B0 0841 00 00 00 00 80 FF 00 00 FF 27.000 33.000 33.000 2700 224.250 0.180 1.750 0.000 0.000 0.000 20171117154209402
B0 0841 00 00 00 00 80 FF 00 00 FF 27.000 33.000 33.000 2700 224.250 0.180 1.750 0.000 0.000 0.000 20171117154209612
B0 0841 00 00 00 00 80 FF 00 00 FF 27.000 33.000 33.000 2700 224.000 0.180 1.750 0.000 0.000 0.000 20171117154209813
B0 0841 00 00 00 00 80 FF 00 00 FF 27.000 33.000 33.000 2700 224.250 0.180 1.500 0.000 0.000 0.000 20171117154210015
B0 0841 00 00 00 00 80 FF 00 00 FF 27.000 33.000 33.000 2700 224.500 0.180 1.750 0.000 0.000 0.000 20171117154210219
B0 0841 00 00 00 00 80 FF 00 00 FF 27.000 33.000 33.000 2700 224.500 0.180 1.500 0.000 0.000 0.000 20171117154210423
B0 0841 00 00 00 00 80 FF 00 00 FF 27.000 33.000 33.000 2700 224.250 0.180 1.500 0.000 0.000 0.000 20171117154210619
B0 0841 00 00 00 00 80 FF 00 00 FF 27.000 33.000 33.000 2700 224.000 0.180 1.750 0.000 0.000 0.000 20171117154210872
B0 0841 00 00 00 00 80 FF 00 00 FF 27.000 33.000 33.000 2700 224.000 0.180 1.750 0.000 0.000 0.000 20171117154211072
B0 0841 00 00 00 00 80 FF 00 00 FF 27.000 33.000 33.000 2700 224.000 0.180 1.500 0.000 0.000 0.000 20171117154211283
B0 0841 00 00 00 00 80 FF 00 00 FF 27.000 33.000 33.000 2700 224.500 0.180 1.750 0.000 0.000 0.000 20171117154211492
B0 0841 00 00 00 00 80 FF 00 00 FF 27.000 33.000 33.000 2700 224.250 0.180 1.750 0.000 0.000 0.000 20171117154211692
B0 0841 00 00 00 00 80 FF 00 00 FF 27.000 33.000 33.000 2700 224.250 0.180 1.750 0.000 0.000 0.000 20171117154211894
B0 0841 00 00 00 00 80 FF 00 00 FF 27.000 33.000 33.000 2700 224.250 0.180 1.750 0.000 0.000 0.000 20171117154212101
B0 0841 00 00 00 00 80 FF 00 00 FF 27.000 33.000 33.000 2700 224.500 0.180 1.500 0.000 0.000 0.000 20171117154212301
B0 0841 00 00 00 00 80 FF 00 00 FF 27.000 32.000 33.000 2700 224.500 0.180 1.750 0.000 0.000 0.000 20171117154212510
B0 0841 00 00 00 00 80 FF 00 00 FF 27.000 32.000 33.000 2700 224.250 0.180 1.750 0.000 0.000 0.000 20171117154212752
B0 0841 00 00 00 00 80 FF 00 00 FF 27.000 32.000 33.000 2700 224.000 0.180 1.500 0.000 0.000 0.000 20171117154212961
B0 0841 00 00 00 00 80 FF 00 00 FF 27.000 32.000 33.000 2700 224.000 0.180 1.500 0.000 0.000 0.000 20171117154213164
B0 0841 00 00 00 00 80 FF 00 00 FF 27.000 32.000 33.000 2700 224.250 0.180 1.750 0.000 0.000 0.000 20171117154213372
B0 0841 00 00 00 00 80 FF 00 00 FF 27.000 32.000 33.000 2700 224.000 0.180 1.750 0.000 0.000 0.000 20171117154213577
B0 0841 00 00 00 00 80 FF 00 00 FF 27.000 32.000 33.000 2700 224.000 0.180 1.750 0.000 0.000 0.000 20171117154213779
B0 0841 00 00 00 00 80 FF 00 00 FF 27.000 32.000 33.000 2700 224.000 0.180 1.500 0.000 0.000 0.000 20171117154213986
B0 0841 00 00 00 00 80 FF 00 00 FF 27.000 32.000 33.000 2700 224.000 0.180 1.750 0.000 0.000 0.000 20171117154214186
B0 0841 00 00 00 00 80 FF 00 00 FF 27.000 32.000 33.000 2700 224.250 0.180 1.750 0.000 0.000 0.000 20171117154214394
B0 0841 00 00 00 00 80 FF 00 00 FF 27.000 32.000 33.000 2700 224.250 0.180 1.750 0.000 0.000 0.000 20171117154214601
B0 0841 00 00 00 00 80 FF 00 00 FF 27.000 32.000 33.000 2700 224.000 0.180 2.000 0.000 0.000 0.000 20171117154214805
B0 0841 00 00 00 00 80 FF 00 00 FF 27.000 32.000 33.000 2700 224.000 0.180 1.750 0.000 0.000 0.000 20171117154215020
B0 0841 00 00 00 00 80 FF 00 00 FF 27.000 32.000 33.000 2700 224.000 0.180 1.500 0.000 0.000 0.000 20171117154215232
B0 0841 00 00 00 00 80 FF 00 00 FF 27.000 32.000 33.000 2700 224.000 0.180 1.750 0.000 0.000 0.000 20171117154215442
B0 0841 00 00 00 00 80 FF 00 00 FF 27.000 32.000 33.000 2700 224.250 0.180 1.750 0.000 0.000 0.000 20171117154215652
B0 0841 00 00 00 00 80 FF 00 00 FF 27.000 32.000 33.000 2700 224.250 0.180 1.500 0.000 0.000 0.000 20171117154215859
B0 0841 00 00 00 00 80 FF 00 00 FF 27.000 32.000 33.000 2700 224.000 0.180 1.750 0.000 0.000 0.000 20171117154216066
B0 0841 00 00 00 00 80 FF 00 00 FF 27.000 32.000 33.000 2700 224.250 0.180 1.500 0.000 0.000 0.000 20171117154216284
B0 0841 00 00 00 00 80 FF 00 00 FF 27.000 32.000 33.000 2700 224.500 0.180 2.000 0.000 0.000 0.000 20171117154216490
B0 0841 00 00 00 00 80 FF 00 00 FF 27.000 32.000 33.000 2700 224.250 0.180 1.750 0.000 0.000 0.000 20171117154216695
B0 0841 00 00 00 00 80 FF 00 00 FF 27.000 32.000 33.000 2700 224.000 0.180 1.500 0.000 0.000 0.000 20171117154216903
B0 0841 00 00 00 00 80 FF 00 00 FF 27.000 32.000 33.000 2700 224.250 0.180 1.750 0.000 0.000 0.000 20171117154217110
B0 0841 00 00 00 00 80 FF 00 00 FF 27.000 32.000 33.000 2700 224.000 0.180 1.750 0.000 0.000 0.000 20171117154217311
B0 0841 00 00 00 00 80 FF 00 00 FF 27.000 32.000 33.000 2700 224.250 0.180 1.750 0.000 0.000 0.000 20171117154217518
B0 0841 00 00 00 00 80 FF 00 00 FF 27.000 32.000 33.000 2700 224.500 0.180 2.000 0.000 0.000 0.000 20171117154217725
B0 0841 00 00 00 00 80 FF 00 00 FF 27.000 32.000 33.000 2700 224.000 0.180 1.750 0.000 0.000 0.000 20171117154217930
B0 0841 00 00 00 00 80 FF 00 00 FF 27.000 32.000 33.000 2700 224.250 0.180 1.750 0.000 0.000 0.000 20171117154218138
B0 0841 00 00 00 00 80 FF 00 00 FF 27.000 32.000 33.000 2700 224.250 0.180 1.500 0.000 0.000 0.000 20171117154218339
B0 0841 00 00 00 00 80 FF 00 00 FF 27.000 32.000 33.000 2700 224.250 0.180 1.500 0.000 0.000 0.000 20171117154218546
B0 0841 00 00 00 00 80 FF 00 00 FF 27.000 32.000 33.000 2700 224.250 0.180 1.750 0.000 0.000 0.000 20171117154218756
B0 0841 00 00 00 00 80 FF 00 00 FF 27.000 32.000 33.000 2700 224.250 0.180 1.750 0.000 0.000 0.000 20171117154218962
B0 0841 00 00 00 00 80 FF 00 00 FF 27.000 32.000 33.000 2700 224.000 0.180 1.750 0.000 0.000 0.000 20171117154219170
B0 0841 00 00 00 00 80 FF 00 00 FF 27.000 32.000 33.000 2700 224.250 0.180 1.750 0.000 0.000 0.000 20171117154219373
B0 0841 00 00 00 00 80 FF 00 00 FF 27.000 32.000 33.000 2700 224.500 0.180 1.500 0.000 0.000 0.000 20171117154219582
B0 0841 00 00 00 00 80 FF 00 00 FF 27.000 32.000 33.000 2700 224.000 0.180 2.000 0.000 0.000 0.000 20171117154219784
B0 0841 00 00 00 00 80 FF 00 00 FF 27.000 32.000 33.000 2700 224.250 0.180 1.750 0.000 0.000 0.000 20171117154219992
B0 0841 00 00 00 00 80 FF 00 00 FF 27.000 32.000 33.000 2700 224.250 0.180 1.750 0.000 0.000 0.000 20171117154220198
B0 0841 00 00 00 00 80 FF 00 00 FF 27.000 32.000 33.000 2700 224.250 0.180 1.750 0.000 0.000 0.000 20171117154220411
B0 0841 00 00 00 00 80 FF 00 00 FF 27.000 32.000 33.000 2700 224.250 0.180 1.750 0.000 0.000 0.000 20171117154220622
B0 0841 00 00 00 00 80 FF 00 00 FF 27.000 32.000 33.000 2700 224.250 0.180 1.750 0.000 0.000 0.000 20171117154220829
B0 0841 00 00 00 00 80 FF 00 00 FF 27.000 32.000 33.000 2700 224.000 0.180 1.750 0.000 0.000 0.000 20171117154221039
B0 0841 00 00 00 00 80 FF 00 00 FF 27.000 32.000 33.000 2700 224.250 0.180 1.750 0.000 0.000 0.000 20171117154221266
B0 0841 00 00 00 00 80 FF 00 00 FF 27.000 32.000 33.000 2700 224.250 0.180 1.500 0.000 0.000 0.000 20171117154221479
B0 0841 00 00 00 00 80 FF 00 00 FF 27.000 32.000 33.000 2700 224.250 0.180 1.750 0.000 0.000 0.000 20171117154221694
B0 0841 00 00 00 00 80 FF 00 00 FF 27.000 32.000 33.000 2700 224.500 0.180 1.750 0.000 0.000 0.000 20171117154221907
B0 0841 00 00 00 00 80 FF 00 00 FF 27.000 32.000 33.000 2700 224.500 0.180 1.750 0.000 0.000 0.000 20171117154222116
B0 0841 00 00 00 00 80 FF 00 00 FF 27.000 32.000 33.000 2700 224.500 0.180 1.750 0.000 0.000 0.000 20171117154222325
B0 0841 00 00 00 00 80 FF 00 00 FF 27.000 32.000 33.000 2700 224.750 0.180 1.750 0.000 0.000 0.000 20171117154222535
B0 0841 00 00 00 00 80 FF 00 00 FF 27.000 32.000 33.000 2700 224.500 0.180 1.500 0.000 0.000 0.000 20171117154222750
B0 0841 00 00 00 00 80 FF 00 00 FF 27.000 32.000 33.000 2700 224.500 0.180 1.500 0.000 0.000 0.000 20171117154222963
B0 0841 00 00 00 00 80 FF 00 00 FF 27.000 32.000 33.000 2700 224.250 0.180 1.750 0.000 0.000 0.000 20171117154223175
B0 0841 00 00 00 00 80 FF 00 00 FF 27.000 32.000 33.000 2700 224.500 0.180 1.750 0.000 0.000 0.000 20171117154223385
B0 0841 00 00 00 00 80 FF 00 00 FF 27.000 32.000 33.000 2700 224.500 0.180 1.750 0.000 0.000 0.000 20171117154223596
B0 0841 00 00 00 00 80 FF 00 00 FF 27.000 32.000 33.000 2700 224.500 0.180 1.750 0.000 0.000 0.000 20171117154223811
B0 0841 00 00 00 00 80 FF 00 00 FF 27.000 32.000 33.000 2700 224.250 0.180 1.750 0.000 0.000 0.000 20171117154224025
B0 0841 00 00 00 00 80 FF 00 00 FF 27.000 32.000 33.000 2700 224.500 0.180 1.750 0.000 0.000 0.000 20171117154224236
B0 0841 00 00 00 00 80 FF 00 00 FF 27.000 32.000 33.000 2700 225.000 0.180 1.750 0.000 0.000 0.000 20171117154224445
B0 0841 00 00 00 00 80 FF 00 00 FF 27.000 32.000 33.000 2700 225.000 0.180 1.750 0.000 0.000 0.000 20171117154224659
B0 0841 00 00 00 00 80 FF 00 00 FF 27.000 32.000 33.000 2700 225.000 0.180 1.500 0.000 0.000 0.000 20171117154224874
B0 0841 00 00 00 00 80 FF 00 00 FF 27.000 32.000 33.000 2700 224.750 0.182 1.750 0.000 0.000 0.000 20171117154225083
B0 0841 00 00 00 00 80 FF 00 00 FF 27.000 32.000 33.000 2700 224.750 0.180 1.750 0.000 0.000 0.000 20171117154225284
B0 0841 00 00 00 00 80 FF 00 00 FF 27.000 32.000 33.000 2700 224.750 0.180 1.750 0.000 0.000 0.000 20171117154225494
B0 0841 00 00 00 00 80 FF 00 00 FF 27.000 32.000 33.000 2700 224.750 0.180 1.750 0.000 0.000 0.000 20171117154225704
B0 0841 00 00 00 00 80 FF 00 00 FF 27.000 32.000 33.000 2700 224.500 0.180 1.750 0.000 0.000 0.000 20171117154225920
B0 0841 00 00 00 00 80 FF 00 00 FF 27.000 32.000 33.000 2700 224.750 0.180 1.500 0.000 0.000 0.000 20171117154226134
B0 0841 00 00 00 00 80 FF 00 00 FF 27.000 32.000 33.000 2700 224.750 0.180 1.750 0.000 0.000 0.000 20171117154226346
B0 0841 00 00 00 00 80 FF 00 00 FF 27.000 32.000 33.000 2700 224.750 0.180 1.750 0.000 0.000 0.000 20171117154226558
B0 0841 00 00 00 00 80 FF 00 00 FF 27.000 32.000 33.000 2700 224.750 0.180 1.750 0.000 0.000 0.000 20171117154226765
B0 0841 00 00 00 00 80 FF 00 00 FF 27.000 32.000 33.000 2700 224.750 0.180 1.750 0.000 0.000 0.000 20171117154226980
B0 0841 00 00 00 00 80 FF 00 00 FF 27.000 32.000 33.000 2700 224.500 0.180 1.750 0.000 0.000 0.000 20171117154227195
B0 0841 00 00 00 00 00 FF 00 00 FF 27.000 32.000 33.000 2700 224.750 0.180 1.750 0.000 0.000 0.000 20171117154227406
B0 0841 00 00 00 00 80 FF 00 00 FF 27.000 32.000 33.000 2700 225.000 0.180 8.000 0.445 16.563 5.000 20171117154227613
B0 0801 00 00 00 00 80 FF 00 00 FF 27.000 32.000 33.000 2708 224.500 0.221 17.250 5.447 9.750 5.000 20171117154227820
B0 0801 00 00 00 00 80 FF 00 00 FF 27.000 32.000 33.000 2920 224.750 0.182 2.500 0.000 0.000 0.000 20171117154228025
B0 0841 00 00 00 00 80 FF 00 00 FF 27.000 32.000 33.000 3240 225.000 0.195 15.750 10.166 2.984 5.000 20171117154228241
B0 0801 00 00 00 00 80 FF 00 00 FF 27.000 32.000 33.000 3988 224.750 0.201 12.500 11.012 2.172 5.000 20171117154228453
B0 0801 00 00 00 00 80 FF 00 00 FF 27.000 32.000 33.000 4824 225.000 0.180 8.000 11.516 1.758 5.000 20171117154228666
B0 0000 00 00 00 00 80 FF 00 00 FF 27.000 32.000 33.000 5608 225.000 0.189 8.000 11.744 1.664 5.000 20171117154228886
B0 0000 00 00 00 00 80 FF 00 00 FF 27.000 32.000 33.000 6200 224.750 0.193 13.000 11.830 1.570 5.000 20171117154229099
B0 0000 00 00 00 00 80 FF 00 00 FF 27.000 32.000 33.000 6480 225.000 0.189 12.750 11.869 1.484 5.000 20171117154229315
B0 0000 00 00 00 00 80 FF 00 00 FF 27.000 32.000 33.000 6536 225.250 0.193 12.500 11.883 1.531 5.000 20171117154229533
B0 0000 00 00 00 00 80 FF 00 00 FF 27.000 32.000 33.000 6448 224.750 0.186 12.000 11.883 1.430 5.000 20171117154229747
B0 0000 00 00 00 00 80 FF 00 00 FF 27.000 32.000 33.000 6200 224.750 0.188 12.250 11.893 1.477 5.000 20171117154229964
B0 0000 00 00 00 00 80 FF 00 00 FF 27.000 32.000 33.000 5936 224.750 0.186 12.000 11.904 1.477 5.000 20171117154230182
B0 0000 00 00 00 00 80 FF 00 00 FF 27.000 32.000 33.000 5640 225.000 0.186 11.750 11.904 1.477 5.000 20171117154230395
B0 0000 00 00 00 00 80 FF 00 00 FF 27.000 32.000 33.000 5320 225.000 0.186 11.750 11.904 1.523 5.000 20171117154230606
B0 0000 00 00 00 00 80 FF 00 00 FF 27.000 32.000 33.000 4992 224.750 0.186 11.750 11.891 1.625 5.000 20171117154230830
B0 0000 00 00 00 00 80 FF 00 00 FF 27.000 32.000 33.000 4704 224.750 0.186 11.000 11.904 1.547 5.000 20171117154231043
B0 0000 00 00 00 00 80 FF 00 00 FF 27.000 32.000 33.000 4448 224.750 0.186 10.250 11.904 1.477 5.000 20171117154231259
B0 0000 00 00 00 00 80 FF 00 00 FF 27.000 32.000 33.000 4184 224.750 0.186 10.250 11.904 1.555 5.000 20171117154231477
B0 0000 00 00 00 00 80 FF 00 00 FF 27.000 32.000 33.000 3972 224.750 0.186 10.250 11.904 1.523 5.000 20171117154231696
B0 0000 00 00 00 00 80 FF 00 00 FF 27.000 32.000 33.000 3780 224.750 0.186 10.250 11.898 1.430 5.000 20171117154231920
B0 0000 00 00 00 00 80 FF 00 00 FF 27.000 32.000 33.000 3568 224.750 0.186 10.250 11.895 1.523 5.000 20171117154232136
B0 0000 00 00 00 00 80 FF 00 00 FF 27.000 32.000 33.000 3384 225.000 0.186 10.250 11.900 1.555 5.000 20171117154232350
B0 0000 00 00 00 00 80 FF 00 00 FF 27.000 32.000 33.000 3208 225.000 0.186 10.250 11.887 1.500 5.000 20171117154232569
B0 0000 00 00 00 00 80 FF 00 00 FF 27.000 32.000 33.000 3072 224.750 0.186 10.250 11.904 1.523 5.000 20171117154232792
B0 0000 00 00 00 00 80 FF 00 00 FF 27.000 32.000 33.000 2864 224.750 0.186 10.250 11.885 1.555 5.000 20171117154233015
B0 0000 00 00 00 00 80 FF 00 00 FF 27.000 32.000 33.000 2728 224.750 0.186 10.250 11.891 1.477 5.000 20171117154233235
B0 0000 00 00 00 00 80 FF 00 00 FF 27.000 32.000 33.000 2640 224.750 0.186 10.250 11.904 1.523 5.000 20171117154233455
B0 0000 00 00 00 00 80 FF 00 00 FF 27.000 32.000 33.000 2540 225.000 0.186 10.250 11.904 1.430 5.000 20171117154233673
B0 0000 00 00 00 00 80 FF 00 00 FF 27.000 32.000 33.000 2488 224.750 0.186 10.250 11.904 1.602 5.000 20171117154233894
B0 0000 00 00 00 00 80 FF 00 00 FF 27.000 32.000 33.000 2532 224.750 0.186 10.500 11.896 1.570 5.000 20171117154234111
B0 0000 00 00 00 00 80 FF 00 00 FF 27.000 32.000 33.000 2668 225.250 0.186 10.500 11.900 1.523 5.000 20171117154234335
B0 0000 00 00 00 00 80 FF 00 00 FF 27.000 32.000 33.000 2880 225.000 0.186 10.750 11.887 1.461 5.000 20171117154234554
B0 0000 00 00 00 00 80 FF 00 00 FF 27.000 32.000 33.000 3268 224.750 0.186 10.500 11.900 1.477 5.000 20171117154234777
B0 0000 00 00 00 00 80 FF 00 00 FF 27.000 32.000 33.000 3464 224.750 0.186 10.750 11.904 1.438 5.000 20171117154234999
B0 0000 00 00 00 00 80 FF 00 00 FF 27.000 32.000 33.000 3628 224.750 0.186 10.750 11.904 1.477 5.000 20171117154235223
B0 0000 00 00 00 00 80 FF 00 00 FF 27.000 32.000 33.000 3780 224.750 0.186 10.500 11.904 1.500 5.000 20171117154235444
B0 0000 00 00 00 00 80 FF 00 00 FF 27.000 32.000 33.000 3828 225.000 0.186 10.500 11.904 1.523 5.000 20171117154235656
B0 0000 00 00 00 00 80 FF 00 00 FF 27.000 32.000 33.000 3868 224.750 0.186 10.500 11.898 1.477 5.000 20171117154235904
B0 0000 00 00 00 00 80 FF 00 00 FF 27.000 32.000 33.000 3868 225.000 0.186 10.500 11.904 1.477 5.000 20171117154236130
B0 0000 00 00 00 00 80 FF 00 00 FF 27.000 32.000 33.000 3840 225.250 0.186 10.750 11.895 1.477 5.000 20171117154236349
B0 0000 00 00 00 00 80 FF 00 00 FF 27.000 32.000 33.000 3808 225.000 0.186 10.500 11.904 1.523 5.000 20171117154236565
B0 0000 00 00 00 00 80 FF 00 00 FF 27.000 32.000 33.000 3780 225.250 0.186 10.500 11.904 1.531 5.000 20171117154236792
B0 0000 00 00 00 00 80 FF 00 00 FF 27.000 33.000 33.000 3732 225.000 0.186 10.500 11.904 1.477 5.000 20171117154237022
B0 0000 00 00 00 00 80 FF 00 00 FF 27.000 33.000 33.000 3656 224.750 0.186 10.500 11.904 1.430 5.000 20171117154237246
B0 0000 00 00 00 00 80 FF 00 00 FF 27.000 33.000 33.000 3568 225.250 0.186 10.250 11.904 1.570 5.000 20171117154237464
B0 0000 00 00 00 00 80 FF 00 00 FF 27.000 33.000 33.000 3480 225.000 0.186 10.250 11.895 1.570 5.000 20171117154237667
B0 0000 00 00 00 00 80 FF 00 00 FF 27.000 33.000 33.000 3420 225.000 0.186 10.250 11.895 1.500 5.000 20171117154237888
B0 0000 00 00 00 00 80 FF 00 00 FF 27.000 33.000 33.000 3320 225.250 0.186 10.500 11.891 1.477 5.000 20171117154238103
B0 0000 00 00 00 00 80 FF 00 00 FF 27.000 33.000 33.000 3240 224.750 0.186 10.250 11.898 1.477 5.000 20171117154238311
B0 0000 00 00 00 00 80 FF 00 00 FF 27.000 33.000 33.000 3176 224.500 0.186 10.250 11.904 1.500 5.000 20171117154238529
B0 0000 00 00 00 00 80 FF 00 00 FF 27.000 33.000 33.000 3112 224.250 0.186 10.250 11.904 1.477 5.000 20171117154238720
B0 0000 00 00 00 00 80 FF 00 00 FF 27.000 33.000 33.000 3060 224.000 0.186 10.250 11.898 1.523 5.000 20171117154238946
B0 0000 00 00 00 00 80 FF 00 00 FF 27.000 33.000 33.000 3012 224.000 0.186 10.250 11.904 1.500 5.000 20171117154239163
B0 0000 00 00 00 00 80 FF 00 00 FF 27.000 33.000 33.000 2940 224.250 0.186 10.500 11.895 1.555 5.000 20171117154239368
B0 0000 00 00 00 00 80 FF 00 00 FF 27.000 33.000 33.000 2940 224.250 0.186 10.500 11.904 1.523 5.000 20171117154239543
B0 0000 00 00 00 00 80 FF 00 00 FF 27.000 33.000 33.000 2908 224.250 0.186 10.250 11.887 1.570 5.000 20171117154239716
B0 0000 00 00 00 00 80 FF 00 00 FF 27.000 33.000 33.000 2908 224.500 0.186 10.250 11.895 1.570 5.000 20171117154239909
B0 0000 00 00 00 00 80 FF 00 00 FF 27.000 33.000 33.000 2940 224.500 0.186 10.500 11.896 1.477 5.000 20171117154240093
B0 0000 00 00 00 00 80 FF 00 00 FF 27.000 33.000 33.000 2976 224.750 0.186 10.500 11.883 1.477 5.000 20171117154240288
B0 0000 00 00 00 00 00 FF 00 00 FF 27.000 33.000 33.000 3020 225.000 0.186 7.250 0.000 0.000 0.000 20171117154240481
B0 0841 00 00 00 00 80 FF 00 00 FF 27.000 33.000 33.000 3060 224.750 0.217 23.750 0.000 0.000 0.000 20171117154240679
B0 0841 00 00 00 00 80 FF 00 00 FF 27.000 33.000 33.000 3060 224.750 0.236 3.000 0.000 0.000 0.000 20171117154240877
B0 0841 00 00 00 00 80 FF 00 00 FF 27.000 33.000 33.000 3028 224.750 0.180 0.000 0.000 0.000 0.000 20171117154241058
B0 0841 00 00 00 00 80 FF 00 00 FF 27.000 33.000 33.000 3012 224.750 0.180 0.000 0.000 0.000 0.000 20171117154241249
B0 0841 00 00 00 00 80 FF 00 00 FF 27.000 33.000 33.000 2952 224.750 0.182 2.750 0.000 0.000 0.000 20171117154241432
B0 0841 00 00 00 00 80 FF 00 00 FF 27.000 33.000 33.000 2912 224.750 0.180 2.250 0.000 0.000 0.000 20171117154241603
B0 0841 00 00 00 00 80 FF 00 00 FF 27.000 33.000 33.000 2848 224.750 0.182 2.250 0.000 0.000 0.000 20171117154241777
B0 0841 00 00 00 00 80 FF 00 00 FF 27.000 33.000 33.000 2820 224.750 0.180 2.000 0.000 0.000 0.000 20171117154241959
B0 0841 00 00 00 00 80 FF 00 00 FF 27.000 33.000 33.000 2788 224.750 0.180 1.750 0.000 0.000 0.000 20171117154242136
B0 0841 00 00 00 00 80 FF 00 00 FF 27.000 33.000 33.000 2728 225.000 0.180 1.750 0.000 0.000 0.000 20171117154242309
B0 0841 00 00 00 00 80 FF 00 00 FF 27.000 33.000 33.000 2728 225.000 0.180 1.750 0.000 0.000 0.000 20171117154242483
B0 0841 00 00 00 00 80 FF 00 00 FF 27.000 33.000 33.000 2700 224.750 0.180 1.750 0.000 0.000 0.000 20171117154242670
B0 0841 00 00 00 00 80 FF 00 00 FF 27.000 33.000 33.000 2668 224.500 0.180 1.750 0.000 0.000 0.000 20171117154242859
B0 0841 00 00 00 00 80 FF 00 00 FF 27.000 33.000 33.000 2640 224.500 0.180 1.500 0.000 0.000 0.000 20171117154243057
B0 0841 00 00 00 00 80 FF 00 00 FF 27.000 33.000 33.000 2608 224.500 0.180 1.750 0.000 0.000 0.000 20171117154243233
B0 0841 00 00 00 00 80 FF 00 00 FF 27.000 33.000 33.000 2580 224.500 0.180 1.750 0.000 0.000 0.000 20171117154243411
B0 0841 00 00 00 00 80 FF 00 00 FF 27.000 33.000 33.000 2580 224.750 0.180 1.500 0.000 0.000 0.000 20171117154243576
B0 0841 00 00 00 00 80 FF 00 00 FF 27.000 33.000 33.000 2580 224.500 0.180 1.750 0.000 0.000 0.000 20171117154243740
B0 0841 00 00 00 00 80 FF 00 00 FF 27.000 33.000 33.000 2580 224.500 0.180 1.750 0.000 0.000 0.000 20171117154243909
B0 0841 00 00 00 00 80 FF 00 00 FF 27.000 33.000 33.000 2580 224.500 0.180 2.000 0.000 0.000 0.000 20171117154244072
B0 0841 00 00 00 00 80 FF 00 00 FF 27.000 33.000 33.000 2588 224.750 0.180 1.750 0.000 0.000 0.000 20171117154244240
B0 0841 00 00 00 00 80 FF 00 00 FF 27.000 33.000 33.000 2640 224.750 0.180 1.750 0.000 0.000 0.000 20171117154244415
B0 0841 00 00 00 00 80 FF 00 00 FF 27.000 33.000 33.000 2692 224.500 0.180 1.500 0.000 0.000 0.000 20171117154244577
B0 0841 00 00 00 00 80 FF 00 00 FF 27.000 33.000 33.000 2744 224.500 0.180 1.750 0.000 0.000 0.000 20171117154244750
B0 0841 00 00 00 00 80 FF 00 00 FF 27.000 33.000 33.000 2772 224.750 0.180 1.750 0.000 0.000 0.000 20171117154244917
B0 0841 00 00 00 00 80 FF 00 00 FF 27.000 33.000 33.000 2828 224.500 0.180 1.750 0.000 0.000 0.000 20171117154245082
B0 0841 00 00 00 00 80 FF 00 00 FF 27.000 33.000 33.000 2860 224.500 0.180 2.000 0.000 0.000 0.000 20171117154245252
B0 0841 00 00 00 00 80 FF 00 00 FF 27.000 33.000 33.000 2888 224.750 0.180 1.750 0.000 0.000 0.000 20171117154245425
