Address 79 7A 7B 7C 7D 7E 7F 80 81 82 8D 8E 8F 90 88 89 97 8B 8C 96 86 Time
B0 0002 00 00 00 00 80 FF FF 00 FF 29.50 30.00 31.50 2880 225.00 0.10 3.50 12.00 0.01 0.09 0047E7020854 20170928141220
B0 0002 00 00 00 00 80 FF FF 00 FF 29.50 30.00 31.50 2880 224.25 0.10 3.50 12.00 0.03 0.38 0047E902085B 20170928141220
B0 0002 00 00 00 00 80 FF FF 00 FF 29.50 30.00 31.50 2880 224.00 0.10 3.50 12.00 0.01 0.38 0047EC020866 20170928141220
B0 0002 00 00 00 00 80 FF FF 00 FF 29.50 30.00 31.50 2880 224.75 0.10 3.50 12.00 0.03 0.38 0047EE02086D 20170928141220
B0 0002 00 00 00 00 80 FF FF 00 FF 29.50 30.00 31.50 2880 224.50 0.10 3.50 12.00 0.03 0.38 0047F1020878 20170928141221
B0 0002 00 00 00 00 80 FF FF 00 FF 29.50 30.00 31.50 2880 224.00 0.10 3.50 12.00 0.01 0.38 0047F302087F 20170928141221
B0 0002 00 00 00 00 80 FF FF 00 FF 29.50 30.00 31.50 2880 224.75 0.10 3.50 12.00 0.03 0.38 0047F602088A 20170928141221
B0 0002 00 00 00 00 80 FF FF 00 FF 29.50 30.00 31.50 2880 224.00 0.10 3.50 12.00 0.03 0.38 0047F8020892 20170928141221
B0 0002 00 00 00 00 80 FF FF 00 FF 29.50 30.00 31.50 2880 224.00 0.10 3.50 12.00 0.03 0.38 0047FA020899 20170928141221
B0 0002 00 00 00 00 80 FF FF 00 FF 29.50 30.00 31.50 2880 224.50 0.10 3.50 12.00 0.01 0.09 0047FD0208A4 20170928141221
B0 0002 00 00 00 00 80 FF FF 00 FF 29.50 30.00 31.50 2880 224.75 0.10 3.50 12.00 0.03 0.09 0047FF0208AB 20170928141222
B0 0002 00 00 00 00 80 FF FF 00 FF 29.50 30.00 31.50 2880 224.25 0.10 3.50 12.00 0.01 0.09 0048020208B6 20170928141222
B0 0002 00 00 00 00 80 FF FF 00 FF 29.50 30.00 31.50 2880 224.00 0.10 3.50 12.00 0.03 0.38 0048040208BD 20170928141222
B0 0002 00 00 00 00 80 FF FF 00 FF 29.50 30.00 31.50 2880 225.00 0.10 3.50 12.00 0.03 0.09 0048070208C8 20170928141222
B0 0002 00 00 00 00 80 FF FF 00 FF 29.50 30.00 31.50 2880 224.25 0.10 3.50 12.00 0.03 0.09 00480A0208D3 20170928141223
B0 0002 00 00 00 00 80 FF FF 00 FF 29.50 30.00 31.50 2880 224.25 0.10 3.50 12.00 0.03 0.38 00480C0208DB 20170928141223
B0 0002 00 00 00 00 80 FF FF 00 FF 29.50 30.00 31.50 2880 224.75 0.10 3.50 12.00 0.03 0.09 00480F0208E5 20170928141223
B0 0002 00 00 00 00 80 FF FF 00 FF 29.50 30.00 31.50 2880 223.75 0.10 3.50 12.00 0.01 0.09 0048110208ED 20170928141223
B0 0002 00 00 00 00 80 FF FF 00 FF 29.50 30.00 31.50 2880 224.25 0.10 3.50 12.00 0.03 0.38 0048140208F8 20170928141223
B0 0002 00 00 00 00 80 FF FF 00 FF 29.50 30.00 31.50 2880 224.75 0.10 3.50 12.00 0.01 0.38 004817020903 20170928141224
B0 0002 00 00 00 00 80 FF FF 00 FF 29.50 30.00 31.50 2880 224.00 0.10 3.50 12.00 0.03 0.38 00481A02090D 20170928141224
B0 0002 00 00 00 00 80 FF FF 00 FF 29.50 30.00 31.50 2880 224.25 0.10 3.50 12.00 0.03 0.38 00481C020915 20170928141224
B0 0002 00 00 00 00 80 FF FF 00 FF 29.50 30.00 31.50 2880 224.50 0.10 3.50 12.00 0.01 0.38 00481F020920 20170928141224
B0 0002 00 00 00 00 80 FF FF 00 FF 29.50 30.00 31.50 2880 224.00 0.10 3.50 12.00 0.03 0.09 00482202092B 20170928141224
B0 0002 00 00 00 00 80 FF FF 00 FF 29.50 30.00 31.50 2880 224.50 0.10 3.50 12.00 0.03 0.38 004824020932 20170928141225
B0 0002 00 00 00 00 80 FF FF 00 FF 29.50 30.00 31.50 2880 225.00 0.10 3.50 12.00 0.01 0.38 00482702093D 20170928141225
B0 0002 00 00 00 00 80 FF FF 00 FF 29.50 30.00 31.50 2880 224.00 0.10 3.50 12.00 0.03 0.38 004829020944 20170928141225
B0 0002 00 00 00 00 80 FF FF 00 FF 29.50 30.00 31.50 2880 224.25 0.10 3.50 12.00 0.01 0.38 00482C02094F 20170928141225
B0 0002 00 00 00 00 80 FF FF 00 FF 29.50 30.00 31.50 2880 225.00 0.10 3.50 12.00 0.01 0.38 00482E020956 20170928141225
B0 0002 00 00 00 00 80 FF FF 00 FF 29.50 30.00 31.50 2880 224.50 0.10 3.50 12.00 0.01 0.38 004831020961 20170928141226
B0 0002 00 00 00 00 80 FF FF 00 FF 29.50 30.00 31.50 2880 224.50 0.10 3.50 12.00 0.03 0.09 004833020968 20170928141226
B0 0002 00 00 00 00 80 FF FF 00 FF 29.50 30.00 31.50 2880 224.50 0.10 3.50 12.00 0.01 0.38 00483802097B 20170928141226
B0 0002 00 00 00 00 80 FF FF 00 FF 29.50 30.00 31.50 2880 224.75 0.10 3.50 12.00 0.03 0.38 00483E020991 20170928141227
B0 0002 00 00 00 00 80 FF FF 00 FF 29.50 30.00 31.50 2880 224.25 0.10 3.50 12.00 0.01 0.38 00484102099C 20170928141227
B0 0002 00 00 00 00 80 FF FF 00 FF 29.50 30.00 31.50 2880 224.25 0.10 3.50 12.00 0.01 0.38 0048430209A3 20170928141227
B0 0002 00 00 00 00 80 FF FF 00 FF 29.50 30.00 31.50 2880 224.00 0.10 3.50 12.00 0.03 0.09 0048450209AA 20170928141227
B0 0002 00 00 00 00 80 FF FF 00 FF 29.50 30.00 31.50 2880 224.75 0.10 3.50 12.00 0.01 0.09 0048480209B5 20170928141227
B0 0002 00 00 00 00 80 FF FF 00 FF 29.50 30.00 31.50 2880 224.25 0.10 3.50 12.00 0.03 0.38 00484A0209BC 20170928141228
B0 0002 00 00 00 00 80 FF FF 00 FF 29.50 30.00 31.50 2880 224.25 0.10 3.50 12.00 0.03 0.09 00484D0209C8 20170928141228
B0 0002 00 00 00 00 80 FF FF 00 FF 29.50 30.00 31.50 2880 224.25 0.10 3.50 12.00 0.03 0.09 00484F0209CF 20170928141228
B0 0002 00 00 00 00 80 FF FF 00 FF 29.50 30.00 31.50 2880 224.00 0.10 3.50 12.00 0.03 0.09 0048520209DA 20170928141228
B0 0002 00 00 00 00 80 FF FF 00 FF 29.50 30.00 31.50 2880 224.50 0.10 3.50 12.00 0.03 0.09 0048540209E1 20170928141228
B0 0002 00 00 00 00 80 FF FF 00 FF 29.50 30.00 31.50 2880 224.25 0.10 3.50 12.00 0.03 0.09 0048570209EC 20170928141229
B0 0002 00 00 00 00 80 FF FF 00 FF 29.50 30.00 31.50 2880 224.25 0.10 3.50 12.00 0.01 0.09 0048590209F3 20170928141229
B0 0002 00 00 00 00 80 FF FF 00 FF 29.50 30.00 31.50 2880 224.00 0.10 3.50 12.00 0.01 0.38 00485C0209FE 20170928141229
B0 0002 00 00 00 00 80 FF FF 00 FF 29.50 30.00 31.50 2880 223.75 0.10 3.50 12.00 0.01 0.09 00485E020A06 20170928141229
B0 0002 00 00 00 00 80 FF FF 00 FF 29.50 30.00 31.50 2880 224.50 0.10 3.50 12.00 0.03 0.38 004860020A0D 20170928141229
B0 0002 00 00 00 00 80 FF FF 00 FF 29.50 30.00 31.50 2880 224.25 0.10 3.50 12.00 0.01 0.38 004863020A18 20170928141230
B0 0002 00 00 00 00 80 FF FF 00 FF 29.50 30.00 31.50 2880 224.25 0.10 3.50 12.00 0.03 0.38 004865020A1F 20170928141230
B0 0002 00 00 00 00 80 FF FF 00 FF 29.50 30.00 31.50 2880 224.50 0.10 3.50 12.00 0.01 0.38 004868020A2A 20170928141230
B0 0002 00 00 00 00 80 FF FF 00 FF 29.50 30.00 31.50 2880 224.00 0.10 3.50 12.00 0.03 0.09 00486A020A31 20170928141230
B0 0002 00 00 00 00 80 FF FF 00 FF 29.50 30.00 31.50 2880 224.25 0.10 3.50 12.00 0.01 0.38 00486D020A3C 20170928141230
B0 0002 00 00 00 00 80 FF FF 00 FF 29.50 30.00 31.50 2880 224.75 0.10 3.50 12.00 0.03 0.38 00486F020A44 20170928141231
B0 0002 00 00 00 00 80 FF FF 00 FF 29.50 30.00 31.50 2880 224.25 0.10 3.50 12.00 0.03 0.38 004872020A4F 20170928141231
B0 0002 00 00 00 00 80 FF FF 00 FF 29.50 30.00 31.50 2880 224.00 0.10 3.50 12.00 0.01 0.38 004874020A56 20170928141231
B0 0002 00 00 00 00 80 FF FF 00 FF 29.50 30.00 31.50 2880 224.00 0.10 3.50 12.00 0.01 0.38 004876020A5D 20170928141231
B0 0002 00 00 00 00 80 FF FF 00 FF 29.50 30.00 31.50 2880 224.75 0.10 3.50 12.00 0.03 0.09 004879020A68 20170928141231
B0 0002 00 00 00 00 80 FF FF 00 FF 29.50 30.00 31.50 2880 224.50 0.10 3.50 12.00 0.03 0.38 00487B020A6F 20170928141232
B0 0002 00 00 00 00 80 FF FF 00 FF 29.50 30.00 31.50 2880 224.00 0.10 3.50 12.00 0.03 0.38 00487E020A7A 20170928141232
B0 0002 00 00 00 00 80 FF FF 00 FF 29.50 30.00 31.50 2880 224.25 0.10 3.50 12.00 0.03 0.09 004880020A81 20170928141232
B0 0002 00 00 00 00 80 FF FF 00 FF 29.50 30.00 31.50 2880 224.25 0.10 3.50 12.00 0.01 0.38 004883020A8C 20170928141232
B0 0002 00 00 00 00 80 FF FF 00 FF 29.50 30.00 31.50 2880 224.25 0.10 3.50 12.00 0.03 0.38 004885020A93 20170928141232
B0 0002 00 00 00 00 80 FF FF 00 FF 29.50 30.00 31.50 2880 224.75 0.10 3.50 12.00 0.03 0.09 004887020A9B 20170928141233
B0 0002 00 00 00 00 80 FF FF 00 FF 29.50 30.00 31.50 2880 224.00 0.10 3.50 12.00 0.03 0.09 00488A020AA6 20170928141233
B0 0002 00 00 00 00 80 FF FF 00 FF 29.50 30.00 31.50 2880 224.50 0.10 3.50 12.00 0.03 0.09 00488C020AAD 20170928141233
B0 0002 00 00 00 00 80 FF FF 00 FF 29.50 30.00 31.50 2880 223.75 0.10 3.50 12.00 0.01 0.38 00488E020AB5 20170928141233
B0 0002 00 00 00 00 80 FF FF 00 FF 29.50 30.00 31.50 2880 224.50 0.10 3.50 12.00 0.01 0.09 004891020AC0 20170928141233
B0 0002 00 00 00 00 80 FF FF 00 FF 29.50 30.00 31.50 2880 224.25 0.10 3.50 12.00 0.03 0.38 004893020AC7 20170928141234
B0 0002 00 00 00 00 80 FF FF 00 FF 29.50 30.00 31.50 2880 223.75 0.10 3.50 12.00 0.01 0.09 004896020AD2 20170928141234
B0 0002 00 00 00 00 80 FF FF 00 FF 29.50 30.00 31.50 2880 224.50 0.10 3.50 12.00 0.03 0.09 004898020AD9 20170928141234
B0 0002 00 00 00 00 80 FF FF 00 FF 29.50 30.00 31.50 2880 224.25 0.10 3.50 12.00 0.01 0.09 00489B020AE4 20170928141234
B0 0002 00 00 00 00 80 FF FF 00 FF 29.50 30.00 31.50 2880 224.00 0.10 3.50 12.00 0.01 0.38 00489D020AEC 20170928141234
B0 0002 00 00 00 00 80 FF FF 00 FF 29.50 30.00 31.50 2880 224.75 0.10 3.50 12.00 0.01 0.38 0048A0020AF7 20170928141234
B0 0002 00 00 00 00 80 FF FF 00 FF 29.50 30.00 31.50 2880 224.50 0.10 3.50 12.00 0.03 0.38 0048A2020AFE 20170928141235
B0 0002 00 00 00 00 80 FF FF 00 FF 29.50 30.00 31.50 2880 224.25 0.10 3.50 12.00 0.03 0.09 0048A5020B09 20170928141235
B0 0002 00 00 00 00 80 FF FF 00 FF 29.50 30.00 31.50 2880 224.25 0.10 3.50 12.00 0.03 0.09 0048A7020B10 20170928141235
B0 0002 00 00 00 00 80 FF FF 00 FF 29.50 30.00 31.50 2880 224.25 0.10 3.50 12.00 0.03 0.38 0048A9020B17 20170928141235
B0 0002 00 00 00 00 80 FF FF 00 FF 29.50 30.00 31.50 2880 224.00 0.10 3.50 12.00 0.03 0.38 0048AC020B22 20170928141235
B0 0002 00 00 00 00 80 FF FF 00 FF 29.50 30.00 31.50 2880 224.25 0.10 3.50 12.00 0.03 0.38 0048AF020B2D 20170928141236
B0 0002 00 00 00 00 80 FF FF 00 FF 29.50 30.00 31.50 2880 224.50 0.10 3.50 12.00 0.03 0.38 0048B1020B34 20170928141236
B0 0002 00 00 00 00 80 FF FF 00 FF 29.50 30.00 31.50 2880 223.50 0.10 3.50 12.00 0.03 0.09 0048B4020B3F 20170928141236
B0 0002 00 00 00 00 80 FF FF 00 FF 29.50 30.00 31.50 2880 224.00 0.10 3.50 12.00 0.03 0.38 0048B6020B46 20170928141236
B0 0002 00 00 00 00 80 FF FF 00 FF 29.50 30.00 31.50 2880 224.75 0.10 3.50 12.00 0.03 0.38 0048B8020B4E 20170928141236
B0 0002 00 00 00 00 80 FF FF 00 FF 29.50 30.00 31.50 2880 224.50 0.10 3.50 12.00 0.01 0.38 0048BB020B59 20170928141237
B0 0002 00 00 00 00 80 FF FF 00 FF 29.50 30.00 31.50 2880 224.00 0.10 3.50 12.00 0.01 0.38 0048BE020B64 20170928141237
B0 0002 00 00 00 00 80 FF FF 00 FF 29.50 30.00 31.50 2880 224.75 0.10 3.50 12.00 0.03 0.38 0048C0020B6B 20170928141237
B0 0002 00 00 00 00 80 FF FF 00 FF 29.50 30.00 31.50 2880 224.00 0.10 3.50 12.00 0.03 0.09 0048C2020B72 20170928141237
B0 0002 00 00 00 00 80 FF FF 00 FF 29.50 30.00 31.50 2880 224.25 0.10 3.50 12.00 0.03 0.09 0048C5020B7D 20170928141237
B0 0002 00 00 00 00 80 FF FF 00 FF 29.50 30.00 31.50 2880 224.50 0.10 3.50 12.00 0.01 0.38 0048C7020B84 20170928141238
B0 0002 00 00 00 00 80 FF FF 00 FF 29.50 30.00 31.50 2880 224.50 0.10 3.50 12.00 0.03 0.09 0048CA020B8F 20170928141238
B0 0002 00 00 00 00 80 FF FF 00 FF 29.50 30.00 31.50 2880 223.50 0.10 3.50 12.00 0.01 0.38 0048CC020B97 20170928141238
B0 0002 00 00 00 00 80 FF FF 00 FF 29.50 30.00 31.50 2880 223.50 0.10 3.50 12.00 0.03 0.38 0048CF020BA2 20170928141238
B0 0002 00 00 00 00 80 FF FF 00 FF 29.50 30.00 31.50 2880 224.25 0.10 3.50 12.00 0.03 0.38 0048D1020BA9 20170928141238
B0 0002 00 00 00 00 80 FF FF 00 FF 29.50 30.00 31.50 2880 223.75 0.10 3.50 12.00 0.03 0.09 0048D4020BB4 20170928141239
B0 0002 00 00 00 00 80 FF FF 00 FF 29.50 30.00 31.50 2880 224.25 0.10 3.50 12.00 0.01 0.38 0048D6020BBC 20170928141239
B0 0002 00 00 00 00 80 FF FF 00 FF 29.50 30.00 31.50 2880 224.25 0.10 3.50 12.00 0.03 0.38 0048D9020BC6 20170928141239
B0 0002 00 00 00 00 80 FF FF 00 FF 29.50 30.00 31.50 2880 223.50 0.10 3.50 12.00 0.03 0.09 0048DB020BCE 20170928141239
B0 0002 00 00 00 00 80 FF FF 00 FF 29.50 30.00 31.50 2880 223.75 0.10 3.50 12.00 0.01 0.38 0048DD020BD5 20170928141239
B0 0002 00 00 00 00 80 FF FF 00 FF 29.50 30.00 31.50 2880 223.75 0.10 3.50 12.00 0.03 0.38 0048E0020BE0 20170928141240
B0 0002 00 00 00 00 80 FF FF 00 FF 29.50 30.00 31.50 2880 223.50 0.10 3.50 12.00 0.03 0.38 0048E2020BE7 20170928141240
B0 0002 00 00 00 00 80 FF FF 00 FF 29.50 30.00 31.50 2880 223.75 0.10 3.50 12.00 0.03 0.38 0048E5020BF2 20170928141240
B0 0002 00 00 00 00 80 FF FF 00 FF 29.50 30.00 31.50 2880 223.75 0.10 3.50 12.00 0.03 0.38 0048E7020BFA 20170928141240
B0 0002 00 00 00 00 80 FF FF 00 FF 29.50 30.00 31.50 2880 223.75 0.10 3.50 12.00 0.03 0.09 0048E9020C01 20170928141240
B0 0002 00 00 00 00 80 FF FF 00 FF 29.50 30.00 31.50 2880 224.00 0.10 3.50 12.00 0.01 0.09 0048EC020C0C 20170928141241
B0 0002 00 00 00 00 80 FF FF 00 FF 29.50 30.00 31.50 2880 224.00 0.10 3.50 12.00 0.03 0.09 0048EF020C17 20170928141241
B0 0002 00 00 00 00 80 FF FF 00 FF 29.50 30.00 31.50 2880 224.25 0.10 3.50 12.00 0.03 0.38 0048F1020C1E 20170928141241
B0 0002 00 00 00 00 80 FF FF 00 FF 29.50 30.00 31.50 2880 223.50 0.10 3.50 12.00 0.03 0.09 0048F3020C26 20170928141241
B0 0002 00 00 00 00 80 FF FF 00 FF 29.50 30.00 31.50 2880 223.50 0.10 3.50 12.00 0.03 0.38 0048F6020C31 20170928141241
B0 0002 00 00 00 00 80 FF FF 00 FF 29.50 30.00 31.50 2880 224.25 0.10 3.50 12.00 0.03 0.38 0048F8020C37 20170928141242
B0 0002 00 00 00 00 80 FF FF 00 FF 29.50 30.00 31.50 2880 223.50 0.10 3.50 12.00 0.03 0.09 0048FB020C42 20170928141242
B0 0002 00 00 00 00 80 FF FF 00 FF 29.50 30.00 31.50 2880 223.50 0.10 3.50 12.00 0.03 0.38 0048FD020C4A 20170928141242
B0 0002 00 00 00 00 80 FF FF 00 FF 29.50 30.00 31.50 2880 223.50 0.10 3.50 12.00 0.03 0.38 004900020C55 20170928141242
B0 0002 00 00 00 00 80 FF FF 00 FF 29.50 30.00 31.50 2880 223.75 0.10 3.50 12.00 0.01 0.38 004902020C5C 20170928141242
B0 0002 00 00 00 00 80 FF FF 00 FF 29.50 30.00 31.50 2880 224.00 0.10 3.50 12.00 0.01 0.09 004905020C67 20170928141243
B0 0002 00 00 00 00 80 FF FF 00 FF 29.50 30.00 31.50 2880 223.75 0.10 3.50 12.00 0.03 0.38 004907020C6E 20170928141243
B0 0002 00 00 00 00 80 FF FF 00 FF 29.50 30.00 31.50 2880 224.00 0.10 3.50 12.00 0.01 0.38 00490A020C79 20170928141243
B0 0002 00 00 00 00 80 FF FF 00 FF 29.50 30.00 31.50 2880 223.50 0.10 3.50 12.00 0.03 0.09 00490C020C81 20170928141243
B0 0002 00 00 00 00 80 FF FF 00 FF 29.50 30.00 31.50 2880 223.75 0.10 3.50 12.00 0.01 0.38 00490F020C8C 20170928141243
B0 0002 00 00 00 00 80 FF FF 00 FF 29.50 30.00 31.50 2880 224.50 0.10 3.50 12.00 0.03 0.38 004912020C96 20170928141244
B0 0002 00 00 00 00 80 FF FF 00 FF 29.50 30.00 31.50 2880 224.00 0.10 3.50 12.00 0.03 0.38 004914020C9E 20170928141244
B0 0002 00 00 00 00 80 FF FF 00 FF 29.50 30.00 31.50 2880 223.75 0.10 3.50 12.00 0.03 0.38 004916020CA5 20170928141244
B0 0002 00 00 00 00 80 FF FF 00 FF 29.50 30.00 31.50 2880 224.00 0.10 3.50 12.00 0.01 0.09 004918020CAD 20170928141244
B0 0002 00 00 00 00 80 FF FF 00 FF 29.50 30.00 31.50 2880 224.00 0.10 3.50 12.00 0.03 0.38 00491B020CB7 20170928141244
B0 0002 00 00 00 00 80 FF FF 00 FF 29.50 30.00 31.50 2880 224.50 0.10 3.50 12.00 0.03 0.38 00491D020CBF 20170928141245
B0 0002 00 00 00 00 80 FF FF 00 FF 29.50 30.00 31.50 2880 224.00 0.10 3.50 12.00 0.03 0.09 004920020CCA 20170928141245
B0 0002 00 00 00 00 80 FF FF 00 FF 29.50 30.00 31.50 2880 224.50 0.10 3.50 12.00 0.01 0.09 004922020CD1 20170928141245
B0 0002 00 00 00 00 80 FF FF 00 FF 29.50 30.00 31.50 2880 224.25 0.10 3.50 12.00 0.03 0.09 004925020CDC 20170928141245
B0 0002 00 00 00 00 80 FF FF 00 FF 29.50 30.00 31.50 2880 224.00 0.10 3.50 12.00 0.01 0.38 004927020CE3 20170928141245
B0 0002 00 00 00 00 80 FF FF 00 FF 29.50 30.00 31.50 2880 225.00 0.10 3.50 12.00 0.01 0.38 00492A020CEE 20170928141246
B0 0002 00 00 00 00 80 FF FF 00 FF 29.50 30.00 31.50 2880 224.25 0.10 3.50 12.00 0.03 0.38 00492C020CF6 20170928141246
B0 0002 00 00 00 00 80 FF FF 00 FF 29.50 30.00 31.50 2880 224.00 0.10 3.50 12.00 0.03 0.38 00492E020CFD 20170928141246
B0 0002 00 00 00 00 80 FF FF 00 FF 29.50 30.00 31.50 2880 223.75 0.10 3.50 12.00 0.01 0.38 004931020D08 20170928141246
B0 0002 00 00 00 00 80 FF FF 00 FF 29.50 30.00 31.50 2880 224.50 0.10 3.50 12.00 0.01 0.38 004933020D0F 20170928141246
B0 0002 00 00 00 00 80 FF FF 00 FF 29.50 30.00 31.50 2880 224.75 0.10 3.50 12.00 0.03 0.38 004936020D1A 20170928141247
B0 0002 00 00 00 00 80 FF FF 00 FF 29.50 30.00 31.50 2880 224.25 0.10 3.50 12.00 0.01 0.09 004938020D21 20170928141247
B0 0002 00 00 00 00 80 FF FF 00 FF 29.50 30.00 31.50 2880 224.50 0.10 3.50 12.00 0.03 0.38 00493B020D2C 20170928141247
B0 0002 00 00 00 00 80 FF FF 00 FF 29.50 30.00 31.50 2880 224.25 0.10 3.50 12.00 0.01 0.38 00493D020D33 20170928141247
B0 0002 00 00 00 00 80 FF FF 00 FF 29.50 30.00 31.50 2880 223.75 0.10 3.50 12.00 0.03 0.09 004940020D3E 20170928141247
B0 0002 00 00 00 00 80 FF FF 00 FF 29.50 30.00 31.50 2880 224.75 0.10 3.50 12.00 0.03 0.09 004942020D46 20170928141248
B0 0002 00 00 00 00 80 FF FF 00 FF 29.50 30.00 31.50 2880 224.50 0.10 3.50 12.00 0.01 0.38 004945020D50 20170928141248
B0 0002 00 00 00 00 80 FF FF 00 FF 29.50 30.00 31.50 2880 224.00 0.10 3.50 12.00 0.01 0.38 004947020D58 20170928141248
B0 0002 00 00 00 00 80 FF FF 00 FF 29.50 30.00 31.50 2880 224.75 0.10 3.50 12.00 0.01 0.38 004949020D5F 20170928141248
B0 0002 00 00 00 00 80 FF FF 00 FF 29.50 30.00 31.50 2880 224.00 0.10 3.50 12.00 0.01 0.38 00494C020D6A 20170928141248
B0 0002 00 00 00 00 80 FF FF 00 FF 29.50 30.00 31.50 2880 224.25 0.10 3.50 12.00 0.03 0.09 00494E020D71 20170928141248
B0 0002 00 00 00 00 80 FF FF 00 FF 29.50 30.00 31.50 2880 224.75 0.10 3.50 12.00 0.01 0.09 004951020D7C 20170928141249
B0 0002 00 00 00 00 80 FF FF 00 FF 29.50 30.00 31.50 2880 224.50 0.10 3.50 12.00 0.03 0.09 004953020D84 20170928141249
B0 0002 00 00 00 00 80 FF FF 00 FF 29.50 30.00 31.50 2880 224.00 0.10 3.50 12.00 0.03 0.38 004956020D8E 20170928141249
B0 0002 00 00 00 00 80 FF FF 00 FF 29.50 30.00 31.50 2880 223.75 0.10 3.50 12.00 0.03 0.38 004958020D95 20170928141249
B0 0002 00 00 00 00 80 FF FF 00 FF 29.50 30.00 31.50 2880 225.00 0.10 3.50 12.00 0.03 0.09 00495A020D9D 20170928141249
B0 0002 00 00 00 00 80 FF FF 00 FF 29.50 30.00 31.50 2880 224.50 0.10 3.50 12.00 0.03 0.38 00495C020DA4 20170928141250
B0 0002 00 00 00 00 80 FF FF 00 FF 29.50 30.00 31.50 2880 224.00 0.10 3.50 12.00 0.01 0.09 00495F020DAF 20170928141250
B0 0002 00 00 00 00 80 FF FF 00 FF 29.50 30.00 31.50 2880 224.75 0.10 3.50 12.00 0.01 0.09 004961020DB6 20170928141250
B0 0002 00 00 00 00 80 FF FF 00 FF 29.50 30.00 31.50 2880 224.00 0.10 3.50 12.00 0.01 0.38 004964020DC1 20170928141250
B0 0002 00 00 00 00 80 FF FF 00 FF 29.50 30.00 31.50 2880 224.00 0.10 3.50 12.00 0.03 0.09 004966020DC8 20170928141250
B0 0002 00 00 00 00 80 FF FF 00 FF 29.50 30.00 31.50 2880 224.50 0.10 3.50 12.00 0.03 0.38 004968020DCF 20170928141251
B0 0002 00 00 00 00 80 FF FF 00 FF 29.50 30.00 31.50 2880 224.75 0.10 3.50 12.00 0.01 0.38 00496A020DD7 20170928141251
B0 0002 00 00 00 00 80 FF FF 00 FF 29.50 30.00 31.50 2880 224.50 0.10 3.50 12.00 0.03 0.38 00496D020DE2 20170928141251
B0 0002 00 00 00 00 80 FF FF 00 FF 29.50 30.00 31.50 2880 224.00 0.10 3.50 12.00 0.03 0.09 00496F020DE9 20170928141251
B0 0002 00 00 00 00 80 FF FF 00 FF 29.50 30.00 31.50 2880 224.50 0.10 3.50 12.00 0.03 0.38 004972020DF4 20170928141251
B0 0002 00 00 00 00 80 FF FF 00 FF 29.50 30.00 31.50 2880 224.50 0.10 3.50 12.00 0.03 0.38 004975020DFF 20170928141252
B0 0002 00 00 00 00 80 FF FF 00 FF 29.50 30.00 31.50 2880 224.50 0.10 3.50 12.00 0.01 0.38 004977020E06 20170928141252
B0 0002 00 00 00 00 80 FF FF 00 FF 29.50 30.00 31.50 2880 224.75 0.10 3.50 12.00 0.01 0.38 004979020E0D 20170928141252
B0 0002 00 00 00 00 80 FF FF 00 FF 29.50 30.00 31.50 2880 224.25 0.10 3.50 12.00 0.01 0.09 00497C020E19 20170928141252
B0 0002 00 00 00 00 80 FF FF 00 FF 29.50 30.00 31.50 2880 223.75 0.10 3.50 12.00 0.03 0.38 00497E020E20 20170928141252
B0 0002 00 00 00 00 80 FF FF 00 FF 29.50 30.00 31.50 2880 224.25 0.10 3.50 12.00 0.01 0.38 004980020E27 20170928141252
B0 0002 00 00 00 00 80 FF FF 00 FF 29.50 30.00 31.50 2880 224.75 0.10 3.50 12.00 0.03 0.09 004983020E32 20170928141253
B0 0002 00 00 00 00 80 FF FF 00 FF 29.50 30.00 31.50 2880 224.00 0.10 3.50 12.00 0.03 0.38 004985020E3A 20170928141253
B0 0002 00 00 00 00 80 FF FF 00 FF 29.50 30.00 31.50 2880 224.00 0.10 3.50 12.00 0.03 0.09 004988020E45 20170928141253
B0 0002 00 00 00 00 80 FF FF 00 FF 29.50 30.00 31.50 2880 224.25 0.10 3.50 12.00 0.01 0.38 00498A020E4C 20170928141253
B0 0002 00 00 00 00 80 FF FF 00 FF 29.50 30.00 31.50 2880 224.00 0.10 3.50 12.00 0.03 0.09 00498D020E57 20170928141253
B0 0002 00 00 00 00 80 FF FF 00 FF 29.50 30.00 31.50 2880 224.50 0.10 3.50 12.00 0.01 0.09 00498F020E5E 20170928141254
B0 0002 00 00 00 00 80 FF FF 00 FF 29.50 30.00 31.50 2880 224.50 0.10 3.50 12.00 0.03 0.38 004992020E69 20170928141254
B0 0002 00 00 00 00 80 FF FF 00 FF 29.50 30.00 31.50 2880 224.00 0.10 3.50 12.00 0.03 0.09 004994020E70 20170928141254
B0 0002 00 00 00 00 80 FF FF 00 FF 29.50 30.00 31.50 2880 224.25 0.10 3.50 12.00 0.03 0.09 004997020E7B 20170928141254
B0 0002 00 00 00 00 80 FF FF 00 FF 29.50 30.00 31.50 2880 224.75 0.10 3.50 12.00 0.01 0.38 004999020E82 20170928141254
B0 0002 00 00 00 00 80 FF FF 00 FF 29.50 30.00 31.50 2880 224.50 0.10 3.50 12.00 0.03 0.09 00499C020E8D 20170928141255
B0 0002 00 00 00 00 80 FF FF 00 FF 29.50 30.00 31.50 2880 224.25 0.10 3.50 12.00 0.03 0.38 00499E020E95 20170928141255
B0 0002 00 00 00 00 80 FF FF 00 FF 29.50 30.00 31.50 2880 224.25 0.10 3.50 12.00 0.03 0.09 0049A1020E9F 20170928141255
B0 0002 00 00 00 00 80 FF FF 00 FF 29.50 30.00 31.50 2880 224.25 0.10 3.50 12.00 0.01 0.38 0049A4020EAA 20170928141255
B0 0002 00 00 00 00 80 FF FF 00 FF 29.50 30.00 31.50 2880 224.25 0.10 3.50 12.00 0.01 0.09 0049A7020EB5 20170928141256
B0 0002 00 00 00 00 80 FF FF 00 FF 29.50 30.00 31.50 2880 224.50 0.10 3.50 12.00 0.03 0.38 0049AA020EC0 20170928141256
B0 0002 00 00 00 00 80 FF FF 00 FF 29.50 30.00 31.50 2880 224.25 0.10 3.50 12.00 0.03 0.09 0049AC020EC7 20170928141256
B0 0002 00 00 00 00 80 FF FF 00 FF 29.50 30.00 31.50 2880 224.25 0.10 3.50 12.00 0.01 0.38 0049AE020ECF 20170928141256
B0 0002 00 00 00 00 80 FF FF 00 FF 29.50 30.00 31.50 2880 224.00 0.10 3.50 12.00 0.03 0.38 0049B1020ED9 20170928141256
B0 0002 00 00 00 00 80 FF FF 00 FF 29.50 30.00 31.50 2880 224.25 0.10 3.50 12.00 0.03 0.09 0049B4020EE5 20170928141257
B0 0002 00 00 00 00 80 FF FF 00 FF 29.50 30.00 31.50 2880 224.50 0.10 3.50 12.00 0.01 0.38 0049B6020EEC 20170928141257
B0 0002 00 00 00 00 80 FF FF 00 FF 29.50 30.00 31.50 2880 223.75 0.10 3.50 12.00 0.03 0.38 0049B9020EF7 20170928141257
B0 0002 00 00 00 00 80 FF FF 00 FF 29.50 30.00 31.50 2880 223.75 0.10 3.50 12.00 0.01 0.38 0049BB020EFE 20170928141257
B0 0002 00 00 00 00 80 FF FF 00 FF 29.50 30.00 31.50 2880 224.25 0.10 3.50 12.00 0.03 0.38 0049BE020F09 20170928141257
B0 0002 00 00 00 00 80 FF FF 00 FF 29.50 30.00 31.50 2880 224.25 0.10 3.50 12.00 0.03 0.38 0049C0020F11 20170928141258
B0 0002 00 00 00 00 80 FF FF 00 FF 29.50 30.00 31.50 2880 224.75 0.10 3.50 12.00 0.03 0.09 0049C3020F1C 20170928141258
B0 0002 00 00 00 00 80 FF FF 00 FF 29.50 30.00 31.50 2880 224.00 0.10 3.50 12.00 0.03 0.38 0049C6020F27 20170928141258
B0 0002 00 00 00 00 80 FF FF 00 FF 29.50 30.00 31.50 2880 224.25 0.10 3.50 12.00 0.01 0.38 0049C8020F2E 20170928141258
B0 0002 00 00 00 00 80 FF FF 00 FF 29.50 30.00 31.50 2880 224.50 0.10 3.50 12.00 0.03 0.38 0049CB020F39 20170928141258
B0 0002 00 00 00 00 80 FF FF 00 FF 29.50 30.00 31.50 2880 224.25 0.10 3.50 12.00 0.03 0.38 0049CD020F40 20170928141259
B0 0002 00 00 00 00 80 FF FF 00 FF 29.50 30.00 31.50 2880 224.50 0.10 3.50 12.00 0.03 0.38 0049D0020F4B 20170928141259
B0 0002 00 00 00 00 80 FF FF 00 FF 29.50 30.00 31.50 2880 224.25 0.10 3.50 12.00 0.01 0.09 0049D2020F52 20170928141259
B0 0002 00 00 00 00 80 FF FF 00 FF 29.50 30.00 31.50 2880 224.25 0.10 3.50 12.00 0.03 0.09 0049D5020F5D 20170928141259
B0 0002 00 00 00 00 80 FF FF 00 FF 29.50 30.00 31.50 2880 224.50 0.10 3.50 12.00 0.01 0.38 0049D7020F64 20170928141259
B0 0002 00 00 00 00 80 FF FF 00 FF 29.50 30.00 31.50 2880 224.00 0.10 3.50 12.00 0.03 0.09 0049DA020F70 20170928141300
B0 0002 00 00 00 00 80 FF FF 00 FF 29.50 30.00 31.50 2880 224.25 0.10 3.50 12.00 0.03 0.38 0049DC020F77 20170928141300
B0 0002 00 00 00 00 80 FF FF 00 FF 29.50 30.00 31.50 2880 224.25 0.10 3.50 12.00 0.01 0.38 0049DF020F82 20170928141300
B0 0002 00 00 00 00 80 FF FF 00 FF 29.50 30.00 31.50 2880 223.75 0.10 3.50 12.00 0.01 0.38 0049E1020F89 20170928141300
B0 0002 00 00 00 00 80 FF FF 00 FF 29.50 30.00 31.50 2896 224.75 0.10 3.50 12.00 0.03 0.38 0049E4020F94 20170928141300
B0 0002 00 00 00 00 80 FF FF 00 FF 29.50 30.00 31.50 2896 224.25 0.10 3.50 12.00 0.03 0.38 0049E6020F9B 20170928141301
B0 0002 00 00 00 00 80 FF FF 00 FF 29.50 30.00 31.50 2896 224.00 0.10 3.50 12.00 0.03 0.38 0049E9020FA7 20170928141301
B0 0002 00 00 00 00 80 FF FF 00 FF 29.50 30.00 31.50 2896 224.50 0.10 3.50 12.00 0.03 0.38 0049EB020FAE 20170928141301
B0 0002 00 00 00 00 80 FF FF 00 FF 29.50 30.00 31.50 2896 224.25 0.10 3.50 12.00 0.01 0.38 0049EE020FB9 20170928141301
B0 0002 00 00 00 00 80 FF FF 00 FF 29.50 30.00 31.50 2896 224.25 0.10 3.50 12.00 0.03 0.09 0049F0020FC0 20170928141301
B0 0002 00 00 00 00 80 FF FF 00 FF 29.50 30.00 31.50 2880 224.75 0.10 3.50 12.00 0.03 0.38 0049F3020FCB 20170928141302
B0 0002 00 00 00 00 80 FF FF 00 FF 29.50 30.00 31.50 2880 224.75 0.10 3.50 12.00 0.03 0.38 0049F6020FD6 20170928141302
B0 0002 00 00 00 00 80 FF FF 00 FF 29.50 30.00 31.50 2880 224.50 0.10 3.50 12.00 0.03 0.38 0049F8020FDD 20170928141302
B0 0002 00 00 00 00 80 FF FF 00 FF 29.50 30.00 31.50 2880 224.50 0.10 3.50 12.00 0.03 0.38 0049FA020FE4 20170928141302
B0 0002 00 00 00 00 80 FF FF 00 FF 29.50 30.00 31.50 2880 224.75 0.10 3.50 12.00 0.01 0.38 0049FD020FEF 20170928141302
B0 0002 00 00 00 00 80 FF FF 00 FF 29.50 30.00 31.50 2880 224.75 0.10 3.50 12.00 0.03 0.38 0049FF020FF7 20170928141303
B0 0002 00 00 00 00 80 FF FF 00 FF 29.50 30.00 31.50 2880 224.00 0.10 3.50 12.00 0.03 0.38 004A02021001 20170928141303
B0 0002 00 00 00 00 80 FF FF 00 FF 29.50 30.00 31.50 2880 224.25 0.10 3.50 12.00 0.01 0.09 004A04021009 20170928141303
B0 0002 00 00 00 00 80 FF FF 00 FF 29.50 30.00 31.50 2880 224.25 0.10 3.50 12.00 0.01 0.38 004A07021013 20170928141303
B0 0002 00 00 00 00 80 FF FF 00 FF 29.50 30.00 31.50 2880 224.25 0.10 3.50 12.00 0.03 0.38 004A0902101B 20170928141303
B0 0002 00 00 00 00 80 FF FF 00 FF 29.50 30.00 31.50 2880 224.50 0.10 3.50 12.00 0.03 0.38 004A0C021026 20170928141304
B0 0002 00 00 00 00 80 FF FF 00 FF 29.50 30.00 31.50 2880 224.50 0.10 3.50 12.00 0.03 0.09 004A0E02102D 20170928141304
B0 0002 00 00 00 00 80 FF FF 00 FF 29.50 30.00 31.50 2880 224.00 0.10 3.50 12.00 0.01 0.38 004A11021038 20170928141304
B0 0002 00 00 00 00 80 FF FF 00 FF 29.50 30.00 31.50 2880 224.75 0.10 3.50 12.00 0.03 0.09 004A14021043 20170928141304
B0 0002 00 00 00 00 80 FF FF 00 FF 29.50 30.00 31.50 2880 224.75 0.10 3.50 12.00 0.01 0.09 004A1602104A 20170928141304
B0 0002 00 00 00 00 80 FF FF 00 FF 29.50 30.00 31.50 2880 224.00 0.10 3.50 12.00 0.03 0.09 004A19021056 20170928141305
B0 0002 00 00 00 00 80 FF FF 00 FF 29.50 30.00 31.50 2880 224.50 0.10 3.50 12.00 0.03 0.38 004A1B02105D 20170928141305
B0 0002 00 00 00 00 80 FF FF 00 FF 29.50 30.00 31.50 2880 224.00 0.10 3.50 12.00 0.03 0.09 004A1E021068 20170928141305
B0 0002 00 00 00 00 80 FF FF 00 FF 29.50 30.00 31.50 2880 224.00 0.10 3.50 12.00 0.03 0.38 004A20021070 20170928141305
B0 0002 00 00 00 00 80 FF FF 00 FF 29.50 30.00 31.50 2880 224.25 0.10 3.50 12.00 0.03 0.38 004A2302107B 20170928141305
B0 0002 00 00 00 00 80 FF FF 00 FF 29.50 30.00 31.50 2880 224.25 0.10 3.50 12.00 0.03 0.38 004A25021082 20170928141306
B0 0002 00 00 00 00 80 FF FF 00 FF 29.50 30.00 31.50 2880 224.00 0.10 3.50 12.00 0.03 0.38 004A2802108D 20170928141306
B0 0002 00 00 00 00 80 FF FF 00 FF 29.50 30.00 31.50 2880 224.00 0.10 3.50 12.00 0.01 0.09 004A2B021098 20170928141306
B0 0002 00 00 00 00 80 FF FF 00 FF 29.50 30.00 31.50 2880 224.50 0.10 3.50 12.00 0.01 0.09 004A2D02109F 20170928141306
B0 0002 00 00 00 00 80 FF FF 00 FF 29.50 30.00 31.50 2880 224.00 0.10 3.50 12.00 0.01 0.38 004A300210AA 20170928141307
B0 0002 00 00 00 00 80 FF FF 00 FF 29.50 30.00 31.50 2880 224.25 0.10 3.50 12.00 0.01 0.38 004A320210B1 20170928141307
B0 0002 00 00 00 00 80 FF FF 00 FF 29.50 30.00 31.50 2880 224.75 0.10 3.50 12.00 0.03 0.38 004A350210BC 20170928141307
B0 0002 00 00 00 00 80 FF FF 00 FF 29.50 30.00 31.50 2880 224.00 0.10 3.50 12.00 0.01 0.38 004A370210C4 20170928141307
B0 0002 00 00 00 00 80 FF FF 00 FF 29.50 30.00 31.50 2880 223.75 0.10 3.50 12.00 0.01 0.38 004A3A0210CF 20170928141307
B0 0002 00 00 00 00 80 FF FF 00 FF 29.50 30.00 31.50 2880 224.75 0.10 3.50 12.00 0.03 0.38 004A3C0210D6 20170928141308
B0 0002 00 00 00 00 80 FF FF 00 FF 29.50 30.00 31.50 2880 224.25 0.10 3.50 12.00 0.01 0.09 004A3F0210E1 20170928141308
B0 0002 00 00 00 00 80 FF FF 00 FF 29.50 30.00 31.50 2880 224.00 0.10 3.50 12.00 0.03 0.38 004A410210E8 20170928141308
B0 0002 00 00 00 00 80 FF FF 00 FF 29.50 30.00 31.50 2880 224.25 0.10 3.50 12.00 0.01 0.38 004A440210F3 20170928141308
B0 0002 00 00 00 00 80 FF FF 00 FF 29.50 30.00 31.50 2880 223.75 0.10 3.50 12.00 0.03 0.38 004A460210FA 20170928141308
B0 0002 00 00 00 00 80 FF FF 00 FF 29.50 30.00 31.50 2880 224.25 0.10 3.50 12.00 0.03 0.38 004A49021105 20170928141309
B0 0002 00 00 00 00 80 FF FF 00 FF 29.50 30.00 31.50 2880 224.50 0.10 3.50 12.00 0.03 0.38 004A4C021110 20170928141309
B0 0002 00 00 00 00 80 FF FF 00 FF 29.50 30.00 31.50 2880 223.75 0.10 3.50 12.00 0.03 0.38 004A4E021118 20170928141309
B0 0002 00 00 00 00 80 FF FF 00 FF 29.50 30.00 31.50 2880 224.00 0.10 3.50 12.00 0.01 0.09 004A51021123 20170928141309
B0 0002 00 00 00 00 80 FF FF 00 FF 29.50 30.00 31.50 2880 224.25 0.10 3.50 12.00 0.03 0.09 004A5302112A 20170928141309
B0 0002 00 00 00 00 80 FF FF 00 FF 29.50 30.00 31.50 2880 224.00 0.10 3.50 12.00 0.03 0.09 004A55021131 20170928141310
B0 0002 00 00 00 00 80 FF FF 00 FF 29.50 30.00 31.50 2880 224.25 0.10 3.50 12.00 0.03 0.38 004A5802113C 20170928141310
B0 0002 00 00 00 00 80 FF FF 00 FF 29.50 30.00 31.50 2880 224.00 0.10 3.50 12.00 0.03 0.38 004A5B021147 20170928141310
B0 0002 00 00 00 00 80 FF FF 00 FF 29.50 30.00 31.50 2880 223.50 0.10 3.50 12.00 0.03 0.09 004A5D02114E 20170928141310
B0 0002 00 00 00 00 80 FF FF 00 FF 29.50 30.00 31.50 2880 224.00 0.10 3.50 12.00 0.01 0.38 004A60021159 20170928141310
B0 0002 00 00 00 00 80 FF FF 00 FF 29.50 30.00 31.50 2880 224.00 0.10 3.50 12.00 0.03 0.38 004A62021160 20170928141311
B0 0002 00 00 00 00 80 FF FF 00 FF 29.50 30.00 31.50 2880 224.50 0.10 3.50 12.00 0.03 0.38 004A6502116B 20170928141311
B0 0002 00 00 00 00 80 FF FF 00 FF 29.50 30.00 31.50 2880 224.25 0.10 3.50 12.00 0.03 0.38 004A67021173 20170928141311
B0 0002 00 00 00 00 80 FF FF 00 FF 29.50 30.00 31.50 2880 223.75 0.10 3.50 12.00 0.01 0.38 004A6A02117D 20170928141311
B0 0002 00 00 00 00 80 FF FF 00 FF 29.50 30.00 31.50 2880 224.50 0.10 3.50 12.00 0.01 0.09 004A6D021188 20170928141311
B0 0002 00 00 00 00 80 FF FF 00 FF 29.50 30.00 31.50 2880 224.25 0.10 3.50 12.00 0.03 0.38 004A6F021190 20170928141312
B0 0002 00 00 00 00 80 FF FF 00 FF 29.50 30.00 31.50 2880 224.25 0.10 3.50 12.00 0.03 0.09 004A71021197 20170928141312
B0 0002 00 00 00 00 80 FF FF 00 FF 29.50 30.00 31.50 2880 224.25 0.10 3.50 12.00 0.03 0.09 004A740211A2 20170928141312
B0 0002 00 00 00 00 80 FF FF 00 FF 29.50 30.00 31.50 2880 224.00 0.10 3.50 12.00 0.03 0.38 004A770211AD 20170928141312
B0 0002 00 00 00 00 80 FF FF 00 FF 29.50 30.00 31.50 2880 224.25 0.10 3.50 12.00 0.03 0.38 004A790211B4 20170928141312
B0 0002 00 00 00 00 80 FF FF 00 FF 29.50 30.00 31.50 2880 224.25 0.10 3.50 12.00 0.01 0.38 004A7C0211BF 20170928141313
B0 0002 00 00 00 00 80 FF FF 00 FF 29.50 30.00 31.50 2880 224.50 0.10 3.50 12.00 0.03 0.09 004A7E0211C6 20170928141313
B0 0002 00 00 00 00 80 FF FF 00 FF 29.50 30.00 31.50 2880 224.25 0.10 3.50 12.00 0.03 0.09 004A810211D1 20170928141313
B0 0002 00 00 00 00 80 FF FF 00 FF 29.50 30.00 31.50 2880 224.00 0.10 3.50 12.00 0.03 0.09 004A830211D8 20170928141313
B0 0002 00 00 00 00 80 FF FF 00 FF 29.50 30.00 31.50 2880 224.25 0.10 3.50 12.00 0.03 0.38 004A860211E3 20170928141313
B0 0002 00 00 00 00 80 FF FF 00 FF 29.50 30.00 31.50 2880 224.25 0.10 3.50 12.00 0.03 0.09 004A890211EE 20170928141314
B0 0002 00 00 00 00 80 FF FF 00 FF 29.50 30.00 31.50 2880 224.25 0.10 3.50 12.00 0.03 0.09 004A8B0211F6 20170928141314
B0 0002 00 00 00 00 80 FF FF 00 FF 29.50 30.00 31.50 2880 224.00 0.10 3.50 12.00 0.01 0.38 004A8D0211FD 20170928141314
B0 0002 00 00 00 00 80 FF FF 00 FF 29.50 30.00 31.50 2880 224.00 0.10 3.50 12.00 0.03 0.38 004A90021208 20170928141314
B0 0002 00 00 00 00 80 FF FF 00 FF 29.50 30.00 31.50 2880 224.25 0.10 3.50 12.00 0.01 0.09 004A9202120F 20170928141314
B0 0002 00 00 00 00 80 FF FF 00 FF 29.50 30.00 31.50 2880 224.50 0.10 3.50 12.00 0.03 0.38 004A9502121A 20170928141315
B0 0002 00 00 00 00 80 FF FF 00 FF 29.50 30.00 31.50 2880 224.25 0.10 3.50 12.00 0.03 0.38 004A97021222 20170928141315
B0 0002 00 00 00 00 80 FF FF 00 FF 29.50 30.00 31.50 2880 224.25 0.10 3.50 12.00 0.01 0.09 004A9A02122C 20170928141315
B0 0002 00 00 00 00 80 FF FF 00 FF 29.50 30.00 31.50 2880 224.50 0.10 3.50 12.00 0.03 0.38 004A9C021234 20170928141315
B0 0002 00 00 00 00 80 FF FF 00 FF 29.50 30.00 31.50 2880 224.25 0.10 3.50 12.00 0.01 0.38 004A9F02123F 20170928141315
B0 0002 00 00 00 00 80 FF FF 00 FF 29.50 30.00 31.50 2880 224.50 0.10 3.50 12.00 0.03 0.38 004AA1021246 20170928141316
B0 0002 00 00 00 00 80 FF FF 00 FF 29.50 30.00 31.50 2880 224.00 0.10 3.50 12.00 0.03 0.38 004AA4021251 20170928141316
B0 0002 00 00 00 00 80 FF FF 00 FF 29.50 30.00 31.50 2880 224.00 0.10 3.50 12.00 0.01 0.38 004AA6021258 20170928141316
B0 0002 00 00 00 00 80 FF FF 00 FF 29.50 30.00 31.50 2880 224.00 0.10 3.50 12.00 0.03 0.38 004AA9021263 20170928141316
B0 0002 00 00 00 00 80 FF FF 00 FF 29.50 30.00 31.50 2880 224.00 0.10 3.50 12.00 0.01 0.38 004AAC02126E 20170928141316
B0 0002 00 00 00 00 80 FF FF 00 FF 29.50 30.00 31.50 2880 224.75 0.10 3.50 12.00 0.03 0.38 004AAE021275 20170928141317
B0 0002 00 00 00 00 80 FF FF 00 FF 29.50 30.00 31.50 2880 224.25 0.10 3.50 12.00 0.03 0.38 004AB1021280 20170928141317
B0 0002 00 00 00 00 80 FF FF 00 FF 29.50 30.00 31.50 2880 223.75 0.10 3.50 12.00 0.01 0.09 004AB3021288 20170928141317
B0 0002 00 00 00 00 80 FF FF 00 FF 29.50 30.00 31.50 2880 224.25 0.10 3.50 12.00 0.03 0.09 004AB502128F 20170928141317
B0 0002 00 00 00 00 80 FF FF 00 FF 29.50 30.00 31.50 2880 224.25 0.10 3.50 12.00 0.03 0.38 004AB802129A 20170928141317
B0 0002 00 00 00 00 80 FF FF 00 FF 29.50 30.00 31.50 2880 223.75 0.10 3.50 12.00 0.01 0.38 004ABB0212A5 20170928141318
B0 0002 00 00 00 00 80 FF FF 00 FF 29.50 30.00 31.50 2880 224.75 0.10 3.50 12.00 0.03 0.38 004ABD0212AC 20170928141318
B0 0002 00 00 00 00 80 FF FF 00 FF 29.50 30.00 31.50 2880 224.00 0.10 3.50 12.00 0.01 0.38 004AC00212B7 20170928141318
B0 0002 00 00 00 00 80 FF FF 00 FF 29.50 30.00 31.50 2880 223.75 0.10 3.50 12.00 0.01 0.38 004AC20212BE 20170928141318
B0 0002 00 00 00 00 80 FF FF 00 FF 29.50 30.00 31.50 2880 225.00 0.10 3.50 12.00 0.03 0.09 004AC50212C9 20170928141318
B0 0002 00 00 00 00 80 FF FF 00 FF 29.50 30.00 31.50 2880 224.25 0.10 3.50 12.00 0.03 0.38 004AC70212D0 20170928141319
B0 0002 00 00 00 00 80 FF FF 00 FF 29.50 30.00 31.50 2880 224.00 0.10 3.50 12.00 0.01 0.38 004ACA0212DB 20170928141319
B0 0002 00 00 00 00 80 FF FF 00 FF 29.50 30.00 31.50 2880 224.25 0.10 3.50 12.00 0.01 0.38 004ACC0212E2 20170928141319
B0 0002 00 00 00 00 80 FF FF 00 FF 29.50 30.00 31.50 2880 224.25 0.10 3.50 12.00 0.03 0.38 004ACF0212EE 20170928141319
B0 0002 00 00 00 00 80 FF FF 00 FF 29.50 30.00 31.50 2880 224.00 0.10 3.50 12.00 0.01 0.38 004AD10212F5 20170928141319
B0 0002 00 00 00 00 80 FF FF 00 FF 29.50 30.00 31.50 2880 224.25 0.10 3.50 12.00 0.03 0.38 004AD40212FF 20170928141320
B0 0002 00 00 00 00 80 FF FF 00 FF 29.50 30.00 31.50 2880 224.50 0.10 3.50 12.00 0.03 0.09 004AD6021307 20170928141320
B0 0002 00 00 00 00 80 FF FF 00 FF 29.50 30.00 31.50 2880 223.75 0.10 3.50 12.00 0.01 0.38 004AD9021312 20170928141320
B0 0002 00 00 00 00 80 FF FF 00 FF 29.50 30.00 31.50 2880 224.00 0.10 3.50 12.00 0.03 0.38 004ADC02131D 20170928141320
B0 0002 00 00 00 00 80 FF FF 00 FF 29.50 30.00 31.50 2880 224.50 0.10 3.50 12.00 0.03 0.38 004ADE021324 20170928141320
B0 0002 00 00 00 00 80 FF FF 00 FF 29.50 30.00 31.50 2880 224.25 0.10 3.50 12.00 0.03 0.09 004AE102132F 20170928141321
B0 0002 00 00 00 00 80 FF FF 00 FF 29.50 30.00 31.50 2880 224.00 0.10 3.50 12.00 0.03 0.38 004AE3021336 20170928141321
B0 0002 00 00 00 00 80 FF FF 00 FF 29.50 30.00 31.50 2880 224.50 0.10 3.50 12.00 0.01 0.38 004AE6021341 20170928141321
B0 0002 00 00 00 00 80 FF FF 00 FF 29.50 30.00 31.50 2880 223.75 0.10 3.50 12.00 0.01 0.38 004AE8021348 20170928141321
B0 0002 00 00 00 00 80 FF FF 00 FF 29.50 30.00 31.50 2880 224.25 0.10 3.50 12.00 0.03 0.09 004AEB021353 20170928141321
B0 0002 00 00 00 00 80 FF FF 00 FF 29.50 30.00 31.50 2880 224.75 0.10 3.50 12.00 0.03 0.38 004AED02135A 20170928141322
B0 0002 00 00 00 00 80 FF FF 00 FF 29.50 30.00 31.50 2880 224.25 0.10 3.50 12.00 0.01 0.38 004AF0021365 20170928141322
B0 0002 00 00 00 00 80 FF FF 00 FF 29.50 30.00 31.50 2880 224.00 0.10 3.50 12.00 0.03 0.09 004AF202136D 20170928141322
B0 0002 00 00 00 00 80 FF FF 00 FF 29.50 30.00 31.50 2880 224.50 0.10 3.50 12.00 0.01 0.09 004AF5021378 20170928141322
B0 0002 00 00 00 00 80 FF FF 00 FF 29.50 30.00 31.50 2880 224.50 0.10 3.50 12.00 0.01 0.38 004AF702137F 20170928141322
B0 0002 00 00 00 00 80 FF FF 00 FF 29.50 30.00 31.50 2880 224.25 0.10 3.50 12.00 0.03 0.38 004AFA02138A 20170928141323
B0 0002 00 00 00 00 80 FF FF 00 FF 29.50 30.00 31.50 2880 224.25 0.10 3.50 12.00 0.01 0.38 004AFC021391 20170928141323
B0 0002 00 00 00 00 80 FF FF 00 FF 29.50 30.00 31.50 2880 224.50 0.10 3.50 12.00 0.03 0.38 004AFF02139C 20170928141323
B0 0002 00 00 00 00 80 FF FF 00 FF 29.50 30.00 31.50 2880 224.50 0.10 3.50 12.00 0.01 0.09 004B020213A7 20170928141323
B0 0002 00 00 00 00 80 FF FF 00 FF 29.50 30.00 31.50 2880 224.25 0.10 3.50 12.00 0.01 0.38 004B040213AE 20170928141324
B0 0002 00 00 00 00 80 FF FF 00 FF 29.50 30.00 31.50 2880 224.75 0.10 3.50 12.00 0.01 0.38 004B070213B9 20170928141324
B0 0002 00 00 00 00 80 FF FF 00 FF 29.50 30.00 31.50 2880 224.00 0.10 3.50 12.00 0.01 0.09 004B090213C0 20170928141324
B0 0002 00 00 00 00 80 FF FF 00 FF 29.50 30.00 31.50 2880 224.00 0.10 3.50 12.00 0.01 0.09 004B0C0213CB 20170928141324
B0 0002 00 00 00 00 80 FF FF 00 FF 29.50 30.00 31.50 2880 224.50 0.10 3.50 12.00 0.03 0.38 004B0E0213D3 20170928141324
B0 0002 00 00 00 00 80 FF FF 00 FF 29.50 30.00 31.50 2880 224.25 0.10 3.50 12.00 0.03 0.38 004B110213DD 20170928141325
B0 0002 00 00 00 00 80 FF FF 00 FF 29.50 30.00 31.50 2880 224.25 0.10 3.50 12.00 0.01 0.38 004B140213E8 20170928141325
B0 0002 00 00 00 00 80 FF FF 00 FF 29.50 30.00 31.50 2880 224.50 0.10 3.50 12.00 0.01 0.09 004B160213F0 20170928141325
B0 0002 00 00 00 00 80 FF FF 00 FF 29.50 30.00 31.50 2880 223.75 0.10 3.50 12.00 0.03 0.38 004B190213FB 20170928141325
B0 0002 00 00 00 00 80 FF FF 00 FF 29.50 30.00 31.50 2880 224.25 0.10 3.50 12.00 0.03 0.38 004B1C021406 20170928141325
B0 0002 00 00 00 00 80 FF FF 00 FF 29.50 30.00 31.50 2880 224.50 0.10 3.50 12.00 0.01 0.38 004B1E02140D 20170928141326
B0 0002 00 00 00 00 80 FF FF 00 FF 29.50 30.00 31.50 2880 224.00 0.10 3.50 12.00 0.01 0.09 004B21021417 20170928141326
B0 0002 00 00 00 00 80 FF FF 00 FF 29.50 30.00 31.50 2880 223.75 0.10 3.50 12.00 0.03 0.38 004B2302141F 20170928141326
B0 0002 00 00 00 00 80 FF FF 00 FF 29.50 30.00 31.50 2880 224.25 0.10 3.50 12.00 0.03 0.09 004B26021429 20170928141326
B0 0002 00 00 00 00 80 FF FF 00 FF 29.50 30.00 31.50 2880 224.50 0.10 3.50 12.00 0.03 0.09 004B28021431 20170928141326
B0 0002 00 00 00 00 80 FF FF 00 FF 29.50 30.00 31.50 2880 224.50 0.10 3.50 12.00 0.03 0.38 004B2B02143C 20170928141327
B0 0002 00 00 00 00 80 FF FF 00 FF 29.50 30.00 31.50 2880 224.50 0.10 3.50 12.00 0.01 0.09 004B2D021443 20170928141327
B0 0002 00 00 00 00 80 FF FF 00 FF 29.50 30.00 31.50 2880 224.00 0.10 3.50 12.00 0.01 0.09 004B3002144E 20170928141327
B0 0002 00 00 00 00 80 FF FF 00 FF 29.50 30.00 31.50 2880 223.75 0.10 3.50 12.00 0.01 0.09 004B33021459 20170928141327
B0 0002 00 00 00 00 80 FF FF 00 FF 29.50 30.00 31.50 2880 224.25 0.10 3.50 12.00 0.03 0.38 004B35021460 20170928141327
B0 0002 00 00 00 00 80 FF FF 00 FF 29.50 30.00 31.50 2880 224.25 0.10 3.50 12.00 0.03 0.38 004B37021468 20170928141328
B0 0002 00 00 00 00 80 FF FF 00 FF 29.50 30.00 31.50 2880 224.75 0.10 3.50 12.00 0.03 0.38 004B3A021473 20170928141328
B0 0002 00 00 00 00 80 FF FF 00 FF 29.50 30.00 31.50 2880 224.00 0.10 3.50 12.00 0.03 0.38 004B3C02147A 20170928141328
B0 0002 00 00 00 00 80 FF FF 00 FF 29.50 30.00 31.50 2880 224.25 0.10 3.50 12.00 0.03 0.09 004B3F021485 20170928141328
B0 0002 00 00 00 00 80 FF FF 00 FF 29.50 30.00 31.50 2880 224.25 0.10 3.50 12.00 0.03 0.38 004B42021490 20170928141328
B0 0002 00 00 00 00 80 FF FF 00 FF 29.50 30.00 31.50 2880 224.00 0.10 3.50 12.00 0.03 0.09 004B44021497 20170928141329
B0 0002 00 00 00 00 80 FF FF 00 FF 29.50 30.00 31.50 2880 224.50 0.10 3.50 12.00 0.03 0.38 004B470214A2 20170928141329
B0 0002 00 00 00 00 80 FF FF 00 FF 29.50 30.00 31.50 2880 224.25 0.10 3.50 12.00 0.01 0.38 004B490214A9 20170928141329
B0 0002 00 00 00 00 80 FF FF 00 FF 29.50 30.00 31.50 2880 224.25 0.10 3.50 12.00 0.03 0.38 004B4C0214B4 20170928141329
B0 0002 00 00 00 00 80 FF FF 00 FF 29.50 30.00 31.50 2880 224.75 0.10 3.50 12.00 0.01 0.38 004B4F0214BF 20170928141329
B0 0002 00 00 00 00 80 FF FF 00 FF 29.50 30.00 31.50 2880 224.50 0.10 3.50 12.00 0.03 0.38 004B510214C6 20170928141330
B0 0002 00 00 00 00 80 FF FF 00 FF 29.50 30.00 31.50 2880 224.25 0.10 3.50 12.00 0.03 0.38 004B540214D1 20170928141330
B0 0002 00 00 00 00 80 FF FF 00 FF 29.50 30.00 31.50 2880 224.50 0.10 3.50 12.00 0.03 0.38 004B560214D8 20170928141330
B0 0002 00 00 00 00 80 FF FF 00 FF 29.50 30.00 31.50 2880 224.50 0.10 3.50 12.00 0.03 0.38 004B590214E3 20170928141330
B0 0002 00 00 00 00 80 FF FF 00 FF 29.50 30.00 31.50 2880 224.50 0.10 3.50 12.00 0.03 0.09 004B5C0214EE 20170928141331
B0 0002 00 00 00 00 80 FF FF 00 FF 29.50 30.00 31.50 2880 224.75 0.10 3.50 12.00 0.03 0.38 004B5E0214F5 20170928141331
B0 0002 00 00 00 00 80 FF FF 00 FF 29.50 30.00 31.50 2880 224.50 0.10 3.50 12.00 0.01 0.38 004B61021500 20170928141331
B0 0002 00 00 00 00 80 FF FF 00 FF 29.50 30.00 31.50 2880 224.00 0.10 3.50 12.00 0.03 0.09 004B6402150B 20170928141331
B0 0002 00 00 00 00 80 FF FF 00 FF 29.50 30.00 31.50 2880 224.25 0.10 3.50 12.00 0.03 0.38 004B66021512 20170928141331
B0 0002 00 00 00 00 80 FF FF 00 FF 29.50 30.00 31.50 2880 224.50 0.10 3.50 12.00 0.03 0.38 004B68021519 20170928141332
B0 0002 00 00 00 00 80 FF FF 00 FF 29.50 30.00 31.50 2880 224.25 0.10 3.50 12.00 0.03 0.38 004B6B021524 20170928141332
B0 0002 00 00 00 00 80 FF FF 00 FF 29.50 30.00 31.50 2880 224.25 0.10 3.50 12.00 0.03 0.09 004B6E02152F 20170928141332
B0 0002 00 00 00 00 80 FF FF 00 FF 29.50 30.00 31.50 2880 224.25 0.10 3.50 12.00 0.03 0.38 004B70021537 20170928141332
B0 0002 00 00 00 00 80 FF FF 00 FF 29.50 30.00 31.50 2880 224.75 0.10 3.50 12.00 0.03 0.38 004B73021542 20170928141332
B0 0002 00 00 00 00 80 FF FF 00 FF 29.50 30.00 31.50 2880 224.25 0.10 3.50 12.00 0.01 0.09 004B7602154D 20170928141333
B0 0002 00 00 00 00 80 FF FF 00 FF 29.50 30.00 31.50 2880 224.25 0.10 3.50 12.00 0.01 0.09 004B78021554 20170928141333
B0 0002 00 00 00 00 80 FF FF 00 FF 29.50 30.00 31.50 2880 224.00 0.10 3.50 12.00 0.01 0.09 004B7B02155F 20170928141333
B0 0002 00 00 00 00 80 FF FF 00 FF 29.50 30.00 31.50 2880 223.75 0.10 3.50 12.00 0.03 0.09 004B7D021566 20170928141333
B0 0002 00 00 00 00 80 FF FF 00 FF 29.50 30.00 31.50 2880 224.50 0.10 3.50 12.00 0.03 0.38 004B80021571 20170928141333
B0 0002 00 00 00 00 80 FF FF 00 FF 29.50 30.00 31.50 2880 224.50 0.10 3.50 12.00 0.03 0.38 004B82021578 20170928141334
B0 0002 00 00 00 00 80 FF FF 00 FF 29.50 30.00 31.50 2880 224.00 0.10 3.50 12.00 0.01 0.38 004B85021583 20170928141334
B0 0002 00 00 00 00 80 FF FF 00 FF 29.50 30.00 31.50 2880 224.50 0.10 3.50 12.00 0.01 0.38 004B8802158D 20170928141334
B0 0002 00 00 00 00 80 FF FF 00 FF 29.50 30.00 31.50 2880 224.25 0.10 3.50 12.00 0.01 0.38 004B8A021595 20170928141334
B0 0002 00 00 00 00 80 FF FF 00 FF 29.50 30.00 31.50 2880 224.00 0.10 3.50 12.00 0.01 0.38 004B8D0215A0 20170928141334
B0 0002 00 00 00 00 80 FF FF 00 FF 29.50 30.00 31.50 2880 224.50 0.10 3.50 12.00 0.03 0.38 004B8F0215A7 20170928141335
B0 0002 00 00 00 00 80 FF FF 00 FF 29.50 30.00 31.50 2880 224.25 0.10 3.50 12.00 0.03 0.38 004B920215B2 20170928141335
B0 0002 00 00 00 00 80 FF FF 00 FF 29.50 30.00 31.50 2880 223.75 0.10 3.50 12.00 0.03 0.38 004B940215B9 20170928141335
B0 0002 00 00 00 00 80 FF FF 00 FF 29.50 30.00 31.50 2880 224.50 0.10 3.50 12.00 0.03 0.09 004B970215C4 20170928141335
B0 0002 00 00 00 00 80 FF FF 00 FF 29.50 30.00 31.50 2880 224.25 0.10 3.50 12.00 0.01 0.38 004B9A0215CF 20170928141335
B0 0002 00 00 00 00 80 FF FF 00 FF 29.50 30.00 31.50 2880 224.25 0.10 3.50 12.00 0.01 0.38 004B9C0215D6 20170928141336
B0 0002 00 00 00 00 80 FF FF 00 FF 29.50 30.00 31.50 2880 224.50 0.10 3.50 12.00 0.03 0.09 004B9F0215E2 20170928141336
B0 0002 00 00 00 00 80 FF FF 00 FF 29.50 30.00 31.50 2880 224.00 0.10 3.50 12.00 0.03 0.09 004BA10215E9 20170928141336
B0 0002 00 00 00 00 80 FF FF 00 FF 29.50 30.00 31.50 2880 224.00 0.10 3.50 12.00 0.03 0.38 004BA40215F4 20170928141336
B0 0002 00 00 00 00 80 FF FF 00 FF 29.50 30.00 31.50 2880 224.50 0.10 3.50 12.00 0.03 0.38 004BA60215FB 20170928141336
B0 0002 00 00 00 00 80 FF FF 00 FF 29.50 30.00 31.50 2880 224.50 0.10 3.50 12.00 0.03 0.09 004BA8021603 20170928141337
B0 0002 00 00 00 00 80 FF FF 00 FF 29.50 30.00 31.50 2880 223.75 0.10 3.50 12.00 0.03 0.09 004BAB02160E 20170928141337
B0 0002 00 00 00 00 80 FF FF 00 FF 29.50 30.00 31.50 2880 223.75 0.10 3.50 12.00 0.03 0.09 004BAE021619 20170928141337
B0 0002 00 00 00 00 80 FF FF 00 FF 29.50 30.00 31.50 2880 224.25 0.10 3.50 12.00 0.01 0.38 004BB0021620 20170928141337
B0 0002 00 00 00 00 80 FF FF 00 FF 29.50 30.00 31.50 2880 224.00 0.10 3.50 12.00 0.03 0.38 004BB2021627 20170928141337
B0 0002 00 00 00 00 80 FF FF 00 FF 29.50 30.00 31.50 2880 224.25 0.10 3.50 12.00 0.03 0.38 004BB5021632 20170928141338
B0 0002 00 00 00 00 80 FF FF 00 FF 29.50 30.00 31.50 2880 224.75 0.10 3.50 12.00 0.03 0.38 004BB802163D 20170928141338
B0 0002 00 00 00 00 80 FF FF 00 FF 29.50 30.00 31.50 2880 223.75 0.10 3.50 12.00 0.01 0.38 004BBA021644 20170928141338
B0 0002 00 00 00 00 80 FF FF 00 FF 29.50 30.00 31.50 2880 223.75 0.10 3.50 12.00 0.03 0.38 004BBD02164F 20170928141338
B0 0002 00 00 00 00 80 FF FF 00 FF 29.50 30.00 31.50 2880 224.50 0.10 3.50 12.00 0.03 0.09 004BBF021657 20170928141338
B0 0002 00 00 00 00 80 FF FF 00 FF 29.50 30.00 31.50 2880 224.00 0.10 3.50 12.00 0.01 0.38 004BC2021661 20170928141339
B0 0002 00 00 00 00 80 FF FF 00 FF 29.50 30.00 31.50 2880 224.25 0.10 3.50 12.00 0.01 0.38 004BC4021669 20170928141339
B0 0002 00 00 00 00 80 FF FF 00 FF 29.50 30.00 31.50 2880 224.00 0.10 3.50 12.00 0.01 0.38 004BC7021674 20170928141339
B0 0002 00 00 00 00 80 FF FF 00 FF 29.50 30.00 31.50 2880 223.50 0.10 3.50 12.00 0.03 0.09 004BC902167B 20170928141339
B0 0002 00 00 00 00 80 FF FF 00 FF 29.50 30.00 31.50 2880 224.00 0.10 3.50 12.00 0.03 0.09 004BCC021686 20170928141339
B0 0002 00 00 00 00 80 FF FF 00 FF 29.50 30.00 31.50 2880 224.50 0.10 3.50 12.00 0.01 0.38 004BCE02168D 20170928141340
B0 0002 00 00 00 00 80 FF FF 00 FF 29.50 30.00 31.50 2880 224.00 0.10 3.50 12.00 0.03 0.09 004BD1021698 20170928141340
B0 0002 00 00 00 00 80 FF FF 00 FF 29.50 30.00 31.50 2880 224.00 0.10 3.50 12.00 0.03 0.09 004BD302169F 20170928141340
B0 0002 00 00 00 00 80 FF FF 00 FF 29.50 30.00 31.50 2880 224.25 0.10 3.50 12.00 0.03 0.09 004BD60216AA 20170928141340
B0 0002 00 00 00 00 80 FF FF 00 FF 29.50 30.00 31.50 2880 224.25 0.10 3.50 12.00 0.01 0.09 004BD90216B5 20170928141341
B0 0002 00 00 00 00 80 FF FF 00 FF 29.50 30.00 31.50 2880 224.25 0.10 3.50 12.00 0.01 0.38 004BDB0216BC 20170928141341
B0 0002 00 00 00 00 80 FF FF 00 FF 29.50 30.50 31.50 2880 223.75 0.10 3.50 12.00 0.03 0.09 004BDE0216C7 20170928141341
B0 0002 00 00 00 00 80 FF FF 00 FF 29.50 30.00 31.50 2880 224.00 0.10 3.50 12.00 0.01 0.38 004BE00216CE 20170928141341
B0 0002 00 00 00 00 80 FF FF 00 FF 30.00 30.00 31.50 2880 224.00 0.10 3.50 12.00 0.01 0.38 004BE30216DA 20170928141341
B0 0002 00 00 00 00 80 FF FF 00 FF 29.50 30.00 31.50 2880 224.25 0.10 3.50 12.00 0.03 0.38 004BE50216E1 20170928141342
B0 0002 00 00 00 00 80 FF FF 00 FF 29.50 30.00 31.50 2880 224.50 0.10 3.50 12.00 0.03 0.38 004BE80216EC 20170928141342
B0 0002 00 00 00 00 80 FF FF 00 FF 29.50 30.00 31.50 2880 224.00 0.10 3.50 12.00 0.03 0.38 004BEA0216F3 20170928141342
B0 0002 00 00 00 00 80 FF FF 00 FF 29.50 30.00 31.50 2880 223.75 0.10 3.50 12.00 0.03 0.09 004BED0216FD 20170928141342
B0 0002 00 00 00 00 80 FF FF 00 FF 29.50 30.00 31.50 2880 224.25 0.10 3.50 12.00 0.03 0.38 004BF0021708 20170928141342
B0 0002 00 00 00 00 80 FF FF 00 FF 29.50 30.00 31.50 2880 224.25 0.10 3.50 12.00 0.03 0.38 004BF2021710 20170928141343
B0 0002 00 00 00 00 80 FF FF 00 FF 29.50 30.00 31.50 2880 224.50 0.10 3.50 12.00 0.03 0.09 004BF502171B 20170928141343
B0 0002 00 00 00 00 80 FF FF 00 FF 29.50 30.00 31.50 2880 224.25 0.10 3.50 12.00 0.01 0.38 004BF7021722 20170928141343
B0 0002 00 00 00 00 80 FF FF 00 FF 29.50 30.00 31.50 2880 224.25 0.10 3.50 12.00 0.03 0.38 004BFA02172D 20170928141343
B0 0002 00 00 00 00 80 FF FF 00 FF 29.50 30.00 31.50 2880 224.25 0.10 3.50 12.00 0.01 0.38 004BFC021735 20170928141343
B0 0002 00 00 00 00 80 FF FF 00 FF 29.50 30.00 31.50 2880 224.00 0.10 3.50 12.00 0.03 0.38 004BFF021740 20170928141344
B0 0002 00 00 00 00 80 FF FF 00 FF 29.50 30.00 31.50 2880 224.25 0.10 3.50 12.00 0.01 0.09 004C01021747 20170928141344
B0 0002 00 00 00 00 80 FF FF 00 FF 29.50 30.00 31.50 2880 224.50 0.10 3.50 12.00 0.01 0.38 004C04021752 20170928141344
B0 0002 00 00 00 00 80 FF FF 00 FF 29.50 30.00 31.50 2880 223.75 0.10 3.50 12.00 0.01 0.38 004C0702175D 20170928141344
B0 0002 00 00 00 00 80 FF FF 00 FF 29.50 30.00 31.50 2880 224.50 0.10 3.50 12.00 0.01 0.38 004C09021764 20170928141344
B0 0002 00 00 00 00 80 FF FF 00 FF 29.50 30.00 31.50 2880 224.50 0.10 3.50 12.00 0.03 0.09 004C0B02176C 20170928141345
B0 0002 00 00 00 00 80 FF FF 00 FF 29.50 30.00 31.50 2880 224.25 0.10 3.50 12.00 0.03 0.38 004C0E021776 20170928141345
B0 0002 00 00 00 00 80 FF FF 00 FF 29.50 30.00 31.50 2880 224.50 0.10 3.50 12.00 0.03 0.38 004C11021781 20170928141345
B0 0002 00 00 00 00 80 FF FF 00 FF 29.50 30.00 31.50 2880 224.00 0.10 3.50 12.00 0.01 0.38 004C13021788 20170928141345
B0 0002 00 00 00 00 80 FF FF 00 FF 29.50 30.00 31.50 2880 224.25 0.10 3.50 12.00 0.01 0.38 004C16021793 20170928141345
B0 0002 00 00 00 00 80 FF FF 00 FF 29.50 30.00 31.50 2880 224.75 0.10 3.50 12.00 0.01 0.38 004C1802179A 20170928141346
B0 0002 00 00 00 00 80 FF FF 00 FF 29.50 30.00 31.50 2880 224.50 0.10 3.50 12.00 0.03 0.09 004C1B0217A5 20170928141346
B0 0002 00 00 00 00 80 FF FF 00 FF 29.50 30.00 31.50 2880 224.00 0.10 3.50 12.00 0.03 0.09 004C1D0217AD 20170928141346
B0 0002 00 00 00 00 80 FF FF 00 FF 29.50 30.00 31.50 2880 224.25 0.10 3.50 12.00 0.01 0.09 004C200217B8 20170928141346
B0 0002 00 00 00 00 80 FF FF 00 FF 29.50 30.00 31.50 2880 224.50 0.10 3.50 12.00 0.03 0.09 004C220217BF 20170928141346
B0 0002 00 00 00 00 80 FF FF 00 FF 29.50 30.00 31.50 2880 224.75 0.10 3.50 12.00 0.01 0.09 004C250217CA 20170928141347
B0 0002 00 00 00 00 80 FF FF 00 FF 29.50 30.00 31.50 2880 224.75 0.10 3.50 12.00 0.01 0.38 004C270217D2 20170928141347
B0 0002 00 00 00 00 80 FF FF 00 FF 29.50 30.00 31.50 2880 224.50 0.10 3.50 12.00 0.03 0.38 004C2A0217DD 20170928141347
B0 0002 00 00 00 00 80 FF FF 00 FF 29.50 30.00 31.50 2880 224.25 0.10 3.50 12.00 0.01 0.38 004C2D0217E8 20170928141347
B0 0002 00 00 00 00 80 FF FF 00 FF 29.50 30.00 31.50 2880 224.50 0.10 3.50 12.00 0.03 0.38 004C2F0217EF 20170928141347
B0 0002 00 00 00 00 80 FF FF 00 FF 29.50 30.00 31.50 2880 224.50 0.10 3.50 12.00 0.03 0.38 004C320217FA 20170928141348
B0 0002 00 00 00 00 80 FF FF 00 FF 29.50 30.00 31.50 2880 224.25 0.10 3.50 12.00 0.01 0.38 004C35021804 20170928141348
B0 0002 00 00 00 00 80 FF FF 00 FF 29.50 30.00 31.50 2880 224.25 0.10 3.50 12.00 0.03 0.38 004C3702180C 20170928141348
B0 0002 00 00 00 00 80 FF FF 00 FF 29.50 30.00 31.50 2880 224.75 0.10 3.50 12.00 0.01 0.09 004C3A021817 20170928141348
B0 0002 00 00 00 00 80 FF FF 00 FF 29.50 30.00 31.50 2880 224.50 0.10 3.50 12.00 0.03 0.09 004C3C02181E 20170928141349
B0 0002 00 00 00 00 80 FF FF 00 FF 29.50 30.00 31.50 2864 224.25 0.10 3.50 12.00 0.03 0.38 004C3F021829 20170928141349
B0 0002 00 00 00 00 80 FF FF 00 FF 29.50 30.00 31.50 2864 224.50 0.10 3.50 12.00 0.03 0.38 004C42021834 20170928141349
B0 0002 00 00 00 00 80 FF FF 00 FF 29.50 30.00 31.50 2864 224.00 0.10 3.50 12.00 0.03 0.09 004C4402183B 20170928141349
B0 0002 00 00 00 00 80 FF FF 00 FF 29.50 30.00 31.50 2880 224.00 0.10 3.50 12.00 0.03 0.38 004C47021846 20170928141349
B0 0002 00 00 00 00 80 FF FF 00 FF 29.50 30.00 31.50 2880 224.50 0.10 3.50 12.00 0.01 0.09 004C4902184E 20170928141350
B0 0002 00 00 00 00 80 FF FF 00 FF 29.50 30.00 31.50 2864 224.50 0.10 3.50 12.00 0.01 0.38 004C4C021859 20170928141350
B0 0002 00 00 00 00 80 FF FF 00 FF 29.50 30.00 31.50 2864 224.00 0.10 3.50 12.00 0.03 0.38 004C4E021860 20170928141350
B0 0002 00 00 00 00 80 FF FF 00 FF 29.50 30.00 31.50 2864 224.75 0.10 3.50 12.00 0.01 0.09 004C5102186B 20170928141350
B0 0002 00 00 00 00 80 FF FF 00 FF 29.50 30.00 31.50 2880 224.50 0.10 3.50 12.00 0.01 0.38 004C54021876 20170928141350
B0 0002 00 00 00 00 80 FF FF 00 FF 29.50 30.00 31.50 2880 224.25 0.10 3.50 12.00 0.03 0.38 004C5602187D 20170928141351
B0 0002 00 00 00 00 80 FF FF 00 FF 29.50 30.00 31.50 2880 224.75 0.10 3.50 12.00 0.03 0.38 004C59021888 20170928141351
B0 0002 00 00 00 00 80 FF FF 00 FF 29.50 30.00 31.50 2880 224.00 0.10 3.50 12.00 0.03 0.38 004C5C021893 20170928141351
B0 0002 00 00 00 00 80 FF FF 00 FF 29.50 30.00 31.50 2880 224.00 0.10 3.50 12.00 0.03 0.09 004C5E02189A 20170928141351
B0 0002 00 00 00 00 80 FF FF 00 FF 29.50 30.00 31.50 2864 225.00 0.10 3.50 12.00 0.03 0.38 004C600218A1 20170928141351
B0 0002 00 00 00 00 80 FF FF 00 FF 29.50 30.00 31.50 2864 224.00 0.10 3.50 12.00 0.01 0.38 004C630218AC 20170928141352
B0 0002 00 00 00 00 80 FF FF 00 FF 29.50 30.00 31.50 2880 224.50 0.10 3.50 12.00 0.01 0.38 004C660218B7 20170928141352
B0 0002 00 00 00 00 80 FF FF 00 FF 29.50 30.00 31.50 2880 224.50 0.10 3.50 12.00 0.01 0.09 004C680218BF 20170928141352
B0 0002 00 00 00 00 80 FF FF 00 FF 29.50 30.00 31.50 2880 224.25 0.10 3.50 12.00 0.01 0.09 004C6B0218C9 20170928141352
B0 0002 00 00 00 00 80 FF FF 00 FF 29.50 30.00 31.50 2880 224.25 0.10 3.50 12.00 0.01 0.38 004C6D0218D1 20170928141352
B0 0002 00 00 00 00 80 FF FF 00 FF 29.50 30.00 31.50 2880 224.50 0.10 3.50 12.00 0.03 0.09 004C700218DC 20170928141353
B0 0002 00 00 00 00 80 FF FF 00 FF 29.50 30.00 31.50 2880 224.50 0.10 3.50 12.00 0.03 0.38 004C730218E7 20170928141353
B0 0002 00 00 00 00 80 FF FF 00 FF 29.50 30.00 31.50 2880 224.00 0.10 3.50 12.00 0.03 0.38 004C750218EE 20170928141353
B0 0002 00 00 00 00 80 FF FF 00 FF 29.50 30.00 31.50 2880 224.25 0.10 3.50 12.00 0.01 0.38 004C780218F9 20170928141353
B0 0002 00 00 00 00 80 FF FF 00 FF 29.50 30.00 31.50 2880 224.25 0.10 3.50 12.00 0.03 0.38 004C7A021900 20170928141353
B0 0002 00 00 00 00 80 FF FF 00 FF 29.50 30.00 31.50 2880 224.50 0.10 3.50 12.00 0.01 0.09 004C7D02190B 20170928141354
B0 0002 00 00 00 00 80 FF FF 00 FF 29.50 30.00 31.50 2880 224.50 0.10 3.50 12.00 0.03 0.09 004C7F021913 20170928141354
B0 0002 00 00 00 00 80 FF FF 00 FF 29.50 30.00 31.50 2880 224.50 0.10 3.50 12.00 0.03 0.38 004C8102191A 20170928141354
B0 0002 00 00 00 00 80 FF FF 00 FF 29.50 30.00 31.50 2880 223.75 0.10 3.50 12.00 0.03 0.38 004C84021925 20170928141354
B0 0002 00 00 00 00 80 FF FF 00 FF 29.50 30.00 31.50 2864 224.50 0.10 3.50 12.00 0.01 0.09 004C8602192C 20170928141354
B0 0002 00 00 00 00 80 FF FF 00 FF 29.50 30.00 31.50 2864 224.75 0.10 3.50 12.00 0.03 0.38 004C89021937 20170928141355
B0 0002 00 00 00 00 80 FF FF 00 FF 29.50 30.00 31.50 2864 224.25 0.10 3.50 12.00 0.03 0.09 004C8C021942 20170928141355
B0 0002 00 00 00 00 80 FF FF 00 FF 29.50 30.00 31.50 2880 224.00 0.10 3.50 12.00 0.03 0.09 004C8E021949 20170928141355
B0 0002 00 00 00 00 80 FF FF 00 FF 29.50 30.00 31.50 2880 224.25 0.10 3.50 12.00 0.01 0.38 004C90021950 20170928141355
B0 0002 00 00 00 00 80 FF FF 00 FF 29.50 30.00 31.50 2880 224.00 0.10 3.50 12.00 0.03 0.38 004C9302195B 20170928141355
B0 0002 00 00 00 00 80 FF FF 00 FF 29.50 30.00 31.50 2880 224.50 0.10 3.50 12.00 0.01 0.09 004C95021963 20170928141356
B0 0002 00 00 00 00 80 FF FF 00 FF 29.50 30.00 31.50 2880 224.25 0.10 3.50 12.00 0.01 0.09 004C9802196E 20170928141356
B0 0002 00 00 00 00 80 FF FF 00 FF 29.50 30.00 31.50 2880 224.00 0.10 3.50 12.00 0.03 0.38 004C9A021975 20170928141356
B0 0002 00 00 00 00 80 FF FF 00 FF 29.50 30.00 31.50 2880 224.00 0.10 3.50 12.00 0.03 0.38 004C9D021980 20170928141356
B0 0002 00 00 00 00 80 FF FF 00 FF 29.50 30.00 31.50 2880 224.50 0.10 3.50 12.00 0.03 0.38 004C9F021987 20170928141356
B0 0002 00 00 00 00 80 FF FF 00 FF 29.50 30.00 31.50 2880 224.50 0.10 3.50 12.00 0.03 0.09 004CA2021992 20170928141357
