Address 79 7A 7B 7C 7D 7E 7F 80 81 82 8D 8E 8F 90 88 89 97 8B 8C 96 86 87 Time
B0 0000 00 00 00 00 00 FF FF 00 FF 28.00 30.00 30.50 2864 220.50 0.10 3.50 12.00 0.01 0.09 3.800 0.100 20170929102956
B0 0002 00 00 00 00 80 FF FF 00 FF 28.00 30.00 30.50 2864 220.75 0.10 3.50 12.00 0.01 0.38 3.700 0.200 20170929102958
B0 0002 00 00 00 00 80 FF FF 00 FF 28.00 30.00 30.50 2864 220.75 0.10 3.50 12.00 0.01 0.38 3.700 0.100 20170929102959
B0 0002 00 00 00 00 80 FF FF 00 FF 28.00 30.00 30.50 2864 221.00 0.10 3.50 12.00 0.03 0.09 3.700 0.300 20170929103000
B0 0002 00 00 00 00 80 FF FF 00 FF 28.00 30.00 30.50 2864 221.00 0.10 3.50 12.00 0.03 0.38 3.700 0.200 20170929103001
B0 0002 00 00 00 00 80 FF FF 00 FF 28.00 30.00 30.50 2864 220.50 0.10 3.50 12.00 0.03 0.38 3.600 0.200 20170929103002
B0 0002 00 00 00 00 80 FF FF 00 FF 28.00 30.00 30.50 2864 221.00 0.10 3.50 12.00 0.03 0.09 3.700 0.200 20170929103003
B0 0002 00 00 00 00 80 FF FF 00 FF 28.00 30.00 30.50 2864 221.00 0.10 3.50 12.00 0.01 0.09 3.700 0.300 20170929103005
B0 0002 00 00 00 00 80 FF FF 00 FF 28.00 30.00 30.50 2864 220.50 0.10 3.50 12.00 0.01 0.09 3.700 0.200 20170929103006
B0 0002 00 00 00 00 80 FF FF 00 FF 28.00 30.00 30.50 2864 220.75 0.10 3.50 12.00 0.01 0.38 3.700 0.100 20170929103007
B0 0002 00 00 00 00 80 FF FF 00 FF 28.00 30.00 30.50 2848 221.25 0.10 3.50 12.00 0.03 0.09 3.700 0.300 20170929103008
B0 0002 00 00 00 00 80 FF FF 00 FF 28.00 30.00 31.00 2848 221.25 0.10 3.50 12.00 0.01 0.38 3.700 0.300 20170929103009
B0 0002 00 00 00 00 80 FF FF 00 FF 28.00 30.00 31.00 2848 220.75 0.10 3.50 12.00 0.03 0.09 3.700 0.200 20170929103010
B0 0002 00 00 00 00 80 FF FF 00 FF 28.50 30.00 31.00 2864 220.50 0.10 3.50 12.00 0.03 0.38 3.700 0.000 20170929103011
B0 0002 00 00 00 00 80 FF FF 00 FF 28.50 30.00 31.00 2864 220.50 0.10 3.50 12.00 0.01 0.38 3.700 0.200 20170929103012
B0 0002 00 00 00 00 80 FF FF 00 FF 28.50 30.00 31.00 2864 221.50 0.10 3.50 12.00 0.03 0.09 3.700 0.200 20170929103014
B0 0002 00 00 00 00 80 FF FF 00 FF 28.50 30.00 31.00 2864 221.25 0.10 3.50 12.00 0.03 0.09 3.700 0.200 20170929103015
B0 0002 00 00 00 00 80 FF FF 00 FF 28.50 30.00 31.00 2864 221.00 0.10 3.50 12.00 0.01 0.38 3.700 0.300 20170929103016
B0 0002 00 00 00 00 80 FF FF 00 FF 28.00 30.00 31.00 2864 221.00 0.10 3.50 12.00 0.01 0.38 3.600 0.200 20170929103017
B0 0002 00 00 00 00 80 FF FF 00 FF 28.50 30.00 31.00 2864 221.50 0.10 3.50 12.00 0.01 0.09 3.700 0.200 20170929103018
B0 0002 00 00 00 00 80 FF FF 00 FF 28.00 30.00 31.00 2864 220.50 0.10 3.50 12.00 0.01 0.09 3.600 0.100 20170929103019
B0 0002 00 00 00 00 80 FF FF 00 FF 28.50 30.00 31.00 2864 221.00 0.10 3.50 12.00 0.03 0.38 3.600 0.200 20170929103020
B0 0002 00 00 00 00 80 FF FF 00 FF 28.50 30.00 31.00 2864 220.75 0.10 3.50 12.00 0.01 0.38 3.700 0.200 20170929103021
B0 0002 00 00 00 00 80 FF FF 00 FF 28.50 30.00 31.00 2864 221.25 0.10 3.50 12.00 0.03 0.09 3.700 0.200 20170929103023
B0 0002 00 00 00 00 80 FF FF 00 FF 28.50 30.00 31.00 2864 220.75 0.10 3.50 12.00 0.01 0.09 3.700 0.400 20170929103024
B0 0002 00 00 00 00 80 FF FF 00 FF 28.50 30.00 31.00 2864 221.00 0.10 3.50 12.00 0.03 0.38 3.800 0.300 20170929103025
B0 0002 00 00 00 00 80 FF FF 00 FF 28.50 30.00 31.00 2864 221.00 0.10 3.50 12.00 0.03 0.09 3.700 0.200 20170929103026
B0 0002 00 00 00 00 80 FF FF 00 FF 28.50 30.00 31.00 2864 221.00 0.10 3.50 12.00 0.01 0.09 3.700 0.200 20170929103027
B0 0002 00 00 00 00 80 FF FF 00 FF 28.50 30.00 31.00 2864 220.25 0.10 3.50 12.00 0.03 0.09 3.800 0.100 20170929103028
B0 0002 00 00 00 00 80 FF FF 00 FF 28.50 30.00 31.00 2864 220.50 0.10 3.50 12.00 0.03 0.38 3.700 0.200 20170929103030
B0 0002 00 00 00 00 80 FF FF 00 FF 28.50 30.00 31.00 2864 220.75 0.10 3.50 12.00 0.03 0.09 3.700 0.100 20170929103031
B0 0002 00 00 00 00 80 FF FF 00 FF 28.50 30.00 31.00 2864 220.75 0.10 3.50 12.00 0.01 0.38 3.700 0.200 20170929103032
B0 0002 00 00 00 00 80 FF FF 00 FF 28.50 30.00 31.00 2864 221.25 0.10 3.50 12.00 0.03 0.38 3.700 0.200 20170929103033
B0 0002 00 00 00 00 80 FF FF 00 FF 28.50 30.00 31.00 2864 220.50 0.10 3.50 12.00 0.01 0.09 3.600 0.200 20170929103034
B0 0002 00 00 00 00 80 FF FF 00 FF 28.50 30.00 31.00 2864 220.50 0.10 3.50 12.00 0.03 0.38 3.700 0.200 20170929103035
B0 0002 00 00 00 00 80 FF FF 00 FF 28.50 30.00 31.00 2864 221.00 0.10 3.50 12.00 0.03 0.09 3.600 0.300 20170929103036
B0 0002 00 00 00 00 80 FF FF 00 FF 29.00 30.00 31.00 2864 221.00 0.10 3.50 12.00 0.03 0.38 3.700 0.300 20170929103038
B0 0002 00 00 00 00 80 FF FF 00 FF 28.50 30.00 31.00 2864 221.75 0.10 3.50 12.00 0.03 0.09 3.700 0.100 20170929103039
B0 0002 00 00 00 00 80 FF FF 00 FF 29.00 30.00 31.00 2848 220.75 0.10 3.50 12.00 0.01 0.09 3.700 0.100 20170929103040
B0 0002 00 00 00 00 80 FF FF 00 FF 29.00 30.00 31.00 2848 220.75 0.10 3.50 12.00 0.03 0.09 3.700 0.200 20170929103041
B0 0002 00 00 00 00 80 FF FF 00 FF 28.50 30.00 31.00 2864 220.25 0.10 3.50 12.00 0.03 0.09 3.700 0.100 20170929103042
B0 0002 00 00 00 00 80 FF FF 00 FF 29.00 30.00 31.00 2864 220.50 0.10 3.50 12.00 0.03 0.38 3.600 0.100 20170929103043
B0 0002 00 00 00 00 80 FF FF 00 FF 29.00 30.00 31.00 2864 221.00 0.10 3.50 12.00 0.03 0.09 3.700 0.200 20170929103044
B0 0002 00 00 00 00 80 FF FF 00 FF 29.00 30.00 31.00 2880 221.00 0.10 3.50 12.00 0.03 0.38 3.700 0.200 20170929103046
B0 0002 00 00 00 00 80 FF FF 00 FF 29.00 30.00 31.00 2880 220.75 0.10 3.50 12.00 0.03 0.38 3.700 0.100 20170929103047
B0 0002 00 00 00 00 80 FF FF 00 FF 29.00 30.00 31.00 2880 220.75 0.10 3.50 12.00 0.01 0.38 3.700 0.100 20170929103048
B0 0002 00 00 00 00 80 FF FF 00 FF 29.00 30.00 31.00 2880 220.50 0.10 3.50 12.00 0.01 0.09 3.700 0.100 20170929103049
B0 0002 00 00 00 00 80 FF FF 00 FF 29.00 30.00 31.00 2864 220.50 0.10 3.50 12.00 0.03 0.38 3.700 0.200 20170929103050
B0 0002 00 00 00 00 80 FF FF 00 FF 29.00 30.00 31.00 2864 220.75 0.10 3.50 12.00 0.01 0.38 3.600 0.000 20170929103051
B0 0002 00 00 00 00 80 FF FF 00 FF 29.00 30.00 31.00 2864 221.00 0.10 3.50 12.00 0.01 0.38 3.600 0.100 20170929103052
B0 0002 00 00 00 00 80 FF FF 00 FF 29.00 30.00 31.00 2864 220.25 0.10 3.50 12.00 0.01 0.38 3.700 0.200 20170929103053
B0 0002 00 00 00 00 80 FF FF 00 FF 29.00 30.00 31.00 2864 220.50 0.10 3.50 12.00 0.03 0.38 3.700 0.300 20170929103055
B0 0002 00 00 00 00 80 FF FF 00 FF 29.00 30.00 31.00 2880 220.50 0.10 3.50 12.00 0.03 0.38 3.700 0.000 20170929103056
B0 0002 00 00 00 00 80 FF FF 00 FF 29.00 30.00 31.00 2864 221.00 0.10 3.50 12.00 0.01 0.38 3.600 0.100 20170929103057
B0 0002 00 00 00 00 80 FF FF 00 FF 29.00 30.00 31.00 2864 220.50 0.10 3.50 12.00 0.03 0.09 3.700 0.100 20170929103058
B0 0002 00 00 00 00 80 FF FF 00 FF 29.50 30.00 31.00 2880 220.25 0.10 3.50 12.00 0.01 0.38 3.600 0.200 20170929103059
B0 0002 00 00 00 00 80 FF FF 00 FF 29.00 30.00 31.00 2880 220.75 0.10 3.50 12.00 0.01 0.09 3.700 0.100 20170929103100
B0 0002 00 00 00 00 80 FF FF 00 FF 29.00 30.00 31.00 2880 220.75 0.10 3.50 12.00 0.03 0.38 3.700 0.100 20170929103102
B0 0002 00 00 00 00 80 FF FF 00 FF 29.00 30.00 31.00 2880 221.25 0.10 3.50 12.00 0.01 0.09 3.700 0.100 20170929103103
B0 0002 00 00 00 00 80 FF FF 00 FF 29.00 30.00 31.00 2880 220.75 0.10 3.50 12.00 0.01 0.38 3.700 0.200 20170929103104
B0 0002 00 00 00 00 80 FF FF 00 FF 29.00 30.00 31.00 2880 221.25 0.10 3.50 12.00 0.03 0.38 3.700 0.300 20170929103105
B0 0002 00 00 00 00 80 FF FF 00 FF 29.00 30.00 31.00 2864 220.50 0.10 3.50 12.00 0.01 0.38 3.600 0.100 20170929103106
B0 0002 00 00 00 00 80 FF FF 00 FF 29.00 30.00 31.00 2864 220.75 0.10 3.50 12.00 0.01 0.09 3.600 0.100 20170929103107
B0 0002 00 00 00 00 80 FF FF 00 FF 29.00 30.00 31.00 2880 221.25 0.10 3.50 12.00 0.03 0.09 3.700 0.100 20170929103108
B0 0002 00 00 00 00 80 FF FF 00 FF 29.00 30.00 31.00 2864 220.25 0.10 3.50 12.00 0.01 0.09 3.700 0.000 20170929103110
B0 0002 00 00 00 00 80 FF FF 00 FF 29.00 30.00 31.00 2864 220.75 0.10 3.50 12.00 0.01 0.38 3.700 0.100 20170929103111
B0 0002 00 00 00 00 80 FF FF 00 FF 29.00 30.00 31.00 2864 220.50 0.10 3.50 12.00 0.03 0.09 3.700 0.200 20170929103112
B0 0002 00 00 00 00 80 FF FF 00 FF 29.00 30.00 31.00 2880 221.50 0.10 3.50 12.00 0.03 0.38 3.700 0.200 20170929103113
B0 0002 00 00 00 00 80 FF FF 00 FF 29.00 30.00 31.00 2880 220.50 0.10 3.50 12.00 0.01 0.09 3.600 0.300 20170929103114
B0 0002 00 00 00 00 80 FF FF 00 FF 29.00 30.00 31.00 2880 220.75 0.10 3.50 12.00 0.01 0.09 3.700 0.100 20170929103115
B0 0002 00 00 00 00 80 FF FF 00 FF 29.00 30.00 31.00 2880 220.75 0.10 3.50 12.00 0.03 0.38 3.700 0.200 20170929103116
B0 0002 00 00 00 00 80 FF FF 00 FF 29.00 30.00 31.00 2880 221.25 0.10 3.50 12.00 0.01 0.09 3.700 0.200 20170929103118
B0 0002 00 00 00 00 80 FF FF 00 FF 29.00 30.00 31.00 2864 220.50 0.10 3.50 12.00 0.03 0.38 3.700 0.200 20170929103119
B0 0002 00 00 00 00 80 FF FF 00 FF 29.00 30.00 31.00 2880 221.00 0.10 3.50 12.00 0.03 0.38 3.700 0.000 20170929103120
B0 0002 00 00 00 00 80 FF FF 00 FF 29.00 30.00 31.00 2880 220.75 0.10 3.50 12.00 0.03 0.09 3.700 0.200 20170929103121
B0 0002 00 00 00 00 80 FF FF 00 FF 29.00 30.00 31.00 2880 221.25 0.10 3.50 12.00 0.01 0.38 3.700 0.200 20170929103122
B0 0002 00 00 00 00 80 FF FF 00 FF 29.50 30.00 31.00 2880 220.75 0.10 3.50 12.00 0.03 0.38 3.700 0.000 20170929103123
B0 0002 00 00 00 00 80 FF FF 00 FF 29.50 30.00 31.00 2880 220.75 0.10 3.50 12.00 0.01 0.38 3.700 0.100 20170929103124
B0 0002 00 00 00 00 80 FF FF 00 FF 29.50 30.00 31.00 2864 221.00 0.10 3.50 12.00 0.03 0.09 3.700 0.100 20170929103126
B0 0002 00 00 00 00 80 FF FF 00 FF 29.50 30.00 31.00 2864 220.75 0.10 3.50 12.00 0.01 0.38 3.700 0.300 20170929103127
B0 0002 00 00 00 00 80 FF FF 00 FF 29.50 30.00 31.00 2864 221.00 0.10 3.50 12.00 0.01 0.38 3.700 0.300 20170929103128
B0 0002 00 00 00 00 80 FF FF 00 FF 29.50 30.00 31.00 2880 220.75 0.10 3.50 12.00 0.03 0.09 3.700 0.100 20170929103129
B0 0002 00 00 00 00 80 FF FF 00 FF 29.50 30.00 31.00 2880 220.50 0.10 3.50 12.00 0.01 0.09 3.700 0.200 20170929103130
B0 0002 00 00 00 00 80 FF FF 00 FF 29.50 30.00 31.00 2880 220.25 0.10 3.50 12.00 0.03 0.09 3.700 0.300 20170929103131
B0 0002 00 00 00 00 80 FF FF 00 FF 29.50 30.00 31.00 2880 221.25 0.10 3.50 12.00 0.03 0.38 3.700 0.100 20170929103132
B0 0002 00 00 00 00 80 FF FF 00 FF 29.50 30.00 31.00 2880 221.00 0.10 3.50 12.00 0.01 0.09 3.700 0.000 20170929103134
B0 0002 00 00 00 00 80 FF FF 00 FF 29.50 30.00 31.00 2880 221.00 0.10 3.50 12.00 0.01 0.38 3.600 0.400 20170929103135
B0 0002 00 00 00 00 80 FF FF 00 FF 29.50 30.00 31.00 2880 220.75 0.10 3.50 12.00 0.01 0.38 3.700 0.100 20170929103136
B0 0002 00 00 00 00 80 FF FF 00 FF 29.50 30.00 31.00 2880 221.50 0.10 3.50 12.00 0.01 0.09 3.600 0.100 20170929103137
B0 0002 00 00 00 00 80 FF FF 00 FF 29.50 30.00 31.00 2880 220.25 0.10 3.50 12.00 0.03 0.09 3.700 0.100 20170929103138
B0 0002 00 00 00 00 80 FF FF 00 FF 29.50 30.00 31.00 2880 220.50 0.10 3.50 12.00 0.01 0.09 3.600 0.300 20170929103139
B0 0002 00 00 00 00 80 FF FF 00 FF 29.50 30.00 31.00 2880 220.25 0.10 3.50 12.00 0.01 0.09 3.700 0.200 20170929103140
B0 0002 00 00 00 00 80 FF FF 00 FF 29.50 30.00 31.00 2880 221.25 0.10 3.50 12.00 0.03 0.09 3.600 0.200 20170929103141
B0 0002 00 00 00 00 80 FF FF 00 FF 29.50 30.00 31.00 2880 221.00 0.10 3.50 12.00 0.03 0.38 3.700 0.200 20170929103143
B0 0002 00 00 00 00 80 FF FF 00 FF 29.50 30.00 31.00 2880 220.75 0.10 3.50 12.00 0.03 0.38 3.700 0.300 20170929103144
B0 0002 00 00 00 00 80 FF FF 00 FF 29.50 30.00 31.00 2880 221.00 0.10 3.50 12.00 0.03 0.38 3.700 0.300 20170929103145
B0 0002 00 00 00 00 80 FF FF 00 FF 29.50 30.00 31.00 2880 220.75 0.10 3.50 12.00 0.03 0.38 3.700 0.200 20170929103146
B0 0002 00 00 00 00 80 FF FF 00 FF 29.50 30.00 31.00 2880 220.75 0.10 3.50 12.00 0.03 0.09 3.700 0.100 20170929103147
B0 0002 00 00 00 00 80 FF FF 00 FF 29.50 30.00 31.00 2880 220.50 0.10 3.50 12.00 0.03 0.38 3.600 0.200 20170929103148
B0 0002 00 00 00 00 80 FF FF 00 FF 29.50 30.00 31.00 2880 220.50 0.10 3.50 12.00 0.03 0.38 3.700 0.100 20170929103149
B0 0002 00 00 00 00 80 FF FF 00 FF 29.50 30.00 31.00 2880 221.50 0.10 3.50 12.00 0.01 0.38 3.600 0.100 20170929103151
B0 0002 00 00 00 00 80 FF FF 00 FF 29.50 30.00 31.00 2880 221.00 0.10 3.50 12.00 0.01 0.38 3.700 0.000 20170929103152
B0 0002 00 00 00 00 80 FF FF 00 FF 29.50 30.00 31.00 2880 220.25 0.10 3.50 12.00 0.01 0.38 3.600 0.100 20170929103153
B0 0002 00 00 00 00 80 FF FF 00 FF 29.00 30.00 31.50 2880 220.25 0.10 3.50 12.00 0.03 0.38 3.700 0.000 20170929103154
B0 0002 00 00 00 00 80 FF FF 00 FF 29.50 30.00 31.00 2880 220.00 0.10 3.50 12.00 0.03 0.38 3.700 0.100 20170929103155
B0 0002 00 00 00 00 80 FF FF 00 FF 29.50 30.00 31.50 2880 221.00 0.10 3.50 12.00 0.01 0.09 3.600 0.300 20170929103156
B0 0002 00 00 00 00 80 FF FF 00 FF 29.50 30.00 31.50 2880 220.50 0.10 3.50 12.00 0.03 0.38 3.700 0.100 20170929103157
B0 0002 00 00 00 00 80 FF FF 00 FF 29.00 30.00 31.50 2880 220.75 0.10 3.50 12.00 0.01 0.38 3.700 0.100 20170929103159
B0 0002 00 00 00 00 80 FF FF 00 FF 29.00 30.00 31.50 2880 220.75 0.10 3.50 12.00 0.03 0.09 3.700 0.200 20170929103200
B0 0002 00 00 00 00 80 FF FF 00 FF 29.00 30.00 31.50 2880 221.00 0.10 3.50 12.00 0.01 0.38 3.700 0.100 20170929103201
B0 0002 00 00 00 00 80 FF FF 00 FF 29.00 30.00 31.50 2880 220.75 0.10 3.50 12.00 0.03 0.38 3.600 0.300 20170929103202
B0 0002 00 00 00 00 80 FF FF 00 FF 29.50 30.00 31.50 2880 221.00 0.10 3.50 12.00 0.03 0.09 3.600 0.100 20170929103203
B0 0002 00 00 00 00 80 FF FF 00 FF 29.50 30.00 31.50 2896 221.25 0.10 3.50 12.00 0.03 0.38 3.700 0.200 20170929103204
B0 0002 00 00 00 00 80 FF FF 00 FF 29.00 30.00 31.50 2880 220.75 0.10 3.50 12.00 0.03 0.38 3.700 0.200 20170929103205
B0 0002 00 00 00 00 80 FF FF 00 FF 29.00 30.00 31.50 2880 220.75 0.10 3.50 12.00 0.01 0.38 3.700 0.000 20170929103206
B0 0002 00 00 00 00 80 FF FF 00 FF 29.50 30.00 31.50 2880 221.25 0.10 3.50 12.00 0.03 0.09 3.700 0.100 20170929103208
B0 0002 00 00 00 00 80 FF FF 00 FF 29.50 30.00 31.50 2880 221.00 0.10 3.50 12.00 0.01 0.38 3.700 0.200 20170929103209
B0 0002 00 00 00 00 80 FF FF 00 FF 29.50 30.00 31.50 2880 221.50 0.10 3.50 12.00 0.01 0.38 3.600 0.200 20170929103210
B0 0002 00 00 00 00 80 FF FF 00 FF 29.50 30.00 31.50 2880 221.00 0.10 3.50 12.00 0.03 0.09 3.600 0.300 20170929103211
B0 0002 00 00 00 00 80 FF FF 00 FF 29.50 30.00 31.50 2864 220.75 0.10 3.50 12.00 0.03 0.09 3.700 0.200 20170929103212
B0 0002 00 00 00 00 80 FF FF 00 FF 29.50 30.00 31.50 2864 220.50 0.10 3.50 12.00 0.03 0.38 3.700 0.100 20170929103213
B0 0002 00 00 00 00 80 FF FF 00 FF 29.50 30.00 31.50 2880 221.50 0.10 3.50 12.00 0.03 0.09 3.700 0.200 20170929103214
B0 0002 00 00 00 00 80 FF FF 00 FF 29.50 30.00 31.50 2880 220.75 0.10 3.50 12.00 0.03 0.38 3.700 0.100 20170929103215
B0 0002 00 00 00 00 80 FF FF 00 FF 29.50 30.00 31.50 2880 221.50 0.10 3.50 12.00 0.01 0.09 3.700 0.000 20170929103217
B0 0002 00 00 00 00 80 FF FF 00 FF 29.50 30.00 31.50 2880 221.25 0.10 3.50 12.00 0.01 0.09 3.700 0.200 20170929103218
B0 0002 00 00 00 00 80 FF FF 00 FF 29.50 30.00 31.50 2880 221.75 0.10 3.50 12.00 0.03 0.09 3.600 0.300 20170929103219
B0 0002 00 00 00 00 80 FF FF 00 FF 29.50 30.00 31.50 2880 220.75 0.10 3.50 12.00 0.03 0.38 3.700 0.300 20170929103220
B0 0002 00 00 00 00 80 FF FF 00 FF 29.50 30.00 31.50 2880 220.50 0.10 3.50 12.00 0.01 0.09 3.600 0.300 20170929103221
B0 0002 00 00 00 00 80 FF FF 00 FF 29.50 30.00 31.50 2880 221.00 0.10 3.50 12.00 0.03 0.09 3.600 0.400 20170929103222
B0 0002 00 00 00 00 80 FF FF 00 FF 29.50 30.00 31.50 2880 221.00 0.10 3.50 12.00 0.01 0.09 3.700 0.200 20170929103223
B0 0002 00 00 00 00 80 FF FF 00 FF 29.50 30.00 31.50 2864 220.50 0.10 3.50 12.00 0.03 0.09 3.700 0.100 20170929103225
B0 0002 00 00 00 00 80 FF FF 00 FF 29.50 30.00 31.50 2880 221.00 0.10 3.50 12.00 0.03 0.09 3.700 0.100 20170929103226
B0 0002 00 00 00 00 80 FF FF 00 FF 29.50 30.00 31.50 2880 220.75 0.10 3.50 12.00 0.03 0.38 3.600 0.100 20170929103227
B0 0002 00 00 00 00 80 FF FF 00 FF 29.50 30.00 31.50 2880 220.25 0.10 3.50 12.00 0.01 0.09 3.600 0.000 20170929103228
B0 0002 00 00 00 00 80 FF FF 00 FF 29.50 30.00 31.50 2880 221.00 0.10 3.50 12.00 0.01 0.09 3.600 0.100 20170929103229
B0 0002 00 00 00 00 80 FF FF 00 FF 29.50 30.00 31.50 2880 220.50 0.10 3.50 12.00 0.03 0.09 3.700 0.300 20170929103230
B0 0002 00 00 00 00 80 FF FF 00 FF 29.50 30.00 31.50 2880 220.75 0.10 3.50 12.00 0.03 0.38 3.600 0.200 20170929103231
B0 0002 00 00 00 00 80 FF FF 00 FF 29.50 30.00 31.50 2880 221.00 0.10 3.50 12.00 0.03 0.38 3.600 0.100 20170929103233
B0 0002 00 00 00 00 80 FF FF 00 FF 29.50 30.00 31.50 2880 221.00 0.10 3.50 12.00 0.01 0.09 3.700 0.300 20170929103234
B0 0002 00 00 00 00 80 FF FF 00 FF 29.50 30.00 31.50 2896 220.75 0.10 3.50 12.00 0.01 0.09 3.700 0.200 20170929103235
B0 0002 00 00 00 00 80 FF FF 00 FF 29.50 30.00 31.50 2896 220.25 0.10 3.50 12.00 0.03 0.38 3.600 0.100 20170929103236
B0 0002 00 00 00 00 80 FF FF 00 FF 29.50 30.00 31.50 2880 220.25 0.10 3.50 12.00 0.03 0.09 3.700 0.100 20170929103237
B0 0002 00 00 00 00 80 FF FF 00 FF 29.50 30.00 31.50 2880 220.75 0.10 3.50 12.00 0.01 0.38 3.600 0.200 20170929103238
B0 0002 00 00 00 00 80 FF FF 00 FF 29.50 30.00 31.50 2880 220.50 0.10 3.50 12.00 0.01 0.38 3.700 0.100 20170929103239
B0 0002 00 00 00 00 80 FF FF 00 FF 29.50 30.00 31.50 2880 220.50 0.10 3.50 12.00 0.03 0.38 3.700 0.100 20170929103241
B0 0002 00 00 00 00 80 FF FF 00 FF 29.50 30.00 31.50 2880 220.50 0.10 3.50 12.00 0.01 0.09 3.600 0.100 20170929103242
B0 0002 00 00 00 00 80 FF FF 00 FF 29.50 30.00 31.50 2880 221.00 0.10 3.50 12.00 0.03 0.09 3.700 0.200 20170929103243
B0 0002 00 00 00 00 80 FF FF 00 FF 29.50 30.00 31.50 2880 221.00 0.10 3.50 12.00 0.03 0.38 3.700 0.300 20170929103244
B0 0002 00 00 00 00 80 FF FF 00 FF 29.50 30.00 31.50 2880 220.75 0.10 3.50 12.00 0.01 0.38 3.600 0.200 20170929103245
B0 0002 00 00 00 00 80 FF FF 00 FF 29.50 30.00 31.50 2864 220.50 0.10 3.50 12.00 0.03 0.09 3.600 0.200 20170929103246
B0 0002 00 00 00 00 80 FF FF 00 FF 29.50 30.00 31.50 2864 221.00 0.10 3.50 12.00 0.03 0.09 3.700 0.100 20170929103247
B0 0002 00 00 00 00 80 FF FF 00 FF 29.50 30.00 31.50 2864 220.50 0.10 3.50 12.00 0.03 0.38 3.700 0.300 20170929103248
B0 0002 00 00 00 00 80 FF FF 00 FF 29.50 30.00 31.50 2864 221.25 0.10 3.50 12.00 0.03 0.38 3.600 0.300 20170929103250
B0 0002 00 00 00 00 80 FF FF 00 FF 29.50 30.00 31.50 2880 221.25 0.10 3.50 12.00 0.01 0.09 3.700 0.100 20170929103251
B0 0002 00 00 00 00 80 FF FF 00 FF 29.50 30.00 31.50 2880 221.00 0.10 3.50 12.00 0.03 0.09 3.600 0.100 20170929103252
B0 0002 00 00 00 00 80 FF FF 00 FF 29.50 30.00 31.50 2880 221.00 0.10 3.50 12.00 0.03 0.38 3.700 0.100 20170929103253
B0 0002 00 00 00 00 80 FF FF 00 FF 29.50 30.00 31.50 2864 220.75 0.10 3.50 12.00 0.01 0.38 3.700 0.000 20170929103254
B0 0002 00 00 00 00 80 FF FF 00 FF 29.50 30.00 31.50 2864 220.75 0.10 3.50 12.00 0.03 0.38 3.700 0.300 20170929103255
B0 0002 00 00 00 00 80 FF FF 00 FF 29.50 30.00 31.50 2864 221.00 0.10 3.50 12.00 0.03 0.38 3.700 0.300 20170929103257
B0 0002 00 00 00 00 80 FF FF 00 FF 29.50 30.00 31.50 2864 220.75 0.10 3.50 12.00 0.03 0.38 3.700 0.000 20170929103258
B0 0002 00 00 00 00 80 FF FF 00 FF 29.50 30.00 31.50 2864 221.25 0.10 3.50 12.00 0.01 0.38 3.700 0.200 20170929103259
B0 0002 00 00 00 00 80 FF FF 00 FF 29.50 30.00 31.50 2880 220.75 0.10 3.50 12.00 0.03 0.09 3.600 0.200 20170929103300
B0 0002 00 00 00 00 80 FF FF 00 FF 29.50 30.00 31.50 2880 220.75 0.10 3.50 12.00 0.03 0.09 3.600 0.200 20170929103301
B0 0002 00 00 00 00 80 FF FF 00 FF 29.50 30.00 31.50 2880 220.75 0.10 3.50 12.00 0.01 0.09 3.700 0.100 20170929103302
B0 0002 00 00 00 00 80 FF FF 00 FF 29.50 30.00 31.50 2864 221.25 0.10 3.50 12.00 0.03 0.09 3.600 0.100 20170929103303
B0 0002 00 00 00 00 80 FF FF 00 FF 29.50 30.00 31.50 2864 220.75 0.10 3.50 12.00 0.03 0.09 3.700 0.100 20170929103305
B0 0002 00 00 00 00 80 FF FF 00 FF 29.50 30.00 31.50 2864 221.50 0.10 3.50 12.00 0.03 0.09 3.700 0.100 20170929103306
B0 0002 00 00 00 00 80 FF FF 00 FF 29.50 30.00 31.50 2880 221.25 0.10 3.50 12.00 0.01 0.38 3.700 0.200 20170929103307
B0 0002 00 00 00 00 80 FF FF 00 FF 29.50 30.50 31.50 2880 221.50 0.10 3.50 12.00 0.03 0.09 3.600 0.200 20170929103308
B0 0002 00 00 00 00 80 FF FF 00 FF 29.50 30.00 31.50 2880 220.50 0.10 3.50 12.00 0.03 0.38 3.600 0.000 20170929103309
B0 0002 00 00 00 00 80 FF FF 00 FF 29.50 30.00 31.50 2864 220.25 0.10 3.50 12.00 0.03 0.38 3.700 0.200 20170929103310
B0 0002 00 00 00 00 80 FF FF 00 FF 29.50 30.00 31.50 2880 220.75 0.10 3.50 12.00 0.03 0.38 3.600 0.200 20170929103311
B0 0002 00 00 00 00 80 FF FF 00 FF 29.50 30.00 31.50 2880 221.25 0.10 3.50 12.00 0.03 0.09 3.700 0.200 20170929103312
B0 0002 00 00 00 00 80 FF FF 00 FF 29.50 30.00 31.50 2880 221.25 0.10 3.50 12.00 0.01 0.09 3.700 0.200 20170929103314
B0 0002 00 00 00 00 80 FF FF 00 FF 29.50 30.00 31.50 2864 221.00 0.10 3.50 12.00 0.03 0.09 3.700 0.300 20170929103315
B0 0002 00 00 00 00 80 FF FF 00 FF 29.50 30.00 31.50 2864 221.25 0.10 3.50 12.00 0.03 0.38 3.700 0.200 20170929103316
B0 0002 00 00 00 00 80 FF FF 00 FF 29.50 30.00 31.50 2880 221.00 0.10 3.50 12.00 0.03 0.38 3.700 0.200 20170929103317
B0 0002 00 00 00 00 80 FF FF 00 FF 29.50 30.00 31.50 2880 221.00 0.10 3.50 12.00 0.01 0.09 3.600 0.100 20170929103318
B0 0002 00 00 00 00 80 FF FF 00 FF 29.50 30.00 31.50 2880 220.75 0.10 3.50 12.00 0.03 0.09 3.700 0.100 20170929103319
B0 0002 00 00 00 00 80 FF FF 00 FF 29.50 30.00 31.50 2896 221.25 0.10 3.50 12.00 0.01 0.09 3.700 0.200 20170929103320
B0 0002 00 00 00 00 80 FF FF 00 FF 29.50 30.00 31.50 2896 221.00 0.10 3.50 12.00 0.01 0.38 3.600 0.200 20170929103322
B0 0002 00 00 00 00 80 FF FF 00 FF 29.50 30.00 31.50 2896 221.25 0.10 3.50 12.00 0.03 0.38 3.600 0.300 20170929103323
B0 0002 00 00 00 00 80 FF FF 00 FF 29.50 30.00 31.50 2896 220.75 0.10 3.50 12.00 0.01 0.09 3.600 0.200 20170929103324
B0 0002 00 00 00 00 80 FF FF 00 FF 29.50 30.00 31.50 2896 220.75 0.10 3.50 12.00 0.03 0.09 3.600 0.300 20170929103325
B0 0002 00 00 00 00 80 FF FF 00 FF 29.50 30.00 31.50 2896 220.50 0.10 3.50 12.00 0.01 0.38 3.700 0.300 20170929103326
B0 0002 00 00 00 00 80 FF FF 00 FF 29.50 30.00 31.50 2880 221.00 0.10 3.50 12.00 0.03 0.38 3.700 0.300 20170929103327
B0 0002 00 00 00 00 80 FF FF 00 FF 29.50 30.00 31.50 2864 221.50 0.10 3.50 12.00 0.03 0.38 3.600 0.000 20170929103329
B0 0002 00 00 00 00 80 FF FF 00 FF 29.50 30.00 31.50 2880 221.00 0.10 3.50 12.00 0.01 0.38 3.700 0.100 20170929103330
B0 0002 00 00 00 00 80 FF FF 00 FF 29.50 30.00 31.50 2880 221.00 0.10 3.50 12.00 0.01 0.09 3.600 0.200 20170929103331
B0 0002 00 00 00 00 80 FF FF 00 FF 29.50 30.00 31.50 2880 221.50 0.10 3.50 12.00 0.01 0.38 3.700 0.200 20170929103332
B0 0002 00 00 00 00 80 FF FF 00 FF 29.50 30.00 31.50 2896 221.00 0.10 3.50 12.00 0.03 0.38 3.700 0.300 20170929103333
B0 0002 00 00 00 00 80 FF FF 00 FF 29.50 30.00 31.50 2880 220.50 0.10 3.50 12.00 0.01 0.38 3.700 0.300 20170929103334
B0 0002 00 00 00 00 80 FF FF 00 FF 29.50 30.50 31.50 2880 220.75 0.10 3.50 12.00 0.03 0.38 3.600 0.100 20170929103335
B0 0002 00 00 00 00 80 FF FF 00 FF 29.50 30.00 31.50 2864 221.50 0.10 3.50 12.00 0.01 0.09 3.700 0.200 20170929103336
B0 0002 00 00 00 00 80 FF FF 00 FF 29.50 30.00 31.50 2864 221.00 0.10 3.50 12.00 0.01 0.38 3.600 0.200 20170929103338
B0 0002 00 00 00 00 80 FF FF 00 FF 29.50 30.00 31.50 2864 220.75 0.10 3.50 12.00 0.03 0.38 3.600 0.200 20170929103339
B0 0002 00 00 00 00 80 FF FF 00 FF 29.50 30.00 31.50 2864 221.00 0.10 3.50 12.00 0.03 0.38 3.700 0.100 20170929103340
B0 0002 00 00 00 00 80 FF FF 00 FF 29.50 30.00 31.50 2864 221.75 0.10 3.50 12.00 0.01 0.09 3.700 0.300 20170929103341
B0 0002 00 00 00 00 80 FF FF 00 FF 29.50 30.00 31.50 2864 220.75 0.10 3.50 12.00 0.01 0.09 3.600 0.200 20170929103342
B0 0002 00 00 00 00 80 FF FF 00 FF 29.50 30.00 31.50 2864 220.75 0.10 3.50 12.00 0.01 0.09 3.700 0.200 20170929103343
B0 0002 00 00 00 00 80 FF FF 00 FF 29.50 30.00 31.50 2864 221.00 0.10 3.50 12.00 0.01 0.38 3.600 0.100 20170929103344
B0 0002 00 00 00 00 80 FF FF 00 FF 29.50 30.00 31.50 2880 221.25 0.10 3.50 12.00 0.03 0.38 3.600 0.200 20170929103346
B0 0002 00 00 00 00 80 FF FF 00 FF 29.50 30.00 31.50 2880 221.25 0.10 3.50 12.00 0.01 0.38 3.600 0.300 20170929103347
B0 0002 00 00 00 00 80 FF FF 00 FF 29.50 30.00 31.50 2880 220.75 0.10 3.50 12.00 0.03 0.09 3.700 0.200 20170929103348
B0 0002 00 00 00 00 80 FF FF 00 FF 29.50 30.00 31.50 2880 221.25 0.10 3.50 12.00 0.03 0.38 3.600 0.200 20170929103349
B0 0002 00 00 00 00 80 FF FF 00 FF 29.50 30.00 31.50 2880 220.75 0.10 3.50 12.00 0.03 0.38 3.600 0.100 20170929103350
B0 0002 00 00 00 00 80 FF FF 00 FF 29.50 30.00 31.50 2864 221.25 0.10 3.50 12.00 0.03 0.09 3.600 0.200 20170929103351
B0 0002 00 00 00 00 80 FF FF 00 FF 29.50 30.00 31.50 2864 220.50 0.10 3.50 12.00 0.01 0.09 3.700 0.000 20170929103352
B0 0002 00 00 00 00 80 FF FF 00 FF 29.50 30.00 31.50 2864 220.75 0.10 3.50 12.00 0.03 0.09 3.700 0.200 20170929103353
B0 0002 00 00 00 00 80 FF FF 00 FF 29.50 30.00 31.50 2864 221.00 0.10 3.50 12.00 0.03 0.38 3.700 0.200 20170929103355
B0 0002 00 00 00 00 80 FF FF 00 FF 29.50 30.00 31.50 2864 221.50 0.10 3.50 12.00 0.03 0.09 3.700 0.100 20170929103356
B0 0002 00 00 00 00 80 FF FF 00 FF 29.50 30.00 31.50 2864 221.25 0.10 3.50 12.00 0.03 0.38 3.600 0.100 20170929103357
B0 0002 00 00 00 00 80 FF FF 00 FF 29.50 30.00 31.50 2864 220.75 0.10 3.50 12.00 0.03 0.38 3.600 0.000 20170929103358
B0 0002 00 00 00 00 80 FF FF 00 FF 29.50 30.00 31.50 2864 220.50 0.10 3.50 12.00 0.01 0.09 3.600 0.300 20170929103359
B0 0002 00 00 00 00 80 FF FF 00 FF 29.50 30.00 31.50 2864 221.00 0.10 3.50 12.00 0.01 0.38 3.600 0.000 20170929103400
B0 0002 00 00 00 00 80 FF FF 00 FF 29.50 30.00 31.50 2864 220.50 0.10 3.50 12.00 0.03 0.38 3.700 0.100 20170929103401
B0 0002 00 00 00 00 80 FF FF 00 FF 29.50 30.00 31.50 2880 220.75 0.10 3.50 12.00 0.03 0.38 3.700 0.300 20170929103402
B0 0002 00 00 00 00 80 FF FF 00 FF 29.50 30.00 31.50 2880 221.50 0.10 3.50 12.00 0.01 0.38 3.700 0.200 20170929103404
B0 0002 00 00 00 00 80 FF FF 00 FF 29.50 30.00 31.50 2880 220.75 0.10 3.50 12.00 0.01 0.38 3.700 0.000 20170929103405
B0 0002 00 00 00 00 80 FF FF 00 FF 29.50 30.00 31.50 2880 220.75 0.10 3.50 12.00 0.01 0.09 3.700 0.200 20170929103406
B0 0002 00 00 00 00 80 FF FF 00 FF 29.50 30.00 31.50 2880 221.25 0.10 3.50 12.00 0.01 0.38 3.700 0.100 20170929103407
B0 0002 00 00 00 00 80 FF FF 00 FF 29.50 30.00 31.50 2880 221.25 0.10 3.50 12.00 0.01 0.09 3.700 0.300 20170929103408
B0 0002 00 00 00 00 80 FF FF 00 FF 29.50 30.00 31.50 2880 221.25 0.10 3.50 12.00 0.01 0.38 3.600 0.200 20170929103409
B0 0002 00 00 00 00 80 FF FF 00 FF 29.50 30.00 31.50 2880 221.00 0.10 3.50 12.00 0.03 0.38 3.700 0.200 20170929103410
B0 0002 00 00 00 00 80 FF FF 00 FF 29.50 30.00 31.50 2880 221.00 0.10 3.50 12.00 0.01 0.38 3.600 0.000 20170929103412
B0 0002 00 00 00 00 80 FF FF 00 FF 29.50 30.00 31.50 2880 221.50 0.10 3.50 12.00 0.01 0.09 3.600 0.000 20170929103413
B0 0002 00 00 00 00 80 FF FF 00 FF 29.50 30.00 31.50 2864 221.75 0.10 3.50 12.00 0.01 0.38 3.700 0.200 20170929103414
B0 0002 00 00 00 00 80 FF FF 00 FF 29.50 30.00 31.50 2864 221.00 0.10 3.50 12.00 0.01 0.09 3.700 0.400 20170929103415
B0 0002 00 00 00 00 80 FF FF 00 FF 29.50 30.00 31.50 2880 221.00 0.10 3.50 12.00 0.01 0.38 3.700 0.000 20170929103416
B0 0002 00 00 00 00 80 FF FF 00 FF 29.50 30.00 31.50 2880 221.00 0.10 3.50 12.00 0.03 0.09 3.600 0.100 20170929103417
B0 0002 00 00 00 00 80 FF FF 00 FF 29.50 30.00 31.50 2880 221.25 0.10 3.50 12.00 0.03 0.09 3.700 0.100 20170929103418
B0 0002 00 00 00 00 80 FF FF 00 FF 29.50 30.00 31.50 2896 221.25 0.10 3.50 12.00 0.03 0.38 3.700 0.100 20170929103420
B0 0002 00 00 00 00 80 FF FF 00 FF 29.50 30.00 31.50 2896 220.75 0.10 3.50 12.00 0.03 0.38 3.700 0.200 20170929103421
B0 0002 00 00 00 00 80 FF FF 00 FF 29.50 30.00 31.50 2896 221.25 0.10 3.50 12.00 0.03 0.38 3.600 0.200 20170929103422
B0 0002 00 00 00 00 80 FF FF 00 FF 29.50 30.00 31.50 2896 221.00 0.10 3.50 12.00 0.01 0.38 3.600 0.200 20170929103423
B0 0002 00 00 00 00 80 FF FF 00 FF 29.50 30.00 31.50 2896 221.25 0.10 3.50 12.00 0.01 0.38 3.600 0.300 20170929103424
B0 0002 00 00 00 00 80 FF FF 00 FF 29.50 30.00 31.50 2896 220.75 0.10 3.50 12.00 0.03 0.38 3.700 0.100 20170929103425
B0 0002 00 00 00 00 80 FF FF 00 FF 29.50 30.00 31.50 2912 220.75 0.10 3.50 12.00 0.03 0.38 3.700 0.300 20170929103427
B0 0002 00 00 00 00 80 FF FF 00 FF 30.00 30.00 31.50 2912 220.75 0.10 3.50 12.00 0.01 0.09 3.600 0.300 20170929103428
B0 0002 00 00 00 00 80 FF FF 00 FF 30.00 30.00 31.50 2912 220.75 0.10 3.50 12.00 0.03 0.38 3.700 0.100 20170929103429
B0 0002 00 00 00 00 80 FF FF 00 FF 30.00 30.00 31.50 2896 221.75 0.10 3.50 12.00 0.01 0.38 3.600 0.300 20170929103430
B0 0002 00 00 00 00 80 FF FF 00 FF 30.00 30.00 31.50 2896 221.00 0.10 3.50 12.00 0.03 0.38 3.600 0.300 20170929103431
B0 0002 00 00 00 00 80 FF FF 00 FF 30.00 30.00 31.50 2896 220.75 0.10 3.50 12.00 0.01 0.38 3.600 0.100 20170929103432
B0 0002 00 00 00 00 80 FF FF 00 FF 29.50 30.00 31.50 2912 221.25 0.10 3.50 12.00 0.01 0.38 3.700 0.100 20170929103433
B0 0002 00 00 00 00 80 FF FF 00 FF 29.50 30.00 31.50 2912 221.50 0.10 3.50 12.00 0.03 0.09 3.600 0.100 20170929103435
B0 0002 00 00 00 00 80 FF FF 00 FF 29.50 30.00 31.50 2912 221.00 0.10 3.50 12.00 0.01 0.09 3.600 0.100 20170929103436
B0 0002 00 00 00 00 80 FF FF 00 FF 29.50 30.00 31.50 2912 221.00 0.10 3.50 12.00 0.03 0.38 3.700 0.100 20170929103437
B0 0002 00 00 00 00 80 FF FF 00 FF 29.50 30.00 31.50 2912 221.25 0.10 3.50 12.00 0.01 0.09 3.600 0.000 20170929103438
B0 0002 00 00 00 00 80 FF FF 00 FF 29.50 30.00 31.50 2912 221.50 0.10 3.50 12.00 0.03 0.09 3.700 0.100 20170929103439
B0 0002 00 00 00 00 80 FF FF 00 FF 29.50 30.00 31.50 2912 220.50 0.10 3.50 12.00 0.03 0.38 3.600 0.100 20170929103440
B0 0002 00 00 00 00 80 FF FF 00 FF 29.50 30.00 31.50 2912 220.75 0.10 3.50 12.00 0.01 0.38 3.600 0.200 20170929103441
B0 0002 00 00 00 00 80 FF FF 00 FF 29.50 30.00 31.50 2912 220.50 0.10 3.50 12.00 0.01 0.09 3.700 0.100 20170929103442
B0 0002 00 00 00 00 80 FF FF 00 FF 29.50 30.00 31.50 2912 221.00 0.10 3.50 12.00 0.03 0.09 3.700 0.200 20170929103444
B0 0002 00 00 00 00 80 FF FF 00 FF 29.50 30.00 31.50 2912 221.00 0.10 3.50 12.00 0.03 0.38 3.600 0.300 20170929103445
B0 0002 00 00 00 00 80 FF FF 00 FF 29.50 30.00 31.50 2912 221.00 0.10 3.50 12.00 0.01 0.38 3.600 0.100 20170929103446
B0 0002 00 00 00 00 80 FF FF 00 FF 30.00 30.00 31.50 2912 220.75 0.10 3.50 12.00 0.03 0.38 3.600 0.300 20170929103447
B0 0002 00 00 00 00 80 FF FF 00 FF 29.50 30.00 31.50 2912 220.75 0.10 3.50 12.00 0.03 0.38 3.700 0.100 20170929103448
B0 0002 00 00 00 00 80 FF FF 00 FF 29.50 30.00 31.50 2912 220.50 0.10 3.50 12.00 0.03 0.38 3.700 0.300 20170929103449
B0 0002 00 00 00 00 80 FF FF 00 FF 30.00 30.00 31.50 2912 220.50 0.10 3.50 12.00 0.03 0.38 3.600 0.200 20170929103450
B0 0002 00 00 00 00 80 FF FF 00 FF 29.50 30.50 31.50 2912 221.25 0.10 3.50 12.00 0.01 0.38 3.600 0.000 20170929103451
B0 0002 00 00 00 00 80 FF FF 00 FF 29.50 30.00 31.50 2912 221.25 0.10 3.50 12.00 0.01 0.09 3.600 0.200 20170929103453
B0 0002 00 00 00 00 80 FF FF 00 FF 29.50 30.00 31.50 2912 221.00 0.10 3.50 12.00 0.03 0.38 3.700 0.100 20170929103454
B0 0002 00 00 00 00 80 FF FF 00 FF 29.50 30.00 31.50 2912 220.75 0.10 3.50 12.00 0.03 0.38 3.700 0.100 20170929103455
B0 0002 00 00 00 00 80 FF FF 00 FF 29.50 30.00 31.50 2912 220.25 0.10 3.50 12.00 0.01 0.38 3.700 0.100 20170929103456
B0 0002 00 00 00 00 80 FF FF 00 FF 29.50 30.00 31.50 2912 220.75 0.10 3.50 12.00 0.03 0.09 3.600 0.200 20170929103457
B0 0002 00 00 00 00 80 FF FF 00 FF 29.50 30.00 31.50 2912 220.25 0.10 3.50 12.00 0.01 0.38 3.700 0.300 20170929103458
B0 0002 00 00 00 00 80 FF FF 00 FF 29.50 30.00 31.50 2912 220.75 0.10 3.50 12.00 0.03 0.38 3.600 0.200 20170929103459
B0 0002 00 00 00 00 80 FF FF 00 FF 29.50 30.00 31.50 2912 220.75 0.10 3.50 12.00 0.03 0.38 3.700 0.100 20170929103501
B0 0002 00 00 00 00 80 FF FF 00 FF 29.50 30.00 31.50 2912 221.00 0.10 3.50 12.00 0.01 0.38 3.600 0.000 20170929103502
B0 0002 00 00 00 00 80 FF FF 00 FF 29.50 30.00 31.50 2912 220.75 0.10 3.50 12.00 0.03 0.09 3.600 0.200 20170929103503
B0 0002 00 00 00 00 80 FF FF 00 FF 29.50 30.00 31.50 2912 220.75 0.10 3.50 12.00 0.01 0.09 3.700 0.200 20170929103504
B0 0002 00 00 00 00 80 FF FF 00 FF 29.50 30.00 31.50 2912 220.75 0.10 3.50 12.00 0.03 0.38 3.700 0.100 20170929103505
B0 0002 00 00 00 00 80 FF FF 00 FF 29.50 30.00 31.50 2912 220.75 0.10 3.50 12.00 0.01 0.09 3.600 0.200 20170929103506
B0 0002 00 00 00 00 80 FF FF 00 FF 29.50 30.00 31.50 2912 220.25 0.10 3.50 12.00 0.03 0.09 3.600 0.300 20170929103507
B0 0002 00 00 00 00 80 FF FF 00 FF 29.50 30.00 31.50 2912 220.00 0.10 3.50 12.00 0.03 0.09 3.700 0.200 20170929103508
B0 0002 00 00 00 00 80 FF FF 00 FF 30.00 30.00 31.50 2912 220.75 0.10 3.50 12.00 0.03 0.38 3.700 0.300 20170929103510
B0 0002 00 00 00 00 80 FF FF 00 FF 29.50 30.00 31.50 2912 221.00 0.10 3.50 12.00 0.03 0.38 3.600 0.100 20170929103511
B0 0002 00 00 00 00 80 FF FF 00 FF 29.50 30.50 31.50 2912 220.25 0.10 3.50 12.00 0.03 0.38 3.700 0.000 20170929103512
B0 0002 00 00 00 00 80 FF FF 00 FF 29.50 30.00 31.50 2912 220.50 0.10 3.50 12.00 0.03 0.09 3.700 0.100 20170929103513
B0 0002 00 00 00 00 80 FF FF 00 FF 29.50 30.00 31.50 2912 220.00 0.10 3.50 12.00 0.03 0.09 3.700 0.200 20170929103514
B0 0002 00 00 00 00 80 FF FF 00 FF 29.50 30.00 31.50 2912 220.50 0.10 3.50 12.00 0.03 0.09 3.600 0.100 20170929103515
B0 0002 00 00 00 00 80 FF FF 00 FF 29.50 30.00 31.50 2912 220.25 0.10 3.50 12.00 0.01 0.38 3.700 0.000 20170929103516
B0 0002 00 00 00 00 80 FF FF 00 FF 29.50 30.00 31.50 2912 220.75 0.10 3.50 12.00 0.03 0.38 3.600 0.100 20170929103518
B0 0002 00 00 00 00 80 FF FF 00 FF 29.50 30.00 31.50 2912 220.50 0.10 3.50 12.00 0.01 0.38 3.600 0.100 20170929103519
B0 0002 00 00 00 00 80 FF FF 00 FF 29.50 30.00 31.50 2896 220.25 0.10 3.50 12.00 0.03 0.09 3.700 0.200 20170929103520
B0 0002 00 00 00 00 80 FF FF 00 FF 29.50 30.00 31.50 2896 220.25 0.10 3.50 12.00 0.03 0.38 3.600 0.200 20170929103521
B0 0002 00 00 00 00 80 FF FF 00 FF 29.50 30.00 31.50 2896 219.50 0.10 3.50 12.00 0.01 0.09 3.600 0.200 20170929103522
B0 0002 00 00 00 00 80 FF FF 00 FF 29.50 30.00 31.50 2912 220.00 0.10 3.50 12.00 0.01 0.38 3.700 0.300 20170929103523
B0 0002 00 00 00 00 80 FF FF 00 FF 29.50 30.00 31.50 2912 219.75 0.10 3.50 12.00 0.01 0.38 3.800 0.100 20170929103524
B0 0002 00 00 00 00 80 FF FF 00 FF 29.50 30.00 31.50 2912 220.50 0.10 3.50 12.00 0.01 0.38 3.700 0.100 20170929103526
B0 0002 00 00 00 00 80 FF FF 00 FF 29.50 30.00 31.50 2912 219.75 0.10 3.50 12.00 0.01 0.38 3.700 0.000 20170929103527
B0 0002 00 00 00 00 80 FF FF 00 FF 29.50 30.00 31.50 2928 220.25 0.10 3.50 12.00 0.01 0.38 3.600 0.200 20170929103528
B0 0002 00 00 00 00 80 FF FF 00 FF 29.50 30.00 31.50 2912 219.75 0.10 3.50 12.00 0.01 0.09 3.600 0.100 20170929103529
B0 0002 00 00 00 00 80 FF FF 00 FF 29.50 30.00 31.50 2912 220.00 0.10 3.50 12.00 0.03 0.09 3.700 0.200 20170929103530
B0 0002 00 00 00 00 80 FF FF 00 FF 30.00 30.00 31.50 2912 220.00 0.10 3.50 12.00 0.03 0.09 3.700 0.300 20170929103531
B0 0002 00 00 00 00 80 FF FF 00 FF 30.00 30.00 31.50 2912 220.25 0.10 3.50 12.00 0.03 0.38 3.700 0.100 20170929103532
B0 0002 00 00 00 00 80 FF FF 00 FF 30.00 30.00 31.50 2912 220.50 0.10 3.50 12.00 0.03 0.09 3.700 0.100 20170929103534
B0 0002 00 00 00 00 80 FF FF 00 FF 30.00 30.00 31.50 2912 220.25 0.10 3.50 12.00 0.03 0.09 3.700 0.200 20170929103535
B0 0002 00 00 00 00 80 FF FF 00 FF 30.00 30.00 31.50 2912 220.00 0.10 3.50 12.00 0.03 0.09 3.600 0.200 20170929103536
B0 0002 00 00 00 00 80 FF FF 00 FF 30.00 30.00 31.50 2912 220.00 0.10 3.50 12.00 0.01 0.09 3.600 0.300 20170929103537
B0 0002 00 00 00 00 80 FF FF 00 FF 30.00 30.00 31.50 2928 220.00 0.10 3.50 12.00 0.03 0.38 3.600 0.200 20170929103538
B0 0002 00 00 00 00 80 FF FF 00 FF 29.50 30.00 31.50 2928 220.00 0.10 3.50 12.00 0.03 0.38 3.700 0.100 20170929103539
B0 0002 00 00 00 00 80 FF FF 00 FF 29.50 30.00 31.50 2928 220.00 0.10 3.50 12.00 0.01 0.09 3.600 0.200 20170929103540
B0 0002 00 00 00 00 80 FF FF 00 FF 29.50 30.00 31.50 2928 220.00 0.10 3.50 12.00 0.03 0.09 3.600 0.000 20170929103542
B0 0002 00 00 00 00 80 FF FF 00 FF 29.50 30.00 31.50 2912 220.50 0.10 3.50 12.00 0.03 0.38 3.700 0.200 20170929103543
B0 0002 00 00 00 00 80 FF FF 00 FF 29.50 30.00 31.50 2912 220.00 0.10 3.50 12.00 0.03 0.38 3.700 0.100 20170929103544
B0 0002 00 00 00 00 80 FF FF 00 FF 29.50 30.00 31.50 2928 220.25 0.10 3.50 12.00 0.01 0.09 3.800 0.200 20170929103545
B0 0002 00 00 00 00 80 FF FF 00 FF 29.50 30.00 31.50 2928 220.25 0.10 3.50 12.00 0.01 0.38 3.600 0.100 20170929103546
B0 0002 00 00 00 00 80 FF FF 00 FF 29.50 30.00 31.50 2928 220.00 0.10 3.50 12.00 0.03 0.09 3.600 0.200 20170929103547
B0 0002 00 00 00 00 80 FF FF 00 FF 29.50 30.00 31.50 2912 220.50 0.10 3.50 12.00 0.01 0.09 3.600 0.300 20170929103548
B0 0002 00 00 00 00 80 FF FF 00 FF 29.50 30.00 31.50 2928 221.00 0.10 3.50 12.00 0.01 0.09 3.600 0.200 20170929103549
B0 0002 00 00 00 00 80 FF FF 00 FF 30.00 30.00 31.50 2912 220.25 0.10 3.50 12.00 0.03 0.38 3.700 0.200 20170929103551
B0 0002 00 00 00 00 80 FF FF 00 FF 30.00 30.00 31.50 2912 220.25 0.10 3.50 12.00 0.03 0.09 3.600 0.100 20170929103552
B0 0002 00 00 00 00 80 FF FF 00 FF 30.00 30.00 31.50 2928 220.50 0.10 3.50 12.00 0.01 0.38 3.600 0.000 20170929103553
B0 0002 00 00 00 00 80 FF FF 00 FF 29.50 30.00 31.50 2912 220.50 0.10 3.50 12.00 0.03 0.38 3.600 0.100 20170929103554
B0 0002 00 00 00 00 80 FF FF 00 FF 30.00 30.00 31.50 2912 219.50 0.10 3.50 12.00 0.01 0.09 3.700 0.100 20170929103555
B0 0002 00 00 00 00 80 FF FF 00 FF 30.00 30.00 31.50 2912 219.75 0.10 3.50 12.00 0.03 0.38 3.600 0.200 20170929103556
B0 0002 00 00 00 00 80 FF FF 00 FF 30.00 30.00 31.50 2928 219.50 0.10 3.50 12.00 0.03 0.09 3.600 0.200 20170929103557
B0 0002 00 00 00 00 80 FF FF 00 FF 29.50 30.00 31.50 2928 220.50 0.10 3.50 12.00 0.01 0.09 3.600 0.200 20170929103558
B0 0002 00 00 00 00 80 FF FF 00 FF 30.00 30.00 31.50 2928 220.00 0.10 3.50 12.00 0.01 0.38 3.600 0.200 20170929103600
B0 0002 00 00 00 00 80 FF FF 00 FF 30.00 30.00 31.50 2912 220.25 0.10 3.50 12.00 0.03 0.09 3.600 0.100 20170929103601
B0 0002 00 00 00 00 80 FF FF 00 FF 29.50 30.00 31.50 2912 220.25 0.10 3.50 12.00 0.01 0.38 3.600 0.100 20170929103602
B0 0002 00 00 00 00 80 FF FF 00 FF 29.50 30.00 31.50 2928 220.25 0.10 3.50 12.00 0.01 0.38 3.700 0.200 20170929103603
B0 0002 00 00 00 00 80 FF FF 00 FF 29.50 30.00 31.50 2928 220.00 0.10 3.50 12.00 0.01 0.09 3.700 0.200 20170929103604
B0 0002 00 00 00 00 80 FF FF 00 FF 29.50 30.00 31.50 2928 220.50 0.10 3.50 12.00 0.03 0.38 3.600 0.300 20170929103605
B0 0002 00 00 00 00 80 FF FF 00 FF 29.50 30.00 31.50 2928 220.25 0.10 3.50 12.00 0.03 0.09 3.700 0.300 20170929103606
B0 0002 00 00 00 00 80 FF FF 00 FF 29.50 30.00 31.50 2928 220.75 0.10 3.50 12.00 0.03 0.09 3.700 0.200 20170929103607
B0 0002 00 00 00 00 80 FF FF 00 FF 29.50 30.00 31.50 2928 220.50 0.10 3.50 12.00 0.03 0.09 3.700 0.000 20170929103609
B0 0002 00 00 00 00 80 FF FF 00 FF 29.50 30.00 31.50 2928 220.00 0.10 3.50 12.00 0.03 0.38 3.700 0.200 20170929103610
B0 0002 00 00 00 00 80 FF FF 00 FF 29.50 30.00 31.50 2928 220.50 0.10 3.50 12.00 0.03 0.09 3.700 0.200 20170929103611
B0 0002 00 00 00 00 80 FF FF 00 FF 29.50 30.00 31.50 2928 220.25 0.10 3.50 12.00 0.01 0.09 3.700 0.100 20170929103612
B0 0002 00 00 00 00 80 FF FF 00 FF 29.50 30.50 31.50 2928 220.25 0.10 3.50 12.00 0.03 0.09 3.600 0.200 20170929103613
B0 0002 00 00 00 00 80 FF FF 00 FF 29.50 30.00 31.50 2912 220.25 0.10 3.50 12.00 0.03 0.38 3.600 0.100 20170929103614
B0 0002 00 00 00 00 80 FF FF 00 FF 29.50 30.00 31.50 2912 220.00 0.10 3.50 12.00 0.03 0.38 3.700 0.200 20170929103615
B0 0002 00 00 00 00 80 FF FF 00 FF 29.50 30.00 31.50 2912 220.50 0.10 3.50 12.00 0.03 0.09 3.700 0.400 20170929103617
B0 0002 00 00 00 00 80 FF FF 00 FF 29.50 30.00 31.50 2928 220.25 0.10 3.50 12.00 0.01 0.38 3.700 0.200 20170929103618
B0 0002 00 00 00 00 80 FF FF 00 FF 29.50 30.00 31.50 2928 220.50 0.10 3.50 12.00 0.01 0.09 3.700 0.200 20170929103619
B0 0002 00 00 00 00 80 FF FF 00 FF 29.50 30.00 31.50 2928 220.25 0.10 3.50 12.00 0.03 0.09 3.700 0.100 20170929103620
B0 0002 00 00 00 00 80 FF FF 00 FF 29.50 30.00 31.50 2928 220.25 0.10 3.50 12.00 0.01 0.38 3.600 0.200 20170929103621
B0 0002 00 00 00 00 80 FF FF 00 FF 29.50 30.00 31.50 2928 220.25 0.10 3.50 12.00 0.03 0.38 3.700 0.300 20170929103622
B0 0002 00 00 00 00 80 FF FF 00 FF 29.50 30.00 31.50 2928 220.25 0.10 3.50 12.00 0.01 0.38 3.600 0.000 20170929103624
B0 0002 00 00 00 00 80 FF FF 00 FF 29.50 30.00 31.50 2928 220.25 0.10 3.50 12.00 0.03 0.38 3.600 0.200 20170929103625
B0 0002 00 00 00 00 80 FF FF 00 FF 29.50 30.00 31.50 2928 220.00 0.10 3.50 12.00 0.01 0.38 3.700 0.400 20170929103626
B0 0002 00 00 00 00 80 FF FF 00 FF 29.50 30.00 31.50 2928 220.00 0.10 3.50 12.00 0.03 0.09 3.700 0.200 20170929103627
B0 0002 00 00 00 00 80 FF FF 00 FF 29.50 30.00 31.50 2928 220.50 0.10 3.50 12.00 0.01 0.38 3.600 0.100 20170929103628
B0 0002 00 00 00 00 80 FF FF 00 FF 29.50 30.50 31.50 2928 220.50 0.10 3.50 12.00 0.01 0.38 3.600 0.000 20170929103630
B0 0002 00 00 00 00 80 FF FF 00 FF 29.50 30.00 31.50 2912 220.50 0.10 3.50 12.00 0.03 0.09 3.600 0.200 20170929103631
B0 0002 00 00 00 00 80 FF FF 00 FF 29.50 30.00 31.50 2928 220.50 0.10 3.50 12.00 0.03 0.38 3.700 0.100 20170929103632
B0 0002 00 00 00 00 80 FF FF 00 FF 29.50 30.00 31.50 2928 220.75 0.10 3.50 12.00 0.03 0.09 3.700 0.300 20170929103633
B0 0002 00 00 00 00 80 FF FF 00 FF 29.50 30.00 31.50 2928 220.75 0.10 3.50 12.00 0.03 0.38 3.700 0.200 20170929103634
B0 0002 00 00 00 00 80 FF FF 00 FF 29.50 30.00 31.50 2928 220.00 0.10 3.50 12.00 0.03 0.38 3.700 0.200 20170929103635
B0 0002 00 00 00 00 80 FF FF 00 FF 29.50 30.00 31.50 2928 220.00 0.10 3.50 12.00 0.01 0.38 3.700 0.200 20170929103636
B0 0002 00 00 00 00 80 FF FF 00 FF 30.00 30.00 31.50 2928 220.75 0.10 3.50 12.00 0.01 0.38 3.700 0.000 20170929103637
B0 0002 00 00 00 00 80 FF FF 00 FF 30.00 30.00 31.50 2928 221.00 0.10 3.50 12.00 0.01 0.38 3.600 0.100 20170929103639
B0 0002 00 00 00 00 80 FF FF 00 FF 30.00 30.00 31.50 2928 220.25 0.10 3.50 12.00 0.03 0.09 3.600 0.100 20170929103640
B0 0002 00 00 00 00 80 FF FF 00 FF 30.00 30.00 31.50 2928 220.50 0.10 3.50 12.00 0.01 0.09 3.700 0.100 20170929103641
B0 0002 00 00 00 00 80 FF FF 00 FF 30.00 30.00 31.50 2928 220.00 0.10 3.50 12.00 0.01 0.38 3.700 0.300 20170929103642
B0 0002 00 00 00 00 80 FF FF 00 FF 29.50 30.00 31.50 2928 220.25 0.10 3.50 12.00 0.01 0.09 3.700 0.000 20170929103643
B0 0002 00 00 00 00 80 FF FF 00 FF 29.50 30.00 31.50 2928 220.00 0.10 3.50 12.00 0.03 0.09 3.700 0.100 20170929103644
B0 0002 00 00 00 00 80 FF FF 00 FF 29.50 30.00 31.50 2928 220.00 0.10 3.50 12.00 0.01 0.38 3.600 0.000 20170929103645
B0 0002 00 00 00 00 80 FF FF 00 FF 29.50 30.00 31.50 2928 220.25 0.10 3.50 12.00 0.03 0.38 3.700 0.100 20170929103646
B0 0002 00 00 00 00 80 FF FF 00 FF 29.50 30.00 31.50 2928 220.75 0.10 3.50 12.00 0.01 0.38 3.700 0.100 20170929103648
B0 0002 00 00 00 00 80 FF FF 00 FF 29.50 30.00 31.50 2928 220.25 0.10 3.50 12.00 0.01 0.09 3.700 0.000 20170929103649
B0 0002 00 00 00 00 80 FF FF 00 FF 29.50 30.00 31.50 2928 220.25 0.10 3.50 12.00 0.03 0.38 3.600 0.200 20170929103650
B0 0002 00 00 00 00 80 FF FF 00 FF 29.50 30.00 31.50 2928 220.50 0.10 3.50 12.00 0.03 0.38 3.700 0.200 20170929103651
B0 0002 00 00 00 00 80 FF FF 00 FF 30.00 30.00 31.50 2928 220.00 0.10 3.50 12.00 0.01 0.38 3.700 0.100 20170929103652
B0 0002 00 00 00 00 80 FF FF 00 FF 30.00 30.00 31.50 2928 219.75 0.10 3.50 12.00 0.03 0.09 3.600 0.300 20170929103653
B0 0002 00 00 00 00 80 FF FF 00 FF 30.00 30.00 31.50 2928 219.75 0.10 3.50 12.00 0.01 0.38 3.700 0.200 20170929103654
B0 0002 00 00 00 00 80 FF FF 00 FF 30.00 30.00 31.50 2928 220.75 0.10 3.50 12.00 0.01 0.38 3.700 0.000 20170929103655
B0 0002 00 00 00 00 80 FF FF 00 FF 30.00 30.00 31.50 2928 220.25 0.10 3.50 12.00 0.03 0.38 3.700 0.100 20170929103656
B0 0002 00 00 00 00 80 FF FF 00 FF 30.00 30.00 31.50 2944 220.25 0.10 3.50 12.00 0.03 0.09 3.700 0.200 20170929103658
B0 0002 00 00 00 00 80 FF FF 00 FF 30.00 30.00 31.50 2928 220.00 0.10 3.50 12.00 0.01 0.38 3.600 0.100 20170929103659
B0 0002 00 00 00 00 80 FF FF 00 FF 30.00 30.00 31.50 2928 220.25 0.10 3.50 12.00 0.03 0.38 3.600 0.200 20170929103700
B0 0002 00 00 00 00 80 FF FF 00 FF 30.00 30.00 31.50 2928 220.00 0.10 3.50 12.00 0.01 0.38 3.700 0.200 20170929103701
B0 0002 00 00 00 00 80 FF FF 00 FF 29.50 30.00 31.50 2928 219.75 0.10 3.50 12.00 0.03 0.09 3.600 0.100 20170929103702
B0 0002 00 00 00 00 80 FF FF 00 FF 30.00 30.00 31.50 2944 219.75 0.10 3.50 12.00 0.01 0.09 3.700 0.100 20170929103703
B0 0002 00 00 00 00 80 FF FF 00 FF 30.00 30.00 31.50 2944 220.25 0.10 3.50 12.00 0.03 0.38 3.700 0.200 20170929103704
B0 0002 00 00 00 00 80 FF FF 00 FF 30.00 30.00 31.50 2928 219.75 0.10 3.50 12.00 0.01 0.09 3.600 0.300 20170929103706
B0 0002 00 00 00 00 80 FF FF 00 FF 30.00 30.00 31.50 2928 220.25 0.10 3.50 12.00 0.01 0.38 3.700 0.300 20170929103707
B0 0002 00 00 00 00 80 FF FF 00 FF 30.00 30.00 31.50 2912 220.25 0.10 3.50 12.00 0.03 0.38 3.700 0.200 20170929103708
B0 0002 00 00 00 00 80 FF FF 00 FF 30.00 30.00 31.50 2928 220.75 0.10 3.50 12.00 0.03 0.38 3.700 0.100 20170929103709
B0 0002 00 00 00 00 80 FF FF 00 FF 30.00 30.00 31.50 2928 219.75 0.10 3.50 12.00 0.03 0.09 3.700 0.200 20170929103710
B0 0002 00 00 00 00 80 FF FF 00 FF 29.50 30.00 31.50 2928 219.75 0.10 3.50 12.00 0.01 0.38 3.600 0.100 20170929103711
B0 0002 00 00 00 00 80 FF FF 00 FF 29.50 30.00 31.50 2912 219.75 0.10 3.50 12.00 0.03 0.09 3.600 0.300 20170929103712
B0 0002 00 00 00 00 80 FF FF 00 FF 29.50 30.00 31.50 2896 220.50 0.10 3.50 12.00 0.03 0.38 3.600 0.100 20170929103713
B0 0002 00 00 00 00 80 FF FF 00 FF 30.00 30.00 31.50 2912 220.25 0.10 3.50 12.00 0.01 0.38 3.600 0.200 20170929103714
B0 0002 00 00 00 00 80 FF FF 00 FF 29.50 30.00 31.50 2912 220.50 0.10 3.50 12.00 0.03 0.09 3.600 0.200 20170929103716
B0 0002 00 00 00 00 80 FF FF 00 FF 29.50 30.00 31.50 2928 220.25 0.10 3.50 12.00 0.01 0.38 3.600 0.100 20170929103717
B0 0002 00 00 00 00 80 FF FF 00 FF 29.50 30.00 31.50 2928 220.00 0.10 3.50 12.00 0.01 0.09 3.600 0.200 20170929103718
B0 0002 00 00 00 00 80 FF FF 00 FF 29.50 30.00 31.50 2928 220.00 0.10 3.50 12.00 0.01 0.38 3.600 0.200 20170929103719
B0 0002 00 00 00 00 80 FF FF 00 FF 30.00 30.00 31.50 2928 220.00 0.10 3.50 12.00 0.03 0.09 3.600 0.100 20170929103720
B0 0002 00 00 00 00 80 FF FF 00 FF 29.50 30.00 31.50 2928 220.00 0.10 3.50 12.00 0.03 0.09 3.600 0.200 20170929103721
B0 0002 00 00 00 00 80 FF FF 00 FF 30.00 30.00 31.50 2944 220.25 0.10 3.50 12.00 0.03 0.38 3.600 0.100 20170929103723
B0 0002 00 00 00 00 80 FF FF 00 FF 30.00 30.00 31.50 2928 220.00 0.10 3.50 12.00 0.01 0.09 3.600 0.300 20170929103724
B0 0002 00 00 00 00 80 FF FF 00 FF 29.50 30.00 31.50 2944 220.00 0.10 3.50 12.00 0.01 0.09 3.700 0.100 20170929103725
B0 0002 00 00 00 00 80 FF FF 00 FF 29.50 30.00 31.50 2944 220.00 0.10 3.50 12.00 0.03 0.38 3.600 0.100 20170929103726
B0 0002 00 00 00 00 80 FF FF 00 FF 30.00 30.00 31.50 2928 220.25 0.10 3.50 12.00 0.03 0.38 3.600 0.200 20170929103727
B0 0002 00 00 00 00 80 FF FF 00 FF 29.50 30.00 31.50 2944 219.75 0.10 3.50 12.00 0.03 0.09 3.600 0.200 20170929103728
B0 0002 00 00 00 00 80 FF FF 00 FF 30.00 30.00 31.50 2944 219.75 0.10 3.50 12.00 0.01 0.09 3.600 0.200 20170929103729
B0 0002 00 00 00 00 80 FF FF 00 FF 29.50 30.00 31.50 2928 220.00 0.10 3.50 12.00 0.01 0.38 3.700 0.100 20170929103730
B0 0002 00 00 00 00 80 FF FF 00 FF 29.50 30.00 31.50 2928 220.25 0.10 3.50 12.00 0.01 0.09 3.700 0.100 20170929103731
B0 0002 00 00 00 00 80 FF FF 00 FF 30.00 30.00 31.50 2944 220.25 0.10 3.50 12.00 0.03 0.09 3.600 0.400 20170929103733
B0 0002 00 00 00 00 80 FF FF 00 FF 29.50 30.00 31.50 2928 220.25 0.10 3.50 12.00 0.03 0.38 3.600 0.300 20170929103734
B0 0002 00 00 00 00 80 FF FF 00 FF 30.00 30.00 31.50 2928 220.50 0.10 3.50 12.00 0.03 0.09 3.700 0.200 20170929103735
B0 0002 00 00 00 00 80 FF FF 00 FF 29.50 30.00 31.50 2944 219.75 0.10 3.50 12.00 0.03 0.38 3.600 0.100 20170929103736
B0 0002 00 00 00 00 80 FF FF 00 FF 30.00 30.00 31.50 2944 219.25 0.10 3.50 12.00 0.03 0.38 3.600 0.300 20170929103737
B0 0002 00 00 00 00 80 FF FF 00 FF 30.00 30.00 31.50 2944 220.25 0.10 3.50 12.00 0.03 0.09 3.600 0.200 20170929103738
B0 0002 00 00 00 00 80 FF FF 00 FF 30.00 30.00 31.50 2928 220.25 0.10 3.50 12.00 0.03 0.09 3.600 0.200 20170929103739
B0 0002 00 00 00 00 80 FF FF 00 FF 29.50 30.00 31.50 2928 220.25 0.10 3.50 12.00 0.03 0.38 3.700 0.200 20170929103740
B0 0002 00 00 00 00 80 FF FF 00 FF 30.00 30.00 31.50 2912 220.25 0.10 3.50 12.00 0.03 0.09 3.600 0.400 20170929103742
B0 0002 00 00 00 00 80 FF FF 00 FF 30.00 30.00 31.50 2928 220.25 0.10 3.50 12.00 0.01 0.38 3.600 0.400 20170929103743
B0 0002 00 00 00 00 80 FF FF 00 FF 30.00 30.50 31.50 2928 220.50 0.10 3.50 12.00 0.01 0.09 3.600 0.100 20170929103744
B0 0002 00 00 00 00 80 FF FF 00 FF 30.00 30.00 31.50 2928 220.00 0.10 3.50 12.00 0.03 0.38 3.600 0.100 20170929103745
B0 0002 00 00 00 00 80 FF FF 00 FF 30.00 30.00 31.50 2928 220.00 0.10 3.50 12.00 0.03 0.09 3.700 0.100 20170929103746
B0 0002 00 00 00 00 80 FF FF 00 FF 30.00 30.00 31.50 2928 220.00 0.10 3.50 12.00 0.03 0.09 3.600 0.300 20170929103747
B0 0002 00 00 00 00 80 FF FF 00 FF 30.00 30.00 31.50 2928 220.25 0.10 3.50 12.00 0.03 0.09 3.700 0.100 20170929103748
B0 0002 00 00 00 00 80 FF FF 00 FF 30.00 30.00 31.50 2928 220.00 0.10 3.50 12.00 0.01 0.38 3.600 0.300 20170929103749
B0 0002 00 00 00 00 80 FF FF 00 FF 30.00 30.00 31.50 2912 220.25 0.10 3.50 12.00 0.03 0.38 3.700 0.200 20170929103751
B0 0002 00 00 00 00 80 FF FF 00 FF 30.00 30.00 31.50 2912 220.75 0.10 3.50 12.00 0.01 0.38 3.600 0.200 20170929103752
B0 0002 00 00 00 00 80 FF FF 00 FF 30.00 30.00 31.50 2912 220.50 0.10 3.50 12.00 0.03 0.38 3.700 0.200 20170929103753
B0 0002 00 00 00 00 80 FF FF 00 FF 30.00 30.50 31.50 2928 219.75 0.10 3.50 12.00 0.01 0.38 3.700 0.200 20170929103754
B0 0002 00 00 00 00 80 FF FF 00 FF 30.00 30.00 31.50 2928 219.75 0.10 3.50 12.00 0.01 0.09 3.700 0.200 20170929103755
B0 0002 00 00 00 00 80 FF FF 00 FF 30.00 30.00 31.50 2928 219.75 0.10 3.50 12.00 0.03 0.38 3.600 0.200 20170929103756
B0 0002 00 00 00 00 80 FF FF 00 FF 30.00 30.00 31.50 2928 220.00 0.10 3.50 12.00 0.01 0.38 3.600 0.300 20170929103757
B0 0002 00 00 00 00 80 FF FF 00 FF 30.00 30.00 31.50 2928 220.50 0.10 3.50 12.00 0.01 0.38 3.600 0.200 20170929103759
B0 0002 00 00 00 00 80 FF FF 00 FF 30.00 30.00 31.50 2928 220.25 0.10 3.50 12.00 0.01 0.38 3.700 0.200 20170929103800
B0 0002 00 00 00 00 80 FF FF 00 FF 30.00 30.00 31.50 2928 220.00 0.10 3.50 12.00 0.01 0.09 3.700 0.200 20170929103801
B0 0002 00 00 00 00 80 FF FF 00 FF 30.00 30.00 31.50 2928 220.00 0.10 3.50 12.00 0.01 0.09 3.700 0.100 20170929103802
B0 0002 00 00 00 00 80 FF FF 00 FF 30.00 30.00 31.50 2928 220.00 0.10 3.50 12.00 0.03 0.09 3.600 0.200 20170929103803
B0 0002 00 00 00 00 80 FF FF 00 FF 30.00 30.00 31.50 2928 219.75 0.10 3.50 12.00 0.01 0.38 3.700 0.100 20170929103804
B0 0002 00 00 00 00 80 FF FF 00 FF 30.00 30.00 31.50 2928 220.25 0.10 3.50 12.00 0.03 0.38 3.700 0.300 20170929103806
B0 0002 00 00 00 00 80 FF FF 00 FF 30.00 30.00 31.50 2928 220.00 0.10 3.50 12.00 0.01 0.09 3.600 0.100 20170929103807
B0 0002 00 00 00 00 80 FF FF 00 FF 30.00 30.00 31.50 2928 220.50 0.10 3.50 12.00 0.01 0.38 3.600 0.200 20170929103808
B0 0002 00 00 00 00 80 FF FF 00 FF 30.00 30.00 31.50 2928 220.50 0.10 3.50 12.00 0.03 0.38 3.600 0.100 20170929103809
B0 0002 00 00 00 00 80 FF FF 00 FF 30.00 30.00 31.50 2928 219.50 0.10 3.50 12.00 0.03 0.09 3.600 0.100 20170929103810
B0 0002 00 00 00 00 80 FF FF 00 FF 30.00 30.00 31.50 2928 220.00 0.10 3.50 12.00 0.03 0.38 3.600 0.300 20170929103811
B0 0002 00 00 00 00 80 FF FF 00 FF 30.00 30.00 31.50 2928 220.50 0.10 3.50 12.00 0.01 0.09 3.600 0.200 20170929103812
B0 0002 00 00 00 00 80 FF FF 00 FF 30.00 30.00 31.50 2928 221.00 0.10 3.50 12.00 0.03 0.09 3.700 0.100 20170929103813
B0 0002 00 00 00 00 80 FF FF 00 FF 30.00 30.00 31.50 2928 220.25 0.10 3.50 12.00 0.01 0.38 3.600 0.000 20170929103815
B0 0002 00 00 00 00 80 FF FF 00 FF 30.00 30.00 31.50 2928 220.50 0.10 3.50 12.00 0.03 0.09 3.600 0.200 20170929103816
B0 0002 00 00 00 00 80 FF FF 00 FF 30.00 30.00 31.50 2928 220.50 0.10 3.50 12.00 0.01 0.09 3.600 0.200 20170929103817
B0 0002 00 00 00 00 80 FF FF 00 FF 29.50 30.00 31.50 2928 220.25 0.10 3.50 12.00 0.01 0.38 3.600 0.100 20170929103818
B0 0002 00 00 00 00 80 FF FF 00 FF 29.50 30.00 31.50 2928 219.75 0.10 3.50 12.00 0.03 0.38 3.600 0.100 20170929103819
B0 0002 00 00 00 00 80 FF FF 00 FF 30.00 30.00 31.50 2928 220.25 0.10 3.50 12.00 0.03 0.38 3.600 0.200 20170929103820
B0 0002 00 00 00 00 80 FF FF 00 FF 30.00 30.00 31.50 2928 220.50 0.10 3.50 12.00 0.03 0.09 3.600 0.100 20170929103821
B0 0002 00 00 00 00 80 FF FF 00 FF 30.00 30.00 31.50 2912 221.00 0.10 3.50 12.00 0.03 0.09 3.600 0.300 20170929103823
B0 0002 00 00 00 00 80 FF FF 00 FF 30.00 30.00 31.50 2912 220.00 0.10 3.50 12.00 0.03 0.38 3.700 0.100 20170929103824
B0 0002 00 00 00 00 80 FF FF 00 FF 30.00 30.00 31.50 2928 220.25 0.10 3.50 12.00 0.03 0.38 3.700 0.100 20170929103825
B0 0002 00 00 00 00 80 FF FF 00 FF 30.00 30.00 31.50 2928 220.25 0.10 3.50 12.00 0.01 0.38 3.600 0.200 20170929103826
B0 0002 00 00 00 00 80 FF FF 00 FF 30.00 30.00 31.50 2912 220.75 0.10 3.50 12.00 0.01 0.09 3.600 0.100 20170929103827
B0 0002 00 00 00 00 80 FF FF 00 FF 30.00 30.00 31.50 2912 220.00 0.10 3.50 12.00 0.03 0.38 3.700 0.400 20170929103828
B0 0002 00 00 00 00 80 FF FF 00 FF 30.00 30.00 31.50 2928 220.50 0.10 3.50 12.00 0.01 0.38 3.700 0.300 20170929103829
B0 0002 00 00 00 00 80 FF FF 00 FF 30.00 30.00 31.50 2912 220.50 0.10 3.50 12.00 0.03 0.38 3.700 0.000 20170929103831
B0 0002 00 00 00 00 80 FF FF 00 FF 30.00 30.00 31.50 2912 221.00 0.10 3.50 12.00 0.01 0.38 3.600 0.100 20170929103832
B0 0002 00 00 00 00 80 FF FF 00 FF 30.00 30.00 31.50 2928 220.25 0.10 3.50 12.00 0.01 0.38 3.700 0.300 20170929103833
B0 0002 00 00 00 00 80 FF FF 00 FF 30.00 30.00 32.00 2928 220.75 0.10 3.50 12.00 0.01 0.38 3.700 0.200 20170929103834
B0 0002 00 00 00 00 80 FF FF 00 FF 30.00 30.00 31.50 2928 220.25 0.10 3.50 12.00 0.01 0.09 3.700 0.300 20170929103835
B0 0002 00 00 00 00 80 FF FF 00 FF 30.00 30.00 32.00 2928 220.25 0.10 3.50 12.00 0.03 0.38 3.700 0.300 20170929103836
B0 0002 00 00 00 00 80 FF FF 00 FF 30.00 30.00 32.00 2912 220.00 0.10 3.50 12.00 0.03 0.38 3.600 0.200 20170929103837
B0 0002 00 00 00 00 80 FF FF 00 FF 30.00 30.00 32.00 2912 219.50 0.10 3.50 12.00 0.03 0.38 3.700 0.300 20170929103838
B0 0002 00 00 00 00 80 FF FF 00 FF 30.00 30.00 31.50 2912 220.00 0.10 3.50 12.00 0.01 0.38 3.700 0.200 20170929103839
B0 0002 00 00 00 00 80 FF FF 00 FF 30.00 30.00 32.00 2912 220.25 0.10 3.50 12.00 0.01 0.38 3.600 0.200 20170929103841
B0 0002 00 00 00 00 80 FF FF 00 FF 30.00 30.00 32.00 2912 220.50 0.10 3.50 12.00 0.01 0.09 3.600 0.200 20170929103842
B0 0002 00 00 00 00 80 FF FF 00 FF 30.00 30.00 32.00 2912 220.25 0.10 3.50 12.00 0.01 0.38 3.700 0.200 20170929103843
B0 0002 00 00 00 00 80 FF FF 00 FF 30.00 30.00 31.50 2912 220.25 0.10 3.50 12.00 0.03 0.38 3.700 0.100 20170929103844
B0 0002 00 00 00 00 80 FF FF 00 FF 30.00 30.00 32.00 2912 220.00 0.10 3.50 12.00 0.01 0.38 3.600 0.100 20170929103845
B0 0002 00 00 00 00 80 FF FF 00 FF 30.00 30.00 32.00 2912 220.25 0.10 3.50 12.00 0.03 0.09 3.600 0.300 20170929103846
B0 0002 00 00 00 00 80 FF FF 00 FF 30.00 30.00 31.50 2912 220.50 0.10 3.50 12.00 0.03 0.38 3.600 0.200 20170929103847
B0 0002 00 00 00 00 80 FF FF 00 FF 30.00 30.00 32.00 2912 220.75 0.10 3.50 12.00 0.03 0.38 3.700 0.000 20170929103848
B0 0002 00 00 00 00 80 FF FF 00 FF 30.00 30.00 32.00 2912 220.25 0.10 3.50 12.00 0.01 0.38 3.700 0.100 20170929103850
B0 0002 00 00 00 00 80 FF FF 00 FF 30.00 30.00 32.00 2912 220.25 0.10 3.50 12.00 0.03 0.09 3.600 0.100 20170929103851
B0 0002 00 00 00 00 80 FF FF 00 FF 30.00 30.00 32.00 2912 220.50 0.10 3.50 12.00 0.03 0.38 3.600 0.300 20170929103852
B0 0002 00 00 00 00 80 FF FF 00 FF 30.00 30.00 32.00 2912 220.50 0.10 3.50 12.00 0.01 0.38 3.600 0.100 20170929103853
B0 0002 00 00 00 00 80 FF FF 00 FF 30.00 30.00 32.00 2912 220.00 0.10 3.50 12.00 0.03 0.38 3.600 0.200 20170929103854
B0 0002 00 00 00 00 80 FF FF 00 FF 30.00 30.00 32.00 2896 220.25 0.10 3.50 12.00 0.01 0.38 3.700 0.100 20170929103855
B0 0002 00 00 00 00 80 FF FF 00 FF 30.00 30.00 32.00 2896 219.75 0.10 3.50 12.00 0.01 0.38 3.700 0.100 20170929103856
B0 0002 00 00 00 00 80 FF FF 00 FF 30.00 30.00 32.00 2912 220.50 0.10 3.50 12.00 0.01 0.09 3.700 0.400 20170929103857
B0 0002 00 00 00 00 80 FF FF 00 FF 30.00 30.00 32.00 2912 221.00 0.10 3.50 12.00 0.03 0.38 3.600 0.100 20170929103859
B0 0002 00 00 00 00 80 FF FF 00 FF 30.00 30.00 32.00 2912 221.00 0.10 3.50 12.00 0.03 0.09 3.600 0.100 20170929103900
B0 0002 00 00 00 00 80 FF FF 00 FF 30.00 30.00 32.00 2912 220.75 0.10 3.50 12.00 0.03 0.38 3.700 0.400 20170929103901
B0 0002 00 00 00 00 80 FF FF 00 FF 30.00 30.00 32.00 2912 220.75 0.10 3.50 12.00 0.01 0.38 3.700 0.000 20170929103902
B0 0002 00 00 00 00 80 FF FF 00 FF 30.00 30.00 32.00 2912 220.75 0.10 3.50 12.00 0.03 0.09 3.600 0.200 20170929103903
B0 0002 00 00 00 00 80 FF FF 00 FF 30.00 30.00 32.00 2928 220.50 0.10 3.50 12.00 0.03 0.09 3.600 0.200 20170929103904
B0 0002 00 00 00 00 80 FF FF 00 FF 30.00 30.00 32.00 2928 221.00 0.10 3.50 12.00 0.01 0.38 3.600 0.200 20170929103905
B0 0002 00 00 00 00 80 FF FF 00 FF 30.00 30.00 32.00 2928 221.00 0.10 3.50 12.00 0.03 0.38 3.500 0.200 20170929103907
B0 0002 00 00 00 00 80 FF FF 00 FF 30.00 30.00 32.00 2928 221.50 0.10 3.50 12.00 0.01 0.09 3.700 0.300 20170929103908
B0 0002 00 00 00 00 80 FF FF 00 FF 30.00 30.00 32.00 2928 220.50 0.10 3.50 12.00 0.03 0.38 3.700 0.100 20170929103909
B0 0002 00 00 00 00 80 FF FF 00 FF 30.00 30.00 32.00 2928 220.50 0.10 3.50 12.00 0.03 0.38 3.700 0.200 20170929103910
B0 0002 00 00 00 00 80 FF FF 00 FF 30.00 30.00 32.00 2944 220.50 0.10 3.50 12.00 0.01 0.38 3.700 0.300 20170929103911
B0 0002 00 00 00 00 80 FF FF 00 FF 30.00 30.00 32.00 2944 221.25 0.10 3.50 12.00 0.03 0.09 3.600 0.000 20170929103912
B0 0002 00 00 00 00 80 FF FF 00 FF 30.00 30.00 32.00 2928 221.00 0.10 3.50 12.00 0.01 0.09 3.600 0.200 20170929103913
B0 0002 00 00 00 00 80 FF FF 00 FF 30.00 30.00 32.00 2912 221.00 0.10 3.50 12.00 0.03 0.38 3.600 0.300 20170929103915
B0 0002 00 00 00 00 80 FF FF 00 FF 30.00 30.00 32.00 2928 221.00 0.10 3.50 12.00 0.03 0.38 3.700 0.100 20170929103916
B0 0002 00 00 00 00 80 FF FF 00 FF 30.00 30.00 32.00 2928 221.00 0.10 3.50 12.00 0.03 0.38 3.600 0.300 20170929103917
B0 0002 00 00 00 00 80 FF FF 00 FF 30.00 30.00 32.00 2928 220.25 0.10 3.50 12.00 0.01 0.38 3.600 0.100 20170929103918
B0 0002 00 00 00 00 80 FF FF 00 FF 30.00 30.00 32.00 2944 220.50 0.10 3.50 12.00 0.03 0.09 3.600 0.200 20170929103919
B0 0002 00 00 00 00 80 FF FF 00 FF 30.00 30.00 32.00 2944 220.75 0.10 3.50 12.00 0.01 0.09 3.700 0.000 20170929103920
B0 0002 00 00 00 00 80 FF FF 00 FF 30.00 30.00 32.00 2944 221.25 0.10 3.50 12.00 0.03 0.09 3.700 0.200 20170929103921
B0 0002 00 00 00 00 80 FF FF 00 FF 30.00 30.00 32.00 2944 221.00 0.10 3.50 12.00 0.01 0.38 3.600 0.100 20170929103923
B0 0002 00 00 00 00 80 FF FF 00 FF 30.00 30.00 32.00 2944 220.50 0.10 3.50 12.00 0.03 0.09 3.700 0.100 20170929103924
B0 0002 00 00 00 00 80 FF FF 00 FF 30.00 30.00 32.00 2944 221.00 0.10 3.50 12.00 0.03 0.38 3.600 0.200 20170929103925
B0 0002 00 00 00 00 80 FF FF 00 FF 30.00 30.00 32.00 2944 221.25 0.10 3.50 12.00 0.01 0.38 3.600 0.100 20170929103926
B0 0002 00 00 00 00 80 FF FF 00 FF 30.00 30.00 32.00 2944 220.75 0.10 3.50 12.00 0.03 0.38 3.700 0.100 20170929103927
B0 0002 00 00 00 00 80 FF FF 00 FF 30.00 30.00 32.00 2944 220.25 0.10 3.50 12.00 0.03 0.38 3.600 0.300 20170929103928
B0 0002 00 00 00 00 80 FF FF 00 FF 30.00 30.00 32.00 2944 220.75 0.10 3.50 12.00 0.03 0.38 3.700 0.300 20170929103930
B0 0002 00 00 00 00 80 FF FF 00 FF 30.00 30.00 32.00 2944 221.00 0.10 3.50 12.00 0.03 0.38 3.600 0.000 20170929103931
B0 0002 00 00 00 00 80 FF FF 00 FF 30.00 30.00 32.00 2928 221.25 0.10 3.50 12.00 0.03 0.38 3.600 0.200 20170929103932
B0 0002 00 00 00 00 80 FF FF 00 FF 30.00 30.00 32.00 2928 221.00 0.10 3.50 12.00 0.01 0.09 3.700 0.400 20170929103933
B0 0002 00 00 00 00 80 FF FF 00 FF 30.00 30.00 32.00 2928 220.25 0.10 3.50 12.00 0.03 0.38 3.700 0.200 20170929103934
B0 0002 00 00 00 00 80 FF FF 00 FF 30.00 30.00 32.00 2944 220.50 0.10 3.50 12.00 0.03 0.38 3.700 0.000 20170929103935
B0 0002 00 00 00 00 80 FF FF 00 FF 30.00 30.00 32.00 2944 221.00 0.10 3.50 12.00 0.01 0.38 3.600 0.200 20170929103936
B0 0002 00 00 00 00 80 FF FF 00 FF 30.00 30.00 32.00 2928 221.25 0.10 3.50 12.00 0.03 0.09 3.700 0.200 20170929103937
B0 0002 00 00 00 00 80 FF FF 00 FF 30.00 30.00 32.00 2928 220.50 0.10 3.50 12.00 0.01 0.09 3.600 0.200 20170929103939
B0 0002 00 00 00 00 80 FF FF 00 FF 30.00 30.00 32.00 2944 220.50 0.10 3.50 12.00 0.03 0.38 3.600 0.300 20170929103940
B0 0002 00 00 00 00 80 FF FF 00 FF 30.00 30.00 32.00 2944 221.25 0.10 3.50 12.00 0.03 0.38 3.600 0.200 20170929103941
B0 0002 00 00 00 00 80 FF FF 00 FF 30.00 30.00 32.00 2944 220.75 0.10 3.50 12.00 0.03 0.38 3.600 0.200 20170929103942
B0 0002 00 00 00 00 80 FF FF 00 FF 30.00 30.50 32.00 2944 220.75 0.10 3.50 12.00 0.03 0.38 3.600 0.300 20170929103943
B0 0002 00 00 00 00 80 FF FF 00 FF 30.00 30.00 32.00 2944 220.75 0.10 3.50 12.00 0.01 0.09 3.600 0.000 20170929103944
B0 0002 00 00 00 00 80 FF FF 00 FF 30.00 30.00 32.00 2928 221.25 0.10 3.50 12.00 0.03 0.38 3.600 0.200 20170929103945
B0 0002 00 00 00 00 80 FF FF 00 FF 30.00 30.00 32.00 2928 220.50 0.10 3.50 12.00 0.01 0.38 3.700 0.100 20170929103947
B0 0002 00 00 00 00 80 FF FF 00 FF 30.00 30.00 32.00 2928 220.75 0.10 3.50 12.00 0.01 0.09 3.600 0.100 20170929103948
B0 0002 00 00 00 00 80 FF FF 00 FF 30.00 30.50 32.00 2944 221.00 0.10 3.50 12.00 0.03 0.38 3.600 0.200 20170929103949
B0 0002 00 00 00 00 80 FF FF 00 FF 30.00 30.00 32.00 2944 220.50 0.10 3.50 12.00 0.03 0.09 3.700 0.300 20170929103950
B0 0002 00 00 00 00 80 FF FF 00 FF 30.00 30.00 32.00 2944 221.00 0.10 3.50 12.00 0.01 0.09 3.700 0.100 20170929103951
B0 0002 00 00 00 00 80 FF FF 00 FF 30.00 30.00 32.00 2928 220.25 0.10 3.50 12.00 0.01 0.09 3.600 0.000 20170929103952
B0 0002 00 00 00 00 80 FF FF 00 FF 30.00 30.00 32.00 2944 220.75 0.10 3.50 12.00 0.01 0.38 3.700 0.300 20170929103953
B0 0002 00 00 00 00 80 FF FF 00 FF 30.00 30.00 32.00 2928 220.75 0.10 3.50 12.00 0.01 0.09 3.600 0.300 20170929103955
B0 0002 00 00 00 00 80 FF FF 00 FF 30.00 30.00 32.00 2944 220.75 0.10 3.50 12.00 0.01 0.38 3.600 0.200 20170929103956
B0 0002 00 00 00 00 80 FF FF 00 FF 30.00 30.00 32.00 2944 221.25 0.10 3.50 12.00 0.01 0.09 3.600 0.100 20170929103957
B0 0002 00 00 00 00 80 FF FF 00 FF 30.00 30.00 32.00 2944 221.25 0.10 3.50 12.00 0.03 0.38 3.700 0.300 20170929103958
B0 0002 00 00 00 00 80 FF FF 00 FF 30.00 30.00 32.00 2944 220.75 0.10 3.50 12.00 0.03 0.09 3.600 0.200 20170929103959
B0 0002 00 00 00 00 80 FF FF 00 FF 30.00 30.00 32.00 2944 221.00 0.10 3.50 12.00 0.03 0.38 3.700 0.100 20170929104000
B0 0002 00 00 00 00 80 FF FF 00 FF 30.00 30.00 32.00 2944 220.75 0.10 3.50 12.00 0.03 0.09 3.700 0.300 20170929104002
B0 0002 00 00 00 00 80 FF FF 00 FF 30.00 30.00 32.00 2944 221.00 0.10 3.50 12.00 0.01 0.38 3.700 0.300 20170929104003
B0 0002 00 00 00 00 80 FF FF 00 FF 30.00 30.00 32.00 2944 220.50 0.10 3.50 12.00 0.03 0.38 3.600 0.300 20170929104004
B0 0002 00 00 00 00 80 FF FF 00 FF 30.00 30.00 32.00 2944 220.25 0.10 3.50 12.00 0.01 0.38 3.700 0.100 20170929104005
B0 0002 00 00 00 00 80 FF FF 00 FF 30.00 30.00 32.00 2944 220.75 0.10 3.50 12.00 0.03 0.09 3.700 0.100 20170929104006
B0 0002 00 00 00 00 80 FF FF 00 FF 30.00 30.00 32.00 2944 220.75 0.10 3.50 12.00 0.01 0.38 3.600 0.200 20170929104007
B0 0002 00 00 00 00 80 FF FF 00 FF 30.00 30.00 32.00 2944 221.50 0.10 3.50 12.00 0.01 0.38 3.600 0.100 20170929104008
B0 0002 00 00 00 00 80 FF FF 00 FF 30.00 30.00 32.00 2944 220.75 0.10 3.50 12.00 0.01 0.38 3.600 0.300 20170929104010
B0 0002 00 00 00 00 80 FF FF 00 FF 30.00 30.00 32.00 2944 221.00 0.10 3.50 12.00 0.03 0.09 3.700 0.300 20170929104011
B0 0002 00 00 00 00 80 FF FF 00 FF 30.00 30.00 32.00 2928 220.25 0.10 3.50 12.00 0.03 0.38 3.700 0.100 20170929104012
B0 0002 00 00 00 00 80 FF FF 00 FF 30.00 30.00 32.00 2944 220.75 0.10 3.50 12.00 0.03 0.38 3.700 0.100 20170929104013
B0 0002 00 00 00 00 80 FF FF 00 FF 30.00 30.00 32.00 2944 220.50 0.10 3.50 12.00 0.01 0.38 3.700 0.200 20170929104014
B0 0002 00 00 00 00 80 FF FF 00 FF 30.00 30.00 32.00 2944 220.50 0.10 3.50 12.00 0.01 0.38 3.700 0.200 20170929104015
B0 0002 00 00 00 00 80 FF FF 00 FF 30.00 30.00 32.00 2944 220.75 0.10 3.50 12.00 0.03 0.09 3.700 0.300 20170929104016
B0 0002 00 00 00 00 80 FF FF 00 FF 30.00 30.00 32.00 2944 221.25 0.10 3.50 12.00 0.01 0.38 3.600 0.100 20170929104018
B0 0002 00 00 00 00 80 FF FF 00 FF 30.00 30.00 32.00 2928 220.50 0.10 3.50 12.00 0.03 0.38 3.600 0.000 20170929104019
B0 0002 00 00 00 00 80 FF FF 00 FF 30.00 30.00 32.00 2928 221.00 0.10 3.50 12.00 0.03 0.09 3.700 0.200 20170929104020
B0 0002 00 00 00 00 80 FF FF 00 FF 30.00 30.50 32.00 2928 220.75 0.10 3.50 12.00 0.03 0.09 3.700 0.200 20170929104021
B0 0002 00 00 00 00 80 FF FF 00 FF 30.00 30.00 32.00 2928 221.25 0.10 3.50 12.00 0.01 0.38 3.600 0.200 20170929104022
B0 0002 00 00 00 00 80 FF FF 00 FF 30.00 30.00 32.00 2928 220.50 0.10 3.50 12.00 0.03 0.09 3.600 0.000 20170929104023
B0 0002 00 00 00 00 80 FF FF 00 FF 30.00 30.00 32.00 2944 220.50 0.10 3.50 12.00 0.03 0.38 3.600 0.200 20170929104024
B0 0002 00 00 00 00 80 FF FF 00 FF 30.00 30.00 32.00 2944 220.50 0.10 3.50 12.00 0.01 0.38 3.600 0.300 20170929104025
B0 0002 00 00 00 00 80 FF FF 00 FF 30.00 30.00 32.00 2944 220.75 0.10 3.50 12.00 0.03 0.38 3.600 0.100 20170929104027
B0 0002 00 00 00 00 80 FF FF 00 FF 30.00 30.00 32.00 2944 221.00 0.10 3.50 12.00 0.03 0.38 3.700 0.100 20170929104028
B0 0002 00 00 00 00 80 FF FF 00 FF 30.00 30.00 32.00 2944 221.00 0.10 3.50 12.00 0.03 0.38 3.600 0.100 20170929104029
B0 0002 00 00 00 00 80 FF FF 00 FF 30.00 30.50 32.00 2944 220.25 0.10 3.50 12.00 0.03 0.38 3.700 0.400 20170929104030
B0 0002 00 00 00 00 80 FF FF 00 FF 30.00 30.00 32.00 2944 221.00 0.10 3.50 12.00 0.03 0.38 3.700 0.100 20170929104031
B0 0002 00 00 00 00 80 FF FF 00 FF 30.00 30.00 32.00 2928 220.50 0.10 3.50 12.00 0.03 0.09 3.700 0.000 20170929104032
B0 0002 00 00 00 00 80 FF FF 00 FF 30.00 30.00 32.00 2928 220.50 0.10 3.50 12.00 0.01 0.38 3.600 0.200 20170929104033
B0 0002 00 00 00 00 80 FF FF 00 FF 30.00 30.00 32.00 2944 220.75 0.10 3.50 12.00 0.01 0.09 3.700 0.100 20170929104035
B0 0002 00 00 00 00 80 FF FF 00 FF 30.00 30.00 32.00 2944 221.25 0.10 3.50 12.00 0.03 0.38 3.700 0.200 20170929104036
B0 0002 00 00 00 00 80 FF FF 00 FF 30.00 30.00 32.00 2944 220.50 0.10 3.50 12.00 0.01 0.38 3.600 0.200 20170929104037
B0 0002 00 00 00 00 80 FF FF 00 FF 30.00 30.00 32.00 2944 220.25 0.10 3.50 12.00 0.03 0.38 3.600 0.300 20170929104038
B0 0002 00 00 00 00 80 FF FF 00 FF 30.00 30.00 32.00 2944 220.25 0.10 3.50 12.00 0.01 0.09 3.600 0.200 20170929104039
B0 0002 00 00 00 00 80 FF FF 00 FF 30.00 30.00 32.00 2944 220.25 0.10 3.50 12.00 0.03 0.38 3.700 0.100 20170929104040
B0 0002 00 00 00 00 80 FF FF 00 FF 30.00 30.00 32.00 2928 221.25 0.10 3.50 12.00 0.03 0.09 3.600 0.100 20170929104041
B0 0002 00 00 00 00 80 FF FF 00 FF 30.00 30.00 32.00 2928 221.00 0.10 3.50 12.00 0.03 0.38 3.600 0.200 20170929104043
B0 0002 00 00 00 00 80 FF FF 00 FF 30.00 30.00 32.00 2928 220.75 0.10 3.50 12.00 0.03 0.38 3.600 0.300 20170929104044
B0 0002 00 00 00 00 80 FF FF 00 FF 30.00 30.00 32.00 2944 221.00 0.10 3.50 12.00 0.01 0.38 3.600 0.200 20170929104045
B0 0002 00 00 00 00 80 FF FF 00 FF 30.00 30.00 32.00 2944 221.00 0.10 3.50 12.00 0.01 0.38 3.600 0.200 20170929104046
B0 0002 00 00 00 00 80 FF FF 00 FF 30.00 30.00 32.00 2944 220.25 0.10 3.50 12.00 0.03 0.09 3.700 0.200 20170929104047
B0 0002 00 00 00 00 80 FF FF 00 FF 30.00 30.00 32.00 2928 220.75 0.10 3.50 12.00 0.01 0.38 3.700 0.200 20170929104048
B0 0002 00 00 00 00 80 FF FF 00 FF 30.00 30.00 32.00 2944 220.75 0.10 3.50 12.00 0.03 0.09 3.600 0.100 20170929104049
B0 0002 00 00 00 00 80 FF FF 00 FF 30.00 30.00 32.00 2944 221.50 0.10 3.50 12.00 0.01 0.09 3.700 0.200 20170929104050
B0 0002 00 00 00 00 80 FF FF 00 FF 30.00 30.00 32.00 2944 220.75 0.10 3.50 12.00 0.01 0.09 3.700 0.200 20170929104052
B0 0002 00 00 00 00 80 FF FF 00 FF 30.00 30.00 32.00 2944 220.75 0.10 3.50 12.00 0.03 0.09 3.600 0.200 20170929104053
