Address 02 30 01 40 42 44 46 48 10 11 12 20 21 22 Time
B0 0000 0000 0316 0000 0600 0600 0640 0600 221.00 0.000 6.000 0.000 0.000 0.000 20170415111631
B0 0000 0000 0316 0000 0600 0600 0640 0600 221.00 0.000 6.000 0.000 0.000 0.000 20170415111631
B0 0000 0000 0316 0000 0600 0600 0640 0600 220.00 0.000 6.000 0.000 0.000 0.000 20170415111631
B0 0000 0000 0316 0000 0600 0600 0640 0600 220.00 0.000 6.000 0.000 0.000 0.000 20170415111631
B0 0000 0000 0316 0000 0600 0600 0640 0600 221.00 0.000 6.000 0.000 0.000 0.000 20170415111632
B0 0000 0000 0316 0000 0600 0600 0640 0600 221.00 0.000 6.000 0.000 0.000 0.000 20170415111632
B0 0000 0000 0316 0000 0600 0600 0640 0600 221.00 0.000 6.000 0.000 0.000 0.000 20170415111632
B0 0000 0000 0316 0000 0600 0600 0640 0600 221.00 0.000 6.000 0.000 0.000 0.000 20170415111632
B0 0000 0000 0316 0000 0600 0600 0640 0600 220.00 0.000 6.000 0.000 0.000 0.000 20170415111632
B0 0000 0000 0316 0000 0600 0600 0640 0600 220.00 0.000 6.000 0.000 0.000 0.000 20170415111632
B0 0000 0000 0316 0000 0600 0640 0640 0600 221.00 0.000 6.000 0.000 0.000 0.000 20170415111632
B0 0000 0000 0316 0000 0600 0600 0640 0600 221.00 0.000 6.000 0.000 0.000 0.000 20170415111633
B0 0000 0000 0316 0000 0600 0640 0640 0600 220.00 0.000 6.000 0.000 0.000 0.000 20170415111633
B0 0000 0000 0316 0000 0600 0640 0640 0600 221.00 0.000 6.000 0.000 0.000 0.000 20170415111633
B0 0000 0000 0316 0000 0600 0640 0640 0600 221.00 0.000 6.000 0.000 0.000 0.000 20170415111633
B0 0000 0000 0316 0000 0600 0640 0640 0600 221.00 0.000 6.000 0.000 0.000 0.000 20170415111633
B0 0000 0000 0316 0000 0600 0640 0640 0600 221.00 0.000 6.000 0.000 0.000 0.000 20170415111633
B0 0000 0000 0316 0000 0600 0640 0640 0600 220.00 0.000 6.000 0.000 0.000 0.000 20170415111633
B0 0000 0000 0316 0000 0600 0640 0640 0600 220.00 0.000 6.000 0.000 0.000 0.000 20170415111633
B0 0000 0000 0316 0000 0600 0640 0640 0600 220.00 0.000 6.000 0.000 0.000 0.000 20170415111634
B0 0000 0000 0316 0000 0600 0640 0640 0600 221.00 0.000 6.000 0.000 0.000 0.000 20170415111634
B0 0000 0000 0316 0000 0600 0640 0640 0600 221.00 0.000 6.000 0.000 0.000 0.000 20170415111634
B0 0000 0000 0316 0000 0600 0640 0640 0600 221.00 0.000 6.000 0.000 0.000 0.000 20170415111634
B0 0000 0000 0316 0000 0600 0640 0640 0600 220.00 0.000 6.000 0.000 0.000 0.000 20170415111634
B0 0000 0000 0316 0000 0600 0640 0640 0600 220.00 0.000 6.000 0.000 0.000 0.000 20170415111634
B0 0000 0000 0316 0000 0600 0640 0640 0600 221.00 0.000 6.000 0.000 0.000 0.000 20170415111634
B0 0000 0000 0316 0000 0600 0640 0640 0600 221.00 0.000 6.000 0.000 0.000 0.000 20170415111634
B0 0000 0000 0316 0000 0600 0640 0640 0600 221.00 0.000 6.000 0.000 0.000 0.000 20170415111634
B0 0000 0000 0316 0000 0600 0640 0640 0600 220.00 0.000 6.000 0.000 0.000 0.000 20170415111635
B0 0000 0000 0316 0000 0600 0640 0640 0600 221.00 0.000 6.000 0.000 0.000 0.000 20170415111635
B0 0000 0000 0316 0000 0600 0640 0640 0600 221.00 0.000 6.000 0.000 0.000 0.000 20170415111635
B0 0000 0000 0316 0000 0600 0640 0640 0600 221.00 0.000 6.000 0.000 0.000 0.000 20170415111635
B0 0000 0000 0316 0000 0600 0640 0640 0600 221.00 0.000 6.000 0.000 0.000 0.000 20170415111635
B0 0000 0000 0316 0000 0600 0640 0640 0600 221.00 0.000 6.000 0.000 0.000 0.000 20170415111635
B0 0000 0000 0316 0000 0600 0640 0640 0600 221.00 0.000 6.000 0.000 0.000 0.000 20170415111635
B0 0000 0000 0316 0000 0600 0640 0640 0600 221.00 0.000 6.000 0.000 0.000 0.000 20170415111636
B0 0000 0000 0316 0000 0600 0640 0640 0600 220.00 0.000 6.000 0.000 0.000 0.000 20170415111636
B0 0000 0000 0316 0000 0600 0640 0640 0600 221.00 0.000 6.000 0.000 0.000 0.000 20170415111636
B0 0000 0000 0316 0000 0600 0640 0640 0600 221.00 0.000 6.000 0.000 0.000 0.000 20170415111636
B0 0000 0000 0316 0000 0600 0640 0640 0600 221.00 0.000 6.000 0.000 0.000 0.000 20170415111636
B0 0000 0000 0316 0000 0600 0640 0640 0600 221.00 0.000 6.000 0.000 0.000 0.000 20170415111636
B0 0000 0000 0316 0000 0600 0640 0640 0600 221.00 0.000 6.000 0.000 0.000 0.000 20170415111636
B0 0000 0000 0316 0000 0600 0640 0640 0600 220.00 0.000 6.000 0.000 0.000 0.000 20170415111636
B0 0000 0000 0316 0000 0600 0640 0640 0600 220.00 0.000 6.000 0.000 0.000 0.000 20170415111636
B0 0000 0000 0316 0000 0600 0640 0640 0600 220.00 0.000 6.000 0.000 0.000 0.000 20170415111637
B0 0000 0000 0316 0000 0600 0640 0640 0600 221.00 0.000 6.000 0.000 0.000 0.000 20170415111637
B0 0000 0000 0316 0000 0600 0640 0640 0600 221.00 0.000 6.000 0.000 0.000 0.000 20170415111637
B0 0000 0000 0316 0000 0600 0640 0640 0600 221.00 0.000 6.000 0.000 0.000 0.000 20170415111637
B0 0000 0000 0316 0000 0600 0640 0640 0600 221.00 0.000 6.000 0.000 0.000 0.000 20170415111637
B0 0000 0000 0316 0000 0600 0640 0640 0600 221.00 0.000 6.000 0.000 0.000 0.000 20170415111637
B0 0000 0000 0316 0000 0600 0640 0640 0600 221.00 0.000 6.000 0.000 0.000 0.000 20170415111637
B0 0000 0000 0316 0000 0600 0640 0640 0600 220.00 0.000 6.000 0.000 0.000 0.000 20170415111637
B0 0000 0000 0316 0000 0600 0640 0640 0600 220.00 0.000 6.000 0.000 0.000 0.000 20170415111638
B0 0000 0000 0316 0000 0600 0640 0640 0600 220.00 0.000 6.000 0.000 0.000 0.000 20170415111638
B0 0000 0000 0316 0000 0600 0640 0640 0600 221.00 0.000 6.000 0.000 0.000 0.000 20170415111638
B0 0000 0000 0316 0000 0600 0640 0640 0600 221.00 0.000 6.000 0.000 0.000 0.000 20170415111638
B0 0000 0000 0316 0000 0600 0640 0640 0600 221.00 0.000 6.000 0.000 0.000 0.000 20170415111638
B0 0000 0000 0316 0000 0600 0640 0640 0600 220.00 0.000 6.000 0.000 0.000 0.000 20170415111638
B0 0000 0000 0316 0000 0600 0640 0640 0600 221.00 0.000 6.000 0.000 0.000 0.000 20170415111638
B0 0000 0000 0316 0000 0600 0640 0640 0600 220.00 0.000 6.000 0.000 0.000 0.000 20170415111638
B0 0000 0000 0316 0000 0600 0640 0640 0600 221.00 0.000 6.000 0.000 0.000 0.000 20170415111639
B0 0000 0000 0316 0000 0600 0640 0640 0600 220.00 0.000 6.000 0.000 0.000 0.000 20170415111639
B0 0000 0000 0316 0000 0600 0640 0640 0600 220.00 0.000 6.000 0.000 0.000 0.000 20170415111639
B0 0000 0000 0316 0000 0600 0640 0640 0600 221.00 0.000 6.000 0.000 0.000 0.000 20170415111639
B0 0000 0000 0316 0000 0600 0640 0640 0600 221.00 0.000 6.000 0.000 0.000 0.000 20170415111639
B0 0000 0000 0316 0000 0600 0640 0640 0600 221.00 0.000 6.000 0.000 0.000 0.000 20170415111639
B0 0000 0000 0316 0000 0600 0640 0640 0600 221.00 0.000 6.000 0.000 0.000 0.000 20170415111639
B0 0000 0000 0316 0000 0600 0640 0640 0600 221.00 0.000 6.000 0.000 0.000 0.000 20170415111640
B0 0000 0000 0316 0000 0600 0640 0640 0600 221.00 0.000 6.000 0.000 0.000 0.000 20170415111640
B0 0000 0000 0316 0000 0600 0640 0640 0600 221.00 0.000 6.000 0.000 0.000 0.000 20170415111640
B0 0000 0000 0316 0000 0600 0640 0640 0600 221.00 0.000 6.000 0.000 0.000 0.000 20170415111640
B0 0000 0000 0316 0000 0600 0640 0640 0600 221.00 0.000 6.000 0.000 0.000 0.000 20170415111640
B0 0000 0000 0316 0000 0600 0640 0640 0600 221.00 0.000 6.000 0.000 0.000 0.000 20170415111640
B0 0000 0000 0316 0000 0600 0640 0640 0600 221.00 0.000 6.000 0.000 0.000 0.000 20170415111640
B0 0000 0000 0316 0000 0600 0640 0640 0600 221.00 0.000 6.000 0.000 0.000 0.000 20170415111640
B0 0000 0000 0316 0000 0600 0640 0640 0600 221.00 0.000 6.000 0.000 0.000 0.000 20170415111640
B0 0000 0000 0316 0000 0600 0640 0640 0600 221.00 0.000 6.000 0.000 0.000 0.000 20170415111641
B0 0000 0000 0316 0000 0600 0640 0640 0600 221.00 0.000 6.000 0.000 0.000 0.000 20170415111641
B0 0000 0000 0316 0000 0600 0640 0640 0600 221.00 0.000 6.000 0.000 0.000 0.000 20170415111641
B0 0000 0000 0316 0000 0600 0640 0640 0600 221.00 0.000 6.000 0.000 0.000 0.000 20170415111641
B0 0000 0000 0316 0000 0600 0640 0640 0600 221.00 0.000 6.000 0.000 0.000 0.000 20170415111641
B0 0000 0000 0316 0000 0600 0640 0640 0600 221.00 0.000 6.000 0.000 0.000 0.000 20170415111641
B0 0000 0000 0316 0000 0600 0640 0640 0600 220.00 0.000 6.000 0.000 0.000 0.000 20170415111641
B0 0000 0000 0316 0000 0600 0640 0640 0600 221.00 0.000 6.000 0.000 0.000 0.000 20170415111641
B0 0000 0000 0316 0000 0600 0640 0640 0600 221.00 0.000 6.000 0.000 0.000 0.000 20170415111642
B0 0000 0000 0316 0000 0600 0640 0640 0600 221.00 0.000 6.000 0.000 0.000 0.000 20170415111642
B0 0000 0000 0316 0000 0600 0640 0640 0600 221.00 0.000 6.000 0.000 0.000 0.000 20170415111642
B0 0000 0000 0316 0000 0600 0640 0640 0600 220.00 0.000 6.000 0.000 0.000 0.000 20170415111642
B0 0000 0000 0316 0000 0600 0640 0640 0600 220.00 0.000 6.000 0.000 0.000 0.000 20170415111642
B0 0000 0000 0316 0000 0600 0640 0640 0600 221.00 0.000 6.000 0.000 0.000 0.000 20170415111642
B0 0000 0000 0316 0000 0600 0640 0640 0600 221.00 0.000 6.000 0.000 0.000 0.000 20170415111642
B0 0000 0000 0316 0000 0600 0640 0640 0600 221.00 0.000 6.000 0.000 0.000 0.000 20170415111642
B0 0000 0000 0316 0000 0600 0640 0640 0600 221.00 0.000 6.000 0.000 0.000 0.000 20170415111643
B0 0000 0000 0316 0000 0600 0640 0640 0600 221.00 0.000 6.000 0.000 0.000 0.000 20170415111643
B0 0000 0000 0316 0000 0600 0640 0640 0600 221.00 0.000 6.000 0.000 0.000 0.000 20170415111643
B0 0000 0000 0316 0000 0600 0640 0640 0600 221.00 0.000 6.000 0.000 0.000 0.000 20170415111643
B0 0000 0000 0316 0000 0600 0640 0640 0600 221.00 0.000 6.000 0.000 0.000 0.000 20170415111643
B0 0000 0000 0316 0000 0600 0640 0640 0600 221.00 0.000 6.000 0.000 0.000 0.000 20170415111643
B0 0000 0000 0316 0000 0600 0640 0640 0600 221.00 0.000 6.000 0.000 0.000 0.000 20170415111643
B0 0000 0000 0316 0000 0600 0640 0640 0600 221.00 0.000 6.000 0.000 0.000 0.000 20170415111643
B0 0000 0000 0316 0000 0600 0640 0640 0600 221.00 0.000 6.000 0.000 0.000 0.000 20170415111644
B0 0000 0000 0316 0000 0600 0640 0640 0600 221.00 0.000 6.000 0.000 0.000 0.000 20170415111644
B0 0000 0000 0316 0000 0600 0640 0640 0600 221.00 0.000 6.000 0.000 0.000 0.000 20170415111644
B0 0000 0000 0316 0000 0600 0640 0640 0600 221.00 0.000 6.000 0.000 0.000 0.000 20170415111644
B0 0000 0000 0316 0000 0600 0640 0640 0600 221.00 0.000 6.000 0.000 0.000 0.000 20170415111644
B0 0000 0000 0316 0000 0600 0640 0640 0600 221.00 0.000 6.000 0.000 0.000 0.000 20170415111644
B0 0000 0000 0316 0000 0600 0640 0640 0600 221.00 0.000 6.000 0.000 0.000 0.000 20170415111644
B0 0000 0000 0316 0000 0600 0640 0640 0600 221.00 0.000 6.000 0.000 0.000 0.000 20170415111644
B0 0000 0000 0316 0000 0600 0640 0640 0600 221.00 0.000 6.000 0.000 0.000 0.000 20170415111645
B0 0000 0000 0316 0000 0600 0640 0640 0600 221.00 0.000 6.000 0.000 0.000 0.000 20170415111645
B0 0000 0000 0316 0000 0600 0640 0640 0600 221.00 0.000 6.000 0.000 0.000 0.000 20170415111645
B0 0000 0000 0316 0000 0600 0640 0640 0600 221.00 0.000 6.000 0.000 0.000 0.000 20170415111645
B0 0000 0000 0316 0000 0600 0640 0640 0600 221.00 0.000 6.000 0.000 0.000 0.000 20170415111645
B0 0000 0000 0316 0000 0600 0640 0640 0600 221.00 0.000 6.000 0.000 0.000 0.000 20170415111645
B0 0000 0000 0316 0000 0600 0640 0640 0600 221.00 0.000 6.000 0.000 0.000 0.000 20170415111645
B0 0000 0000 0316 0000 0600 0640 0640 0600 221.00 0.000 6.000 0.000 0.000 0.000 20170415111645
B0 0000 0000 0316 0000 0600 0640 0640 0600 221.00 0.000 6.000 0.000 0.000 0.000 20170415111646
B0 0000 0000 0316 0000 0600 0640 0640 0600 220.00 0.000 6.000 0.000 0.000 0.000 20170415111646
B0 0000 0000 0316 0000 0600 0640 0640 0600 220.00 0.000 6.000 0.000 0.000 0.000 20170415111646
B0 0000 0000 0316 0000 0600 0640 0640 0600 220.00 0.000 6.000 0.000 0.000 0.000 20170415111646
B0 0000 0000 0316 0000 0600 0640 0640 0600 221.00 0.000 6.000 0.000 0.000 0.000 20170415111646
B0 0000 0000 0316 0000 0600 0640 0640 0600 221.00 0.000 6.000 0.000 0.000 0.000 20170415111646
B0 0000 0000 0316 0000 0600 0640 0640 0600 221.00 0.000 6.000 0.000 0.000 0.000 20170415111646
B0 0000 0000 0316 0000 0600 0640 0640 0600 221.00 0.000 6.000 0.000 0.000 0.000 20170415111646
B0 0000 0000 0316 0000 0600 0640 0640 0600 221.00 0.000 6.000 0.000 0.000 0.000 20170415111647
B0 0000 0000 0316 0000 0600 0640 0640 0600 221.00 0.000 6.000 0.000 0.000 0.000 20170415111647
B0 0000 0000 0316 0000 0600 0640 0640 0600 221.00 0.000 6.000 0.000 0.000 0.000 20170415111647
B0 0000 0000 0316 0000 0600 0640 0640 0600 221.00 0.000 6.000 0.000 0.000 0.000 20170415111647
B0 0000 0000 0316 0000 0600 0640 0640 0600 221.00 0.000 6.000 0.000 0.000 0.000 20170415111647
B0 0000 0000 0316 0000 0600 0640 0640 0600 221.00 0.000 6.000 0.000 0.000 0.000 20170415111647
B0 0000 0000 0316 0000 0600 0640 0640 0600 221.00 0.000 6.000 0.000 0.000 0.000 20170415111647
B0 0000 0000 0316 0000 0600 0640 0640 0600 221.00 0.000 6.000 0.000 0.000 0.000 20170415111647
B0 0000 0000 0316 0000 0600 0640 0640 0600 221.00 0.000 6.000 0.000 0.000 0.000 20170415111648
B0 0000 0000 0316 0000 0600 0640 0640 0600 221.00 0.000 6.000 0.000 0.000 0.000 20170415111648
B0 0000 0000 0316 0000 0600 0640 0640 0600 221.00 0.000 6.000 0.000 0.000 0.000 20170415111648
B0 0000 0000 0316 0000 0600 0640 0640 0600 221.00 0.000 6.000 0.000 0.000 0.000 20170415111648
B0 0000 0000 0316 0000 0600 0640 0640 0600 221.00 0.000 6.000 0.000 0.000 0.000 20170415111648
B0 0000 0000 0316 0000 0600 0640 0640 0600 221.00 0.000 6.000 0.000 0.000 0.000 20170415111648
B0 0000 0000 0316 0000 0600 0640 0640 0600 221.00 0.000 6.000 0.000 0.000 0.000 20170415111648
B0 0000 0000 0316 0000 0600 0640 0640 0600 221.00 0.000 6.000 0.000 0.000 0.000 20170415111648
B0 0000 0000 0316 0000 0640 0640 0640 0600 221.00 0.000 6.000 0.000 0.000 0.000 20170415111649
B0 0000 0000 0316 0000 0640 0640 0640 0600 221.00 0.000 6.000 0.000 0.000 0.000 20170415111649
B0 0000 0000 0316 0000 0640 0640 0640 0600 221.00 0.000 6.000 0.000 0.000 0.000 20170415111649
B0 0000 0000 0316 0000 0640 0640 0640 0600 221.00 0.000 6.000 0.000 0.000 0.000 20170415111649
B0 0000 0000 0316 0000 0640 0640 0640 0600 221.00 0.000 6.000 0.000 0.000 0.000 20170415111649
B0 0000 0000 0316 0000 0640 0640 0640 0600 221.00 0.000 6.000 0.000 0.000 0.000 20170415111649
B0 0000 0000 0316 0000 0640 0640 0640 0600 221.00 0.000 6.000 0.000 0.000 0.000 20170415111649
B0 0000 0000 0316 0000 0640 0640 0640 0600 220.00 0.000 6.000 0.000 0.000 0.000 20170415111649
B0 0000 0000 0316 0000 0640 0640 0640 0600 221.00 0.000 6.000 0.000 0.000 0.000 20170415111650
B0 0000 0000 0316 0000 0640 0640 0640 0600 221.00 0.000 6.000 0.000 0.000 0.000 20170415111650
B0 0000 0000 0316 0000 0640 0640 0640 0600 221.00 0.000 6.000 0.000 0.000 0.000 20170415111650
B0 0000 0000 0316 0000 0640 0640 0640 0600 221.00 0.000 6.000 0.000 0.000 0.000 20170415111650
B0 0000 0000 0316 0000 0640 0640 0640 0600 220.00 0.000 6.000 0.000 0.000 0.000 20170415111650
B0 0000 0000 0316 0000 0640 0640 0640 0600 220.00 0.000 6.000 0.000 0.000 0.000 20170415111650
B0 0000 0000 0316 0000 0640 0640 0640 0600 221.00 0.000 6.000 0.000 0.000 0.000 20170415111650
B0 0000 0000 0316 0000 0640 0640 0640 0600 221.00 0.000 6.000 0.000 0.000 0.000 20170415111650
B0 0000 0000 0316 0000 0640 0640 0640 0600 221.00 0.000 6.000 0.000 0.000 0.000 20170415111651
B0 0000 0000 0316 0000 0640 0640 0640 0600 221.00 0.000 6.000 0.000 0.000 0.000 20170415111651
B0 0000 0000 0316 0000 0640 0640 0640 0600 221.00 0.000 6.000 0.000 0.000 0.000 20170415111651
B0 0000 0000 0316 0000 0640 0640 0640 0600 221.00 0.000 6.000 0.000 0.000 0.000 20170415111651
B0 0000 0000 0316 0000 0640 0640 0640 0600 221.00 0.000 6.000 0.000 0.000 0.000 20170415111651
B0 0000 0000 0316 0000 0640 0640 0640 0600 221.00 0.000 6.000 0.000 0.000 0.000 20170415111651
B0 0000 0000 0316 0000 0640 0640 0640 0600 221.00 0.000 6.000 0.000 0.000 0.000 20170415111651
B0 0000 0000 0316 0000 0640 0640 0640 0600 221.00 0.000 6.000 0.000 0.000 0.000 20170415111651
B0 0000 0000 0316 0000 0640 0640 0640 0600 221.00 0.000 6.000 0.000 0.000 0.000 20170415111652
B0 0000 0000 0316 0000 0640 0640 0640 0600 221.00 0.000 6.000 0.000 0.000 0.000 20170415111652
B0 0000 0000 0316 0000 0640 0640 0640 0600 221.00 0.000 6.000 0.000 0.000 0.000 20170415111652
B0 0000 0000 0316 0000 0640 0640 0640 0600 221.00 0.000 6.000 0.000 0.000 0.000 20170415111652
B0 0000 0000 0316 0000 0640 0640 0640 0600 221.00 0.000 6.000 0.000 0.000 0.000 20170415111652
B0 0000 0000 0316 0000 0640 0640 0640 0600 221.00 0.000 6.000 0.000 0.000 0.000 20170415111652
B0 0000 0000 0316 0000 0640 0640 0640 0600 221.00 0.000 6.000 0.000 0.000 0.000 20170415111652
B0 0000 0000 0316 0000 0640 0640 0640 0600 221.00 0.000 6.000 0.000 0.000 0.000 20170415111652
B0 0000 0000 0316 0000 0640 0640 0640 0600 220.00 0.000 6.000 0.000 0.000 0.000 20170415111653
B0 0000 0000 0316 0000 0640 0640 0640 0600 220.00 0.000 6.000 0.000 0.000 0.000 20170415111653
B0 0000 0000 0316 0000 0640 0640 0640 0600 221.00 0.000 6.000 0.000 0.000 0.000 20170415111653
B0 0000 0000 0316 0000 0640 0640 0640 0600 220.00 0.000 6.000 0.000 0.000 0.000 20170415111653
B0 0000 0000 0316 0000 0640 0640 0640 0600 221.00 0.000 6.000 0.000 0.000 0.000 20170415111653
B0 0000 0000 0316 0000 0640 0640 0640 0600 220.00 0.000 6.000 0.000 0.000 0.000 20170415111653
B0 0000 0000 0316 0000 0640 0640 0640 0600 221.00 0.000 6.000 0.000 0.000 0.000 20170415111653
B0 0000 0000 0316 0000 0640 0640 0640 0600 220.00 0.000 6.000 0.000 0.000 0.000 20170415111653
B0 0000 0000 0316 0000 0640 0640 0640 0600 220.00 0.000 6.000 0.000 0.000 0.000 20170415111654
B0 0000 0000 0316 0000 0640 0640 0640 0600 220.00 0.000 6.000 0.000 0.000 0.000 20170415111654
B0 0000 0000 0316 0000 0640 0640 0640 0600 220.00 0.000 6.000 0.000 0.000 0.000 20170415111654
B0 0000 0000 0316 0000 0640 0640 0640 0600 220.00 0.000 6.000 0.000 0.000 0.000 20170415111654
B0 0000 0000 0316 0000 0640 0640 0640 0600 220.00 0.000 6.000 0.000 0.000 0.000 20170415111654
B0 0000 0000 0316 0000 0640 0640 0640 0600 220.00 0.000 6.000 0.000 0.000 0.000 20170415111654
B0 0000 0000 0316 0000 0640 0640 0640 0600 220.00 0.000 6.000 0.000 0.000 0.000 20170415111654
B0 0000 0000 0316 0000 0640 0640 0640 0600 220.00 0.000 6.000 0.000 0.000 0.000 20170415111654
B0 0000 0000 0316 0000 0640 0640 0640 0600 220.00 0.000 6.000 0.000 0.000 0.000 20170415111654
B0 000B 0000 0014 0000 0640 0640 0640 0600 220.00 0.000 6.000 0.000 0.000 0.000 20170415111655
B0 000B 0000 0014 0000 0640 0640 0640 0600 224.00 0.000 6.000 0.000 0.000 0.000 20170415111655
B0 000B 0000 0010 0000 0640 0640 0640 0600 301.00 0.000 6.000 0.000 0.000 0.000 20170415111655
B0 000B 0000 0010 0000 0640 0640 0640 0640 0.00 0.000 0.000 0.000 0.000 0.000 20170415111655
B0 000B 0000 0010 0000 0640 0640 0640 0640 0.00 0.000 6.000 0.000 0.000 0.000 20170415111655
B0 000B 0000 0010 0000 0640 0640 0640 0640 0.00 0.000 0.000 0.000 0.000 0.000 20170415111655
B0 000B 0000 0010 0000 0640 0640 0640 0640 0.00 0.000 0.000 0.000 0.000 0.000 20170415111655
B0 000B 0000 0010 0000 0640 0640 0640 0640 0.00 0.000 0.000 0.000 0.000 0.000 20170415111655
B0 000B 0000 0010 0000 0640 0640 0640 0640 188.00 0.000 6.000 0.000 0.000 0.000 20170415111656
B0 000B 0000 0010 0000 0640 0640 0640 0640 221.00 0.000 6.000 0.000 0.000 0.000 20170415111656
B0 000B 0000 0010 0000 0640 0640 0640 0640 233.00 0.000 6.000 0.000 0.000 0.000 20170415111656
B0 000B 0000 0010 0000 0640 0640 0640 0640 0.00 0.000 0.000 0.000 0.000 0.000 20170415111656
B0 000B 0000 0010 0000 0640 0640 0640 0640 0.00 0.000 0.000 0.000 0.000 0.000 20170415111656
B0 000B 0000 0010 0000 0640 0640 0640 0640 0.00 0.000 0.000 0.000 0.000 0.000 20170415111656
B0 000B 0000 0010 0000 0640 0640 0640 0640 0.00 0.000 0.000 0.000 0.000 0.000 20170415111656
B0 000B 0000 0010 0000 0640 0640 0640 0640 0.00 0.000 0.000 0.000 0.000 0.000 20170415111656
B0 000B 0000 0010 0000 0640 0640 0640 0640 0.00 0.000 0.000 0.000 0.000 0.000 20170415111657
B0 000B 0000 0010 0000 0640 0640 0640 0640 0.00 0.000 0.000 0.000 0.000 0.000 20170415111657
B0 000B 0000 0010 0000 0640 0640 0640 0640 0.00 0.000 0.000 0.000 0.000 0.000 20170415111657
B0 000B 0000 0010 0000 0640 0640 0640 0640 0.00 0.000 0.000 0.000 0.000 0.000 20170415111657
B0 000B 0000 0010 0000 0640 0640 0640 0640 0.00 0.000 0.000 0.000 0.000 0.000 20170415111657
B0 000B 0000 0010 0000 0640 0640 0640 0640 0.00 0.000 0.000 0.000 0.000 0.000 20170415111657
B0 000B 0000 0010 0000 0640 0640 0640 0640 0.00 0.000 0.000 0.000 0.000 0.000 20170415111657
B0 000B 0000 0010 0000 0640 0640 0640 0640 0.00 0.000 0.000 0.000 0.000 0.000 20170415111657
B0 000B 0000 0010 0000 0640 0640 0640 0640 0.00 0.000 0.000 0.000 0.000 0.000 20170415111658
B0 000B 0000 0010 0000 0640 0640 0640 0640 0.00 0.000 0.000 0.000 0.000 0.000 20170415111658
B0 000B 0000 0010 0000 0640 0640 0640 0640 0.00 0.000 0.000 0.000 0.000 0.000 20170415111658
B0 000B 0000 0010 0000 0640 0640 0640 0640 0.00 0.000 0.000 0.000 0.000 0.000 20170415111658
B0 000B 0000 0010 0000 0640 0640 0640 0640 0.00 0.000 0.000 0.000 0.000 0.000 20170415111658
B0 000B 0000 0010 0000 0640 0640 0640 0640 0.00 0.000 0.000 0.000 0.000 0.000 20170415111658
B0 000B 0000 0010 0000 0640 0640 0640 0640 0.00 0.000 0.000 0.000 0.000 0.000 20170415111658
B0 000B 0000 0010 0000 0640 0640 0640 0640 0.00 0.000 0.000 0.000 0.000 0.000 20170415111658
B0 000B 0000 0010 0000 0640 0640 0640 0640 0.00 0.000 0.000 0.000 0.000 0.000 20170415111659
B0 000B 0000 0010 0000 0640 0640 0640 0640 0.00 0.000 0.000 0.000 0.000 0.000 20170415111659
B0 000B 0000 0010 0000 0640 0640 0640 0640 0.00 0.000 0.000 0.000 0.000 0.000 20170415111659
B0 000B 0000 0010 0000 0640 0640 0640 0640 0.00 0.000 0.000 0.000 0.000 0.000 20170415111659
B0 000B 0000 0010 0000 0640 0640 0640 0640 0.00 0.000 0.000 0.000 0.000 0.000 20170415111659
B0 000B 0000 0010 0000 0640 0640 0640 0640 0.00 0.000 0.000 0.000 0.000 0.000 20170415111659
B0 000B 0000 0010 0000 0640 0640 0640 0640 0.00 0.000 0.000 0.000 0.000 0.000 20170415111659
B0 000B 0000 0010 0000 0640 0640 0640 0640 0.00 0.000 0.000 0.000 0.000 0.000 20170415111659
B0 000B 0000 0010 0000 0640 0640 0640 0640 0.00 0.000 0.000 0.000 0.000 0.000 20170415111700
B0 000B 0000 0010 0000 0640 0640 0640 0640 0.00 0.000 0.000 0.000 0.000 0.000 20170415111700
B0 000B 0000 0010 0000 0640 0640 0640 0640 0.00 0.000 0.000 0.000 0.000 0.000 20170415111700
B0 000B 0000 0010 0000 0640 0640 0640 0640 0.00 0.000 0.000 0.000 0.000 0.000 20170415111700
B0 000B 0000 0010 0000 0640 0640 0640 0640 0.00 0.000 0.000 0.000 0.000 0.000 20170415111700
B0 000B 0000 0010 0000 0640 0640 0640 0640 0.00 0.000 0.000 0.000 0.000 0.000 20170415111700
B0 000B 0000 0010 0000 0640 0640 0640 0640 0.00 0.000 0.000 0.000 0.000 0.000 20170415111700
B0 000B 0000 0010 0000 0640 0640 0640 0640 0.00 0.000 0.000 0.000 0.000 0.000 20170415111700
B0 000B 0000 0010 0000 0640 0640 0640 0640 0.00 0.000 0.000 0.000 0.000 0.000 20170415111701
B0 000B 0000 0010 0000 0640 0640 0640 0640 0.00 0.000 0.000 0.000 0.000 0.000 20170415111701
B0 000B 0000 0010 0000 0640 0640 0640 0640 0.00 0.000 0.000 0.000 0.000 0.000 20170415111701
B0 000B 0000 0010 0000 0640 0640 0640 0640 0.00 0.000 0.000 0.000 0.000 0.000 20170415111701
B0 000B 0000 0010 0000 0640 0640 0640 0640 0.00 0.000 0.000 0.000 0.000 0.000 20170415111701
B0 000B 0000 0010 0000 0640 0640 0640 0640 0.00 0.000 0.000 0.000 0.000 0.000 20170415111701
B0 000B 0000 0010 0000 0640 0640 0640 0640 0.00 0.000 0.000 0.000 0.000 0.000 20170415111701
B0 000B 0000 0010 0000 0640 0640 0640 0640 0.00 0.000 0.000 0.000 0.000 0.000 20170415111701
B0 000B 0000 0010 0000 0640 0640 0640 0640 0.00 0.000 0.000 0.000 0.000 0.000 20170415111701
B0 000B 0000 0010 0000 0640 0640 0640 0640 0.00 0.000 0.000 0.000 0.000 0.000 20170415111702
B0 000B 0000 0010 0000 0640 0640 0640 0640 0.00 0.000 0.000 0.000 0.000 0.000 20170415111702
B0 000B 0000 0010 0000 0640 0640 0640 0640 0.00 0.000 0.000 0.000 0.000 0.000 20170415111702
B0 000B 0000 0010 0000 0640 0640 0640 0640 0.00 0.000 0.000 0.000 0.000 0.000 20170415111702
B0 000B 0000 0010 0000 0640 0640 0640 0640 0.00 0.000 0.000 0.000 0.000 0.000 20170415111702
B0 000B 0000 0010 0000 0640 0640 0640 0640 0.00 0.000 0.000 0.000 0.000 0.000 20170415111702
B0 000B 0000 0010 0000 0640 0640 0640 0640 0.00 0.000 0.000 0.000 0.000 0.000 20170415111702
B0 000B 0000 0010 0000 0640 0640 0640 0640 0.00 0.000 0.000 0.000 0.000 0.000 20170415111702
B0 000B 0000 0010 0000 0640 0640 0640 0640 0.00 0.000 0.000 0.000 0.000 0.000 20170415111703
B0 000B 0000 0010 0000 0640 0640 0640 0640 0.00 0.000 0.000 0.000 0.000 0.000 20170415111703
B0 000B 0000 0010 0000 0640 0640 0640 0640 0.00 0.000 0.000 0.000 0.000 0.000 20170415111703
B0 000B 0000 0010 0000 0640 0640 0640 0640 0.00 0.000 0.000 0.000 0.000 0.000 20170415111703
B0 000B 0000 0010 0000 0640 0640 0640 0640 0.00 0.000 0.000 0.000 0.000 0.000 20170415111703
B0 000B 0000 0010 0000 0640 0640 0640 0640 0.00 0.000 0.000 0.000 0.000 0.000 20170415111703
B0 000B 0000 0010 0000 0640 0640 0640 0640 0.00 0.000 0.000 0.000 0.000 0.000 20170415111703
B0 000B 0000 0010 0000 0640 0640 0640 0640 0.00 0.000 0.000 0.000 0.000 0.000 20170415111703
B0 000B 0000 0010 0000 0640 0640 0640 0640 0.00 0.000 0.000 0.000 0.000 0.000 20170415111704
B0 000B 0000 0010 0000 0640 0640 0640 0640 0.00 0.000 0.000 0.000 0.000 0.000 20170415111704
B0 000B 0000 0010 0000 0640 0640 0640 0640 0.00 0.000 0.000 0.000 0.000 0.000 20170415111704
B0 000B 0000 0010 0000 0640 0640 0640 0640 0.00 0.000 0.000 0.000 0.000 0.000 20170415111704
B0 000B 0000 0010 0000 0640 0640 0640 0640 0.00 0.000 0.000 0.000 0.000 0.000 20170415111704
B0 000B 0000 0010 0000 0640 0640 0640 0640 0.00 0.000 0.000 0.000 0.000 0.000 20170415111704
B0 000B 0000 0010 0000 0640 0640 0640 0640 0.00 0.000 0.000 0.000 0.000 0.000 20170415111704
B0 000B 0000 0010 0000 0640 0640 0640 0640 0.00 0.000 0.000 0.000 0.000 0.000 20170415111704
B0 000B 0000 0010 0000 0640 0640 0640 0640 0.00 0.000 0.000 0.000 0.000 0.000 20170415111705
B0 000B 0000 0010 0000 0640 0640 0640 0640 0.00 0.000 0.000 0.000 0.000 0.000 20170415111705
B0 000B 0000 0010 0000 0640 0640 0640 0640 0.00 0.000 0.000 0.000 0.000 0.000 20170415111705
B0 000B 0000 0010 0000 0640 0640 0640 0640 0.00 0.000 0.000 0.000 0.000 0.000 20170415111705
