02 30 01 40 42 44 46 48 10 11 12 20 21 22 Time
BE 0000 0000 0000 0000 0000 0000 0000 0000 0.00 0.000 0.000 0.000 0.000 0.000 20171026103704
BE 0000 0000 0000 0000 0000 0000 0000 0000 0.00 0.000 0.000 0.000 0.000 0.000 20171026103704
BE 0000 0000 0000 0000 0000 0000 0000 0000 0.00 0.000 0.000 0.000 0.000 0.000 20171026103704
BE 0000 0000 0000 0000 0000 0000 0000 0000 0.00 0.000 0.000 0.000 0.000 0.000 20171026103704
BE 0000 0000 0000 0000 0000 0000 0000 0000 0.00 0.000 0.000 0.000 0.000 0.000 20171026103704
BE 0000 0000 0000 0000 0000 0000 0000 0000 0.00 0.000 0.000 0.000 0.000 0.000 20171026103704
BE 0000 0000 0000 0000 0000 0000 0000 0000 0.00 0.000 0.000 0.000 0.000 0.000 20171026103705
BE 0000 0000 0000 0000 0000 0000 0000 0000 0.00 0.000 0.000 0.000 0.000 0.000 20171026103705
BE 0000 0000 0000 0000 0000 0000 0000 0000 0.00 0.000 0.000 0.000 0.000 0.000 20171026103705
BE 0000 0000 0000 0000 0000 0000 0000 0000 0.00 0.000 0.000 0.000 0.000 0.000 20171026103705
BE 0000 0000 0000 0000 0000 0000 0000 0000 0.00 0.000 0.000 0.000 0.000 0.000 20171026103705
BE 0000 0000 0000 0000 0000 0000 0000 0000 0.00 0.000 0.000 0.000 0.000 0.000 20171026103705
BE 0000 0000 0000 0000 0000 0000 0000 0000 0.00 0.000 0.000 0.000 0.000 0.000 20171026103705
BE 0000 0000 0000 0000 0000 0000 0000 0000 0.00 0.000 0.000 0.000 0.000 0.000 20171026103705
BE 0000 0000 0000 0000 0000 0000 0000 0000 0.00 0.000 0.000 0.000 0.000 0.000 20171026103705
BE 0000 0000 0000 0000 0000 0000 0000 0000 0.00 0.000 0.000 0.000 0.000 0.000 20171026103706
BE 0000 0000 0000 0000 0000 0000 0000 0000 0.00 0.000 0.000 0.000 0.000 0.000 20171026103706
BE 0000 0000 0000 0000 0000 0000 0000 0000 0.00 0.000 0.000 0.000 0.000 0.000 20171026103706
BE 0000 0000 0000 0000 0000 0000 0000 0000 0.00 0.000 0.000 0.000 0.000 0.000 20171026103706
BE 0000 0000 0000 0000 0000 0000 0000 0000 0.00 0.000 0.000 0.000 0.000 0.000 20171026103706
BE 0000 0000 0000 0000 0000 0000 0000 0000 0.00 0.000 0.000 0.000 0.000 0.000 20171026103706
BE 0000 0000 0000 0000 0000 0000 0000 0000 0.00 0.000 0.000 0.000 0.000 0.000 20171026103706
BE 0000 0000 0000 0000 0000 0000 0000 0000 0.00 0.000 0.000 0.000 0.000 0.000 20171026103706
BE 0000 0000 0000 0000 0000 0000 0000 0000 0.00 0.000 0.000 0.000 0.000 0.000 20171026103706
BE 0000 0000 0000 0000 0000 0000 0000 0000 0.00 0.000 0.000 0.000 0.000 0.000 20171026103707
BE 0000 0000 0000 0000 0000 0000 0000 0000 0.00 0.000 0.000 0.000 0.000 0.000 20171026103707
BE 0000 0000 0000 0000 0000 0000 0000 0000 0.00 0.000 0.000 0.000 0.000 0.000 20171026103707
BE 0000 0000 0000 0000 0000 0000 0000 0000 0.00 0.000 0.000 0.000 0.000 0.000 20171026103707
BE 0000 0000 0000 0000 0000 0000 0000 0000 0.00 0.000 0.000 0.000 0.000 0.000 20171026103707
BE 0000 0000 0000 0000 0000 0000 0000 0000 0.00 0.000 0.000 0.000 0.000 0.000 20171026103707
BE 0000 0000 0000 0000 0000 0000 0000 0000 0.00 0.000 0.000 0.000 0.000 0.000 20171026103707
BE 0000 0000 0000 0000 0000 0000 0000 0000 0.00 0.000 0.000 0.000 0.000 0.000 20171026103707
BE 0000 0000 0000 0000 0000 0000 0000 0000 0.00 0.000 0.000 0.000 0.000 0.000 20171026103707
BE 0000 0000 0000 0000 0000 0000 0000 0000 0.00 0.000 0.000 0.000 0.000 0.000 20171026103708
BE 0000 0000 0000 0000 0000 0000 0000 0000 0.00 0.000 0.000 0.000 0.000 0.000 20171026103708
BE 0000 0000 0000 0000 0000 0000 0000 0000 0.00 0.000 0.000 0.000 0.000 0.000 20171026103708
BE 0000 0000 0000 0000 0000 0000 0000 0000 0.00 0.000 0.000 0.000 0.000 0.000 20171026103708
BE 0000 0000 0000 0000 0000 0000 0000 0000 0.00 0.000 0.000 0.000 0.000 0.000 20171026103708
BE 0000 0000 0000 0000 0000 0000 0000 0000 0.00 0.000 0.000 0.000 0.000 0.000 20171026103708
BE 0000 0000 0000 0000 0000 0000 0000 0000 0.00 0.000 0.000 0.000 0.000 0.000 20171026103708
BE 0000 0000 0000 0000 0000 0000 0000 0000 0.00 0.000 0.000 0.000 0.000 0.000 20171026103708
BE 0000 0000 0000 0000 0000 0000 0000 0000 0.00 0.000 0.000 0.000 0.000 0.000 20171026103708
BE 0000 0000 0000 0000 0000 0000 0000 0000 0.00 0.000 0.000 0.000 0.000 0.000 20171026103708
BE 0000 0000 0000 0000 0000 0000 0000 0000 0.00 0.000 0.000 0.000 0.000 0.000 20171026103709
BE 0000 0000 0000 0000 0000 0000 0000 0000 0.00 0.000 0.000 0.000 0.000 0.000 20171026103709
BE 0000 0000 0000 0000 0000 0000 0000 0000 0.00 0.000 0.000 0.000 0.000 0.000 20171026103709
BE 0000 0000 0000 0000 0000 0000 0000 0000 0.00 0.000 0.000 0.000 0.000 0.000 20171026103709
BE 0000 0000 0000 0000 0000 0000 0000 0000 0.00 0.000 0.000 0.000 0.000 0.000 20171026103709
BE 0000 0000 0000 0000 0000 0000 0000 0000 0.00 0.000 0.000 0.000 0.000 0.000 20171026103709
BE 0000 0000 0000 0000 0000 0000 0000 0000 0.00 0.000 0.000 0.000 0.000 0.000 20171026103709
BE 0000 0000 0000 0000 0000 0000 0000 0000 0.00 0.000 0.000 0.000 0.000 0.000 20171026103709
BE 0000 0000 0000 0000 0000 0000 0000 0000 0.00 0.000 0.000 0.000 0.000 0.000 20171026103709
BE 0000 0000 0000 0000 0000 0000 0000 0000 0.00 0.000 0.000 0.000 0.000 0.000 20171026103710
BE 0000 0000 0000 0000 0000 0000 0000 0000 0.00 0.000 0.000 0.000 0.000 0.000 20171026103710
BE 0000 0000 0000 0000 0000 0000 0000 0000 0.00 0.000 0.000 0.000 0.000 0.000 20171026103710
BE 0000 0000 0000 0000 0000 0000 0000 0000 0.00 0.000 0.000 0.000 0.000 0.000 20171026103710
BE 0000 0000 0000 0000 0000 0000 0000 0000 0.00 0.000 0.000 0.000 0.000 0.000 20171026103710
BE 0000 0000 0000 0000 0000 0000 0000 0000 0.00 0.000 0.000 0.000 0.000 0.000 20171026103710
BE 0000 0000 0000 0000 0000 0000 0000 0000 0.00 0.000 0.000 0.000 0.000 0.000 20171026103710
BE 0000 0000 0000 0000 0000 0000 0000 0000 0.00 0.000 0.000 0.000 0.000 0.000 20171026103710
BE 0000 0000 0000 0000 0000 0000 0000 0000 0.00 0.000 0.000 0.000 0.000 0.000 20171026103710
BE 0000 0000 0000 0000 0000 0000 0000 0000 0.00 0.000 0.000 0.000 0.000 0.000 20171026103711
BE 0000 0000 0000 0000 0000 0000 0000 0000 0.00 0.000 0.000 0.000 0.000 0.000 20171026103711
BE 0000 0000 0000 0000 0000 0000 0000 0000 0.00 0.000 0.000 0.000 0.000 0.000 20171026103711
BE 0000 0000 0000 0000 0000 0000 0000 0000 0.00 0.000 0.000 0.000 0.000 0.000 20171026103711
BE 0000 0000 0000 0000 0000 0000 0000 0000 0.00 0.000 0.000 0.000 0.000 0.000 20171026103711
BE 0000 0000 0000 0000 0000 0000 0000 0000 0.00 0.000 0.000 0.000 0.000 0.000 20171026103711
BE 0000 0000 0000 0000 0000 0000 0000 0000 0.00 0.000 0.000 0.000 0.000 0.000 20171026103711
BE 0000 0000 0000 0000 0000 0000 0000 0000 0.00 0.000 0.000 0.000 0.000 0.000 20171026103711
BE 0000 0000 0000 0000 0000 0000 0000 0000 0.00 0.000 0.000 0.000 0.000 0.000 20171026103712
BE 0000 0000 0000 0000 0000 0000 0000 0000 0.00 0.000 0.000 0.000 0.000 0.000 20171026103712
BE 0000 0000 0000 0000 0000 0000 0000 0000 0.00 0.000 0.000 0.000 0.000 0.000 20171026103712
BE 0000 0000 0000 0000 0000 0000 0000 0000 0.00 0.000 0.000 0.000 0.000 0.000 20171026103712
BE 0000 0000 0000 0000 0000 0000 0000 0000 0.00 0.000 0.000 0.000 0.000 0.000 20171026103712
BE 0000 0000 0000 0000 0000 0000 0000 0000 0.00 0.000 0.000 0.000 0.000 0.000 20171026103712
BE 0000 0000 0000 0000 0000 0000 0000 0000 0.00 0.000 0.000 0.000 0.000 0.000 20171026103712
BE 0000 0000 0000 0000 0000 0000 0000 0000 0.00 0.000 0.000 0.000 0.000 0.000 20171026103712
BE 0000 0000 0000 0000 0000 0000 0000 0000 0.00 0.000 0.000 0.000 0.000 0.000 20171026103712
BE 0000 0000 0000 0000 0000 0000 0000 0000 0.00 0.000 0.000 0.000 0.000 0.000 20171026103713
BE 0000 0000 0000 0000 0000 0000 0000 0000 0.00 0.000 0.000 0.000 0.000 0.000 20171026103713
BE 0000 0000 0000 0000 0000 0000 0000 0000 0.00 0.000 0.000 0.000 0.000 0.000 20171026103713
BE 0000 0000 0000 0000 0000 0000 0000 0000 0.00 0.000 0.000 0.000 0.000 0.000 20171026103713
BE 0000 0000 0000 0000 0000 0000 0000 0000 0.00 0.000 0.000 0.000 0.000 0.000 20171026103713
BE 0000 0000 0000 0000 0000 0000 0000 0000 0.00 0.000 0.000 0.000 0.000 0.000 20171026103713
BE 0000 0000 0000 0000 0000 0000 0000 0000 0.00 0.000 0.000 0.000 0.000 0.000 20171026103713
BE 0000 0000 0000 0000 0000 0000 0000 0000 0.00 0.000 0.000 0.000 0.000 0.000 20171026103713
BE 0000 0000 0000 0000 0000 0000 0000 0000 0.00 0.000 0.000 0.000 0.000 0.000 20171026103713
BE 0000 0000 0000 0000 0000 0000 0000 0000 0.00 0.000 0.000 0.000 0.000 0.000 20171026103714
BE 0000 0000 0000 0000 0000 0000 0000 0000 0.00 0.000 0.000 0.000 0.000 0.000 20171026103714
BE 0000 0000 0000 0000 0000 0000 0000 0000 0.00 0.000 0.000 0.000 0.000 0.000 20171026103714
BE 0000 0000 0000 0000 0000 0000 0000 0000 0.00 0.000 0.000 0.000 0.000 0.000 20171026103714
BE 0000 0000 0000 0000 0000 0000 0000 0000 0.00 0.000 0.000 0.000 0.000 0.000 20171026103714
BE 0000 0000 0000 0000 0000 0000 0000 0000 0.00 0.000 0.000 0.000 0.000 0.000 20171026103714
BE 0000 0000 0000 0000 0000 0000 0000 0000 0.00 0.000 0.000 0.000 0.000 0.000 20171026103714
BE 0000 0000 0000 0000 0000 0000 0000 0000 0.00 0.000 0.000 0.000 0.000 0.000 20171026103714
BE 0000 0000 0000 0000 0000 0000 0000 0000 0.00 0.000 0.000 0.000 0.000 0.000 20171026103714
BE 0000 0000 0000 0000 0000 0000 0000 0000 0.00 0.000 0.000 0.000 0.000 0.000 20171026103715
BE 0000 0000 0000 0000 0000 0000 0000 0000 0.00 0.000 0.000 0.000 0.000 0.000 20171026103715
BE 0000 0000 0000 0000 0000 0000 0000 0000 0.00 0.000 0.000 0.000 0.000 0.000 20171026103715
BE 0000 0000 0000 0000 0000 0000 0000 0000 0.00 0.000 0.000 0.000 0.000 0.000 20171026103715
BE 0000 0000 0000 0000 0000 0000 0000 0000 0.00 0.000 0.000 0.000 0.000 0.000 20171026103715
