Address 02 30 01 40 42 44 46 48 10 11 12 20 21 22 Time
B0 0000 0000 0306 0000 0640 0640 0680 0640 224.00 0.000 6.000 0.000 0.000 0.000 20170414112948
B0 0000 0000 0306 0000 0640 0640 0680 0640 224.00 0.000 6.000 0.000 0.000 0.000 20170414112948
B0 0000 0000 0306 0000 0640 0640 0680 0640 224.00 0.000 6.000 0.000 0.000 0.000 20170414112949
B0 0000 0000 0306 0000 0640 0640 0680 0640 224.00 0.000 6.000 0.000 0.000 0.000 20170414112949
B0 0000 0000 0306 0000 0640 0640 0680 0640 224.00 0.000 6.000 0.000 0.000 0.000 20170414112949
B0 0000 0000 0306 0000 0640 0640 0680 0640 224.00 0.000 6.000 0.000 0.000 0.000 20170414112949
B0 0000 0000 0306 0000 0640 0640 0680 0640 224.00 0.000 6.000 0.000 0.000 0.000 20170414112949
B0 0000 0000 0306 0000 0640 0640 0680 0640 224.00 0.000 6.000 0.000 0.000 0.000 20170414112949
B0 0000 0000 0306 0000 0640 0640 0680 0640 224.00 0.000 6.000 0.000 0.000 0.000 20170414112949
B0 0000 0000 0306 0000 0640 0640 0680 0640 224.00 0.000 6.000 0.000 0.000 0.000 20170414112949
B0 0000 0000 0306 0000 0640 0640 0680 0640 224.00 0.000 6.000 0.000 0.000 0.000 20170414112949
B0 0000 0000 0306 0000 0640 0640 0680 0640 224.00 0.000 6.000 0.000 0.000 0.000 20170414112950
B0 0000 0000 0306 0000 0640 0640 0680 0640 223.00 0.000 6.000 0.000 0.000 0.000 20170414112950
B0 0000 0000 0306 0000 0640 0640 0680 0640 224.00 0.000 6.000 0.000 0.000 0.000 20170414112950
B0 0000 0000 0306 0000 0640 0640 0680 0640 223.00 0.000 6.000 0.000 0.000 0.000 20170414112950
B0 0000 0000 0306 0000 0640 0640 0680 0640 224.00 0.000 6.000 0.000 0.000 0.000 20170414112950
B0 0000 0000 0306 0000 0640 0640 0680 0640 224.00 0.000 6.000 0.000 0.000 0.000 20170414112950
B0 0000 0000 0306 0000 0640 0640 0680 0640 224.00 0.000 6.000 0.000 0.000 0.000 20170414112950
B0 0000 0000 0306 0000 0640 0640 0680 0640 224.00 0.000 6.000 0.000 0.000 0.000 20170414112950
B0 0000 0000 0306 0000 0640 0640 0680 0640 224.00 0.000 6.000 0.000 0.000 0.000 20170414112951
B0 0000 0000 0306 0000 0640 0640 0680 0640 224.00 0.000 6.000 0.000 0.000 0.000 20170414112951
B0 0000 0000 0306 0000 0640 0640 0680 0640 224.00 0.000 6.000 0.000 0.000 0.000 20170414112951
B0 0000 0000 0306 0000 0640 0640 0680 0640 223.00 0.000 6.000 0.000 0.000 0.000 20170414112951
B0 0000 0000 0306 0000 0640 0640 0680 0640 223.00 0.000 6.000 0.000 0.000 0.000 20170414112951
B0 0000 0000 0306 0000 0640 0640 0680 0640 223.00 0.000 6.000 0.000 0.000 0.000 20170414112951
B0 0000 0000 0306 0000 0640 0640 0680 0640 224.00 0.000 6.000 0.000 0.000 0.000 20170414112951
B0 0000 0000 0306 0000 0640 0640 0680 0640 224.00 0.000 6.000 0.000 0.000 0.000 20170414112951
B0 0000 0000 0306 0000 0640 0640 0680 0640 224.00 0.000 6.000 0.000 0.000 0.000 20170414112951
B0 0000 0000 0306 0000 0640 0640 0680 0640 223.00 0.000 6.000 0.000 0.000 0.000 20170414112952
B0 0000 0000 0306 0000 0640 0640 0680 0640 224.00 0.000 6.000 0.000 0.000 0.000 20170414112952
B0 0000 0000 0306 0000 0640 0640 0680 0640 224.00 0.000 6.000 0.000 0.000 0.000 20170414112952
B0 0000 0000 0306 0000 0640 0640 0680 0640 224.00 0.000 6.000 0.000 0.000 0.000 20170414112952
B0 0000 0000 0306 0000 0640 0640 0680 0640 224.00 0.000 6.000 0.000 0.000 0.000 20170414112952
B0 0000 0000 0306 0000 0640 0640 0680 0640 224.00 0.000 6.000 0.000 0.000 0.000 20170414112952
B0 0000 0000 0306 0000 0640 0640 0680 0640 224.00 0.000 6.000 0.000 0.000 0.000 20170414112952
B0 0000 0000 0306 0000 0640 0640 0680 0640 224.00 0.000 6.000 0.000 0.000 0.000 20170414112952
B0 0000 0000 0306 0000 0640 0640 0680 0640 224.00 0.000 6.000 0.000 0.000 0.000 20170414112953
B0 0000 0000 0306 0000 0640 0640 0680 0640 224.00 0.000 6.000 0.000 0.000 0.000 20170414112953
B0 0000 0000 0306 0000 0640 0640 0680 0640 223.00 0.000 6.000 0.000 0.000 0.000 20170414112953
B0 0000 0000 0306 0000 0640 0640 0680 0640 223.00 0.000 6.000 0.000 0.000 0.000 20170414112953
B0 0000 0000 0306 0000 0640 0640 0680 0640 223.00 0.000 6.000 0.000 0.000 0.000 20170414112953
B0 0000 0000 0306 0000 0640 0640 0680 0640 223.00 0.000 6.000 0.000 0.000 0.000 20170414112953
B0 0000 0000 0306 0000 0640 0640 0680 0640 223.00 0.000 6.000 0.000 0.000 0.000 20170414112953
B0 0000 0000 0306 0000 0640 0640 0680 0640 223.00 0.000 6.000 0.000 0.000 0.000 20170414112953
B0 0000 0000 0306 0000 0640 0640 0680 0640 223.00 0.000 6.000 0.000 0.000 0.000 20170414112954
B0 0000 0000 0306 0000 0640 0640 0680 0640 223.00 0.000 6.000 0.000 0.000 0.000 20170414112954
B0 0000 0000 0306 0000 0640 0640 0680 0640 224.00 0.000 6.000 0.000 0.000 0.000 20170414112954
B0 0000 0000 0306 0000 0640 0640 0680 0640 224.00 0.000 6.000 0.000 0.000 0.000 20170414112954
B0 0000 0000 0306 0000 0640 0640 0680 0640 224.00 0.000 6.000 0.000 0.000 0.000 20170414112954
B0 0000 0000 0306 0000 0640 0640 0680 0640 223.00 0.000 6.000 0.000 0.000 0.000 20170414112954
B0 0000 0000 0306 0000 0640 0640 0680 0640 223.00 0.000 6.000 0.000 0.000 0.000 20170414112954
B0 0000 0000 0306 0000 0640 0640 0680 0640 224.00 0.000 6.000 0.000 0.000 0.000 20170414112954
B0 0000 0000 0306 0000 0640 0640 0680 0640 224.00 0.000 6.000 0.000 0.000 0.000 20170414112954
B0 0000 0000 0306 0000 0640 0640 0680 0640 223.00 0.000 6.000 0.000 0.000 0.000 20170414112955
B0 0000 0000 0306 0000 0640 0640 0680 0640 223.00 0.000 6.000 0.000 0.000 0.000 20170414112955
B0 0000 0000 0306 0000 0640 0640 0680 0640 223.00 0.000 6.000 0.000 0.000 0.000 20170414112955
B0 0000 0000 0306 0000 0640 0640 0680 0640 223.00 0.000 6.000 0.000 0.000 0.000 20170414112955
B0 0000 0000 0306 0000 0640 0640 0680 0640 223.00 0.000 6.000 0.000 0.000 0.000 20170414112955
B0 0000 0000 0306 0000 0640 0640 0680 0640 223.00 0.000 6.000 0.000 0.000 0.000 20170414112955
B0 0000 0000 0306 0000 0640 0640 0680 0640 223.00 0.000 6.000 0.000 0.000 0.000 20170414112955
B0 0000 0000 0306 0000 0640 0640 0680 0640 223.00 0.000 6.000 0.000 0.000 0.000 20170414112955
B0 000B 0000 0004 0000 0640 0640 0680 0640 295.00 0.000 6.000 0.000 0.000 0.000 20170414112956
B0 000B 0000 0004 0000 0640 0640 0680 0680 234.00 0.000 6.000 0.000 0.000 0.000 20170414112956
B0 000B 0000 0000 0000 0640 0640 0680 0640 0.00 0.000 0.000 0.000 0.000 0.000 20170414112956
B0 000B 0000 0000 0000 0640 0640 0680 0680 0.00 0.000 0.000 0.000 0.000 0.000 20170414112956
B0 000B 0000 0000 0000 0640 0640 0680 0680 0.00 0.000 0.000 0.000 0.000 0.000 20170414112956
B0 000B 0000 0000 0000 0640 0640 0680 0680 0.00 0.000 0.000 0.000 0.000 0.000 20170414112956
B0 000B 0000 0000 0000 0640 0640 0680 0680 0.00 0.000 0.000 0.000 0.000 0.000 20170414112956
B0 000B 0000 0000 0000 0640 0640 0680 0680 0.00 0.000 0.000 0.000 0.000 0.000 20170414112956
B0 000B 0000 0000 0000 0640 0640 0680 0680 0.00 0.000 0.000 0.000 0.000 0.000 20170414112956
B0 000B 0000 0000 0000 0640 0640 0680 0680 0.00 0.000 0.000 0.000 0.000 0.000 20170414112957
B0 000B 0000 0000 0000 0640 0640 0680 0680 0.00 0.000 0.000 0.000 0.000 0.000 20170414112957
B0 000B 0000 0000 0000 0640 0640 0680 0680 0.00 0.000 0.000 0.000 0.000 0.000 20170414112957
B0 000B 0000 0000 0000 0640 0640 0680 0680 0.00 0.000 0.000 0.000 0.000 0.000 20170414112957
B0 000B 0000 0000 0000 0640 0640 0680 0680 0.00 0.000 0.000 0.000 0.000 0.000 20170414112957
B0 000B 0000 0000 0000 0640 0640 0680 0680 0.00 0.000 0.000 0.000 0.000 0.000 20170414112957
B0 000B 0000 0000 0000 0640 0640 0680 0680 0.00 0.000 0.000 0.000 0.000 0.000 20170414112957
B0 000B 0000 0000 0000 0640 0640 0680 0680 0.00 0.000 0.000 0.000 0.000 0.000 20170414112957
B0 000B 0000 0000 0000 0640 0640 0680 0680 0.00 0.000 0.000 0.000 0.000 0.000 20170414112958
B0 000B 0000 0000 0000 0640 0640 0680 0680 0.00 0.000 0.000 0.000 0.000 0.000 20170414112958
B0 000B 0000 0000 0000 0640 0680 0680 0680 0.00 0.000 0.000 0.000 0.000 0.000 20170414112958
B0 000B 0000 0000 0000 0640 0640 0680 0680 0.00 0.000 0.000 0.000 0.000 0.000 20170414112958
B0 000B 0000 0000 0000 0640 0640 0680 0680 0.00 0.000 0.000 0.000 0.000 0.000 20170414112958
B0 000B 0000 0000 0000 0640 0640 0680 0680 0.00 0.000 0.000 0.000 0.000 0.000 20170414112958
B0 000B 0000 0000 0000 0640 0640 0680 0680 0.00 0.000 0.000 0.000 0.000 0.000 20170414112958
B0 000B 0000 0000 0000 0640 0680 0680 0680 0.00 0.000 0.000 0.000 0.000 0.000 20170414112958
